district_id,county_id,subcounty_id,parish_id,district,county,year,subcounty,parish,school_name,ownership,gender,grade,value
d102,c101,s101,p123,Kayunga,Bbaale,2022,Galiraya,Galiraya,Galiraya CU Primary School,Government,Male,Division 1,4
d102,c101,s101,p123,Kayunga,Bbaale,2022,Galiraya,Galiraya,Galiraya CU Primary School,Government,Female,Division 1,2
d102,c101,s101,p123,Kayunga,Bbaale,2022,Galiraya,Galiraya,Galiraya CU Primary School,Government,Male,Division 2,10
d102,c101,s101,p123,Kayunga,Bbaale,2022,Galiraya,Galiraya,Galiraya CU Primary School,Government,Female,Division 2,4
d102,c101,s101,p123,Kayunga,Bbaale,2022,Galiraya,Galiraya,Galiraya CU Primary School,Government,Male,Division 3,7
d102,c101,s101,p123,Kayunga,Bbaale,2022,Galiraya,Galiraya,Galiraya CU Primary School,Government,Female,Division 3,8
d102,c101,s101,p123,Kayunga,Bbaale,2022,Galiraya,Galiraya,Galiraya CU Primary School,Government,Male,Division 4,4
d102,c101,s101,p123,Kayunga,Bbaale,2022,Galiraya,Galiraya,Galiraya CU Primary School,Government,Female,Division 4,4
d102,c101,s101,p123,Kayunga,Bbaale,2022,Galiraya,Galiraya,Galiraya CU Primary School,Government,Male,Division U,14
d102,c101,s101,p123,Kayunga,Bbaale,2022,Galiraya,Galiraya,Galiraya CU Primary School,Government,Female,Division U,11
d102,c101,s101,p123,Kayunga,Bbaale,2022,Galiraya,Galiraya,Galiraya CU Primary School,Government,Male,Division X,4
d102,c101,s101,p123,Kayunga,Bbaale,2022,Galiraya,Galiraya,Galiraya CU Primary School,Government,Female,Division X,5
d102,c101,s101,p125,Kayunga,Bbaale,2022,Galiraya,Kasokwe,Kasokwe CU Primary School,Government,Male,Division 1,8
d102,c101,s101,p125,Kayunga,Bbaale,2022,Galiraya,Kasokwe,Kasokwe CU Primary School,Government,Female,Division 1,1
d102,c101,s101,p125,Kayunga,Bbaale,2022,Galiraya,Kasokwe,Kasokwe CU Primary School,Government,Male,Division 2,25
d102,c101,s101,p125,Kayunga,Bbaale,2022,Galiraya,Kasokwe,Kasokwe CU Primary School,Government,Female,Division 2,24
d102,c101,s101,p125,Kayunga,Bbaale,2022,Galiraya,Kasokwe,Kasokwe CU Primary School,Government,Male,Division 3,7
d102,c101,s101,p125,Kayunga,Bbaale,2022,Galiraya,Kasokwe,Kasokwe CU Primary School,Government,Female,Division 3,7
d102,c101,s101,p125,Kayunga,Bbaale,2022,Galiraya,Kasokwe,Kasokwe CU Primary School,Government,Male,Division 4,3
d102,c101,s101,p125,Kayunga,Bbaale,2022,Galiraya,Kasokwe,Kasokwe CU Primary School,Government,Female,Division 4,8
d102,c101,s101,p125,Kayunga,Bbaale,2022,Galiraya,Kasokwe,Kasokwe CU Primary School,Government,Male,Division U,0
d102,c101,s101,p125,Kayunga,Bbaale,2022,Galiraya,Kasokwe,Kasokwe CU Primary School,Government,Female,Division U,2
d102,c101,s101,p125,Kayunga,Bbaale,2022,Galiraya,Kasokwe,Kasokwe CU Primary School,Government,Male,Division X,2
d102,c101,s101,p125,Kayunga,Bbaale,2022,Galiraya,Kasokwe,Kasokwe CU Primary School,Government,Female,Division X,4
d102,c101,s101,p127,Kayunga,Bbaale,2022,Galiraya,Kirasa,Kirasa CU Primary School,Government,Male,Division 1,0
d102,c101,s101,p127,Kayunga,Bbaale,2022,Galiraya,Kirasa,Kirasa CU Primary School,Government,Female,Division 1,0
d102,c101,s101,p127,Kayunga,Bbaale,2022,Galiraya,Kirasa,Kirasa CU Primary School,Government,Male,Division 2,2
d102,c101,s101,p127,Kayunga,Bbaale,2022,Galiraya,Kirasa,Kirasa CU Primary School,Government,Female,Division 2,2
d102,c101,s101,p127,Kayunga,Bbaale,2022,Galiraya,Kirasa,Kirasa CU Primary School,Government,Male,Division 3,1
d102,c101,s101,p127,Kayunga,Bbaale,2022,Galiraya,Kirasa,Kirasa CU Primary School,Government,Female,Division 3,1
d102,c101,s101,p127,Kayunga,Bbaale,2022,Galiraya,Kirasa,Kirasa CU Primary School,Government,Male,Division 4,1
d102,c101,s101,p127,Kayunga,Bbaale,2022,Galiraya,Kirasa,Kirasa CU Primary School,Government,Female,Division 4,0
d102,c101,s101,p127,Kayunga,Bbaale,2022,Galiraya,Kirasa,Kirasa CU Primary School,Government,Male,Division U,5
d102,c101,s101,p127,Kayunga,Bbaale,2022,Galiraya,Kirasa,Kirasa CU Primary School,Government,Female,Division U,4
d102,c101,s101,p127,Kayunga,Bbaale,2022,Galiraya,Kirasa,Kirasa CU Primary School,Government,Male,Division X,3
d102,c101,s101,p127,Kayunga,Bbaale,2022,Galiraya,Kirasa,Kirasa CU Primary School,Government,Female,Division X,3
d102,c101,s101,p126,Kayunga,Bbaale,2022,Galiraya,Namayuge,Nakatuli RC Primary School,Government,Male,Division 1,0
d102,c101,s101,p126,Kayunga,Bbaale,2022,Galiraya,Namayuge,Nakatuli RC Primary School,Government,Female,Division 1,0
d102,c101,s101,p126,Kayunga,Bbaale,2022,Galiraya,Namayuge,Nakatuli RC Primary School,Government,Male,Division 2,2
d102,c101,s101,p126,Kayunga,Bbaale,2022,Galiraya,Namayuge,Nakatuli RC Primary School,Government,Female,Division 2,0
d102,c101,s101,p126,Kayunga,Bbaale,2022,Galiraya,Namayuge,Nakatuli RC Primary School,Government,Male,Division 3,1
d102,c101,s101,p126,Kayunga,Bbaale,2022,Galiraya,Namayuge,Nakatuli RC Primary School,Government,Female,Division 3,1
d102,c101,s101,p126,Kayunga,Bbaale,2022,Galiraya,Namayuge,Nakatuli RC Primary School,Government,Male,Division 4,4
d102,c101,s101,p126,Kayunga,Bbaale,2022,Galiraya,Namayuge,Nakatuli RC Primary School,Government,Female,Division 4,1
d102,c101,s101,p126,Kayunga,Bbaale,2022,Galiraya,Namayuge,Nakatuli RC Primary School,Government,Male,Division U,8
d102,c101,s101,p126,Kayunga,Bbaale,2022,Galiraya,Namayuge,Nakatuli RC Primary School,Government,Female,Division U,2
d102,c101,s101,p126,Kayunga,Bbaale,2022,Galiraya,Namayuge,Nakatuli RC Primary School,Government,Male,Division X,1
d102,c101,s101,p126,Kayunga,Bbaale,2022,Galiraya,Namayuge,Nakatuli RC Primary School,Government,Female,Division X,0
d102,c101,s101,p124,Kayunga,Bbaale,2022,Galiraya,Namalere,Namalere Primary School,Government,Male,Division 1,3
d102,c101,s101,p124,Kayunga,Bbaale,2022,Galiraya,Namalere,Namalere Primary School,Government,Female,Division 1,9
d102,c101,s101,p124,Kayunga,Bbaale,2022,Galiraya,Namalere,Namalere Primary School,Government,Male,Division 2,24
d102,c101,s101,p124,Kayunga,Bbaale,2022,Galiraya,Namalere,Namalere Primary School,Government,Female,Division 2,32
d102,c101,s101,p124,Kayunga,Bbaale,2022,Galiraya,Namalere,Namalere Primary School,Government,Male,Division 3,0
d102,c101,s101,p124,Kayunga,Bbaale,2022,Galiraya,Namalere,Namalere Primary School,Government,Female,Division 3,0
d102,c101,s101,p124,Kayunga,Bbaale,2022,Galiraya,Namalere,Namalere Primary School,Government,Male,Division 4,0
d102,c101,s101,p124,Kayunga,Bbaale,2022,Galiraya,Namalere,Namalere Primary School,Government,Female,Division 4,0
d102,c101,s101,p124,Kayunga,Bbaale,2022,Galiraya,Namalere,Namalere Primary School,Government,Male,Division U,0
d102,c101,s101,p124,Kayunga,Bbaale,2022,Galiraya,Namalere,Namalere Primary School,Government,Female,Division U,0
d102,c101,s101,p124,Kayunga,Bbaale,2022,Galiraya,Namalere,Namalere Primary School,Government,Male,Division X,0
d102,c101,s101,p124,Kayunga,Bbaale,2022,Galiraya,Namalere,Namalere Primary School,Government,Female,Division X,2
d102,c101,s101,p126,Kayunga,Bbaale,2022,Galiraya,Namayuge,Namayuge Primary School,Government,Male,Division 1,0
d102,c101,s101,p126,Kayunga,Bbaale,2022,Galiraya,Namayuge,Namayuge Primary School,Government,Female,Division 1,0
d102,c101,s101,p126,Kayunga,Bbaale,2022,Galiraya,Namayuge,Namayuge Primary School,Government,Male,Division 2,4
d102,c101,s101,p126,Kayunga,Bbaale,2022,Galiraya,Namayuge,Namayuge Primary School,Government,Female,Division 2,1
d102,c101,s101,p126,Kayunga,Bbaale,2022,Galiraya,Namayuge,Namayuge Primary School,Government,Male,Division 3,6
d102,c101,s101,p126,Kayunga,Bbaale,2022,Galiraya,Namayuge,Namayuge Primary School,Government,Female,Division 3,8
d102,c101,s101,p126,Kayunga,Bbaale,2022,Galiraya,Namayuge,Namayuge Primary School,Government,Male,Division 4,5
d102,c101,s101,p126,Kayunga,Bbaale,2022,Galiraya,Namayuge,Namayuge Primary School,Government,Female,Division 4,1
d102,c101,s101,p126,Kayunga,Bbaale,2022,Galiraya,Namayuge,Namayuge Primary School,Government,Male,Division U,4
d102,c101,s101,p126,Kayunga,Bbaale,2022,Galiraya,Namayuge,Namayuge Primary School,Government,Female,Division U,6
d102,c101,s101,p126,Kayunga,Bbaale,2022,Galiraya,Namayuge,Namayuge Primary School,Government,Male,Division X,0
d102,c101,s101,p126,Kayunga,Bbaale,2022,Galiraya,Namayuge,Namayuge Primary School,Government,Female,Division X,0
d102,c101,s101,p128,Kayunga,Bbaale,2022,Galiraya,Ntimba,Ntimba Primary School,Government,Male,Division 1,0
d102,c101,s101,p128,Kayunga,Bbaale,2022,Galiraya,Ntimba,Ntimba Primary School,Government,Female,Division 1,1
d102,c101,s101,p128,Kayunga,Bbaale,2022,Galiraya,Ntimba,Ntimba Primary School,Government,Male,Division 2,5
d102,c101,s101,p128,Kayunga,Bbaale,2022,Galiraya,Ntimba,Ntimba Primary School,Government,Female,Division 2,2
d102,c101,s101,p128,Kayunga,Bbaale,2022,Galiraya,Ntimba,Ntimba Primary School,Government,Male,Division 3,5
d102,c101,s101,p128,Kayunga,Bbaale,2022,Galiraya,Ntimba,Ntimba Primary School,Government,Female,Division 3,5
d102,c101,s101,p128,Kayunga,Bbaale,2022,Galiraya,Ntimba,Ntimba Primary School,Government,Male,Division 4,7
d102,c101,s101,p128,Kayunga,Bbaale,2022,Galiraya,Ntimba,Ntimba Primary School,Government,Female,Division 4,2
d102,c101,s101,p128,Kayunga,Bbaale,2022,Galiraya,Ntimba,Ntimba Primary School,Government,Male,Division U,9
d102,c101,s101,p128,Kayunga,Bbaale,2022,Galiraya,Ntimba,Ntimba Primary School,Government,Female,Division U,10
d102,c101,s101,p128,Kayunga,Bbaale,2022,Galiraya,Ntimba,Ntimba Primary School,Government,Male,Division X,4
d102,c101,s101,p128,Kayunga,Bbaale,2022,Galiraya,Ntimba,Ntimba Primary School,Government,Female,Division X,2
d102,c101,s101,p123,Kayunga,Bbaale,2022,Galiraya,Galiraya,St Kizito Kidibya Primary School,Government,Male,Division 1,0
d102,c101,s101,p123,Kayunga,Bbaale,2022,Galiraya,Galiraya,St Kizito Kidibya Primary School,Government,Female,Division 1,0
d102,c101,s101,p123,Kayunga,Bbaale,2022,Galiraya,Galiraya,St Kizito Kidibya Primary School,Government,Male,Division 2,4
d102,c101,s101,p123,Kayunga,Bbaale,2022,Galiraya,Galiraya,St Kizito Kidibya Primary School,Government,Female,Division 2,6
d102,c101,s101,p123,Kayunga,Bbaale,2022,Galiraya,Galiraya,St Kizito Kidibya Primary School,Government,Male,Division 3,4
d102,c101,s101,p123,Kayunga,Bbaale,2022,Galiraya,Galiraya,St Kizito Kidibya Primary School,Government,Female,Division 3,5
d102,c101,s101,p123,Kayunga,Bbaale,2022,Galiraya,Galiraya,St Kizito Kidibya Primary School,Government,Male,Division 4,3
d102,c101,s101,p123,Kayunga,Bbaale,2022,Galiraya,Galiraya,St Kizito Kidibya Primary School,Government,Female,Division 4,1
d102,c101,s101,p123,Kayunga,Bbaale,2022,Galiraya,Galiraya,St Kizito Kidibya Primary School,Government,Male,Division U,8
d102,c101,s101,p123,Kayunga,Bbaale,2022,Galiraya,Galiraya,St Kizito Kidibya Primary School,Government,Female,Division U,6
d102,c101,s101,p123,Kayunga,Bbaale,2022,Galiraya,Galiraya,St Kizito Kidibya Primary School,Government,Male,Division X,2
d102,c101,s101,p123,Kayunga,Bbaale,2022,Galiraya,Galiraya,St Kizito Kidibya Primary School,Government,Female,Division X,1
d102,c101,s102,p109,Kayunga,Bbaale,2022,Bbaale,Bbaale,Bbaale CU Primary School,Government,Male,Division 1,1
d102,c101,s102,p109,Kayunga,Bbaale,2022,Bbaale,Bbaale,Bbaale CU Primary School,Government,Female,Division 1,0
d102,c101,s102,p109,Kayunga,Bbaale,2022,Bbaale,Bbaale,Bbaale CU Primary School,Government,Male,Division 2,17
d102,c101,s102,p109,Kayunga,Bbaale,2022,Bbaale,Bbaale,Bbaale CU Primary School,Government,Female,Division 2,28
d102,c101,s102,p109,Kayunga,Bbaale,2022,Bbaale,Bbaale,Bbaale CU Primary School,Government,Male,Division 3,5
d102,c101,s102,p109,Kayunga,Bbaale,2022,Bbaale,Bbaale,Bbaale CU Primary School,Government,Female,Division 3,7
d102,c101,s102,p109,Kayunga,Bbaale,2022,Bbaale,Bbaale,Bbaale CU Primary School,Government,Male,Division 4,10
d102,c101,s102,p109,Kayunga,Bbaale,2022,Bbaale,Bbaale,Bbaale CU Primary School,Government,Female,Division 4,12
d102,c101,s102,p109,Kayunga,Bbaale,2022,Bbaale,Bbaale,Bbaale CU Primary School,Government,Male,Division U,28
d102,c101,s102,p109,Kayunga,Bbaale,2022,Bbaale,Bbaale,Bbaale CU Primary School,Government,Female,Division U,17
d102,c101,s102,p109,Kayunga,Bbaale,2022,Bbaale,Bbaale,Bbaale CU Primary School,Government,Male,Division X,7
d102,c101,s102,p109,Kayunga,Bbaale,2022,Bbaale,Bbaale,Bbaale CU Primary School,Government,Female,Division X,3
d102,c101,s102,p111,Kayunga,Bbaale,2022,Bbaale,Kavule,Gayaza CU Primary School,Government,Male,Division 1,0
d102,c101,s102,p111,Kayunga,Bbaale,2022,Bbaale,Kavule,Gayaza CU Primary School,Government,Female,Division 1,0
d102,c101,s102,p111,Kayunga,Bbaale,2022,Bbaale,Kavule,Gayaza CU Primary School,Government,Male,Division 2,5
d102,c101,s102,p111,Kayunga,Bbaale,2022,Bbaale,Kavule,Gayaza CU Primary School,Government,Female,Division 2,6
d102,c101,s102,p111,Kayunga,Bbaale,2022,Bbaale,Kavule,Gayaza CU Primary School,Government,Male,Division 3,7
d102,c101,s102,p111,Kayunga,Bbaale,2022,Bbaale,Kavule,Gayaza CU Primary School,Government,Female,Division 3,11
d102,c101,s102,p111,Kayunga,Bbaale,2022,Bbaale,Kavule,Gayaza CU Primary School,Government,Male,Division 4,7
d102,c101,s102,p111,Kayunga,Bbaale,2022,Bbaale,Kavule,Gayaza CU Primary School,Government,Female,Division 4,7
d102,c101,s102,p111,Kayunga,Bbaale,2022,Bbaale,Kavule,Gayaza CU Primary School,Government,Male,Division U,4
d102,c101,s102,p111,Kayunga,Bbaale,2022,Bbaale,Kavule,Gayaza CU Primary School,Government,Female,Division U,9
d102,c101,s102,p111,Kayunga,Bbaale,2022,Bbaale,Kavule,Gayaza CU Primary School,Government,Male,Division X,0
d102,c101,s102,p111,Kayunga,Bbaale,2022,Bbaale,Kavule,Gayaza CU Primary School,Government,Female,Division X,3
d102,c101,s102,p110,Kayunga,Bbaale,2022,Bbaale,Misanga,Misanga CU Primary School,Government,Male,Division 1,3
d102,c101,s102,p110,Kayunga,Bbaale,2022,Bbaale,Misanga,Misanga CU Primary School,Government,Female,Division 1,0
d102,c101,s102,p110,Kayunga,Bbaale,2022,Bbaale,Misanga,Misanga CU Primary School,Government,Male,Division 2,10
d102,c101,s102,p110,Kayunga,Bbaale,2022,Bbaale,Misanga,Misanga CU Primary School,Government,Female,Division 2,14
d102,c101,s102,p110,Kayunga,Bbaale,2022,Bbaale,Misanga,Misanga CU Primary School,Government,Male,Division 3,2
d102,c101,s102,p110,Kayunga,Bbaale,2022,Bbaale,Misanga,Misanga CU Primary School,Government,Female,Division 3,2
d102,c101,s102,p110,Kayunga,Bbaale,2022,Bbaale,Misanga,Misanga CU Primary School,Government,Male,Division 4,1
d102,c101,s102,p110,Kayunga,Bbaale,2022,Bbaale,Misanga,Misanga CU Primary School,Government,Female,Division 4,0
d102,c101,s102,p110,Kayunga,Bbaale,2022,Bbaale,Misanga,Misanga CU Primary School,Government,Male,Division U,0
d102,c101,s102,p110,Kayunga,Bbaale,2022,Bbaale,Misanga,Misanga CU Primary School,Government,Female,Division U,0
d102,c101,s102,p110,Kayunga,Bbaale,2022,Bbaale,Misanga,Misanga CU Primary School,Government,Male,Division X,3
d102,c101,s102,p110,Kayunga,Bbaale,2022,Bbaale,Misanga,Misanga CU Primary School,Government,Female,Division X,0
d102,c101,s102,p112,Kayunga,Bbaale,2022,Bbaale,Mugongo,Mugongo Primary School,Government,Male,Division 1,0
d102,c101,s102,p112,Kayunga,Bbaale,2022,Bbaale,Mugongo,Mugongo Primary School,Government,Female,Division 1,0
d102,c101,s102,p112,Kayunga,Bbaale,2022,Bbaale,Mugongo,Mugongo Primary School,Government,Male,Division 2,5
d102,c101,s102,p112,Kayunga,Bbaale,2022,Bbaale,Mugongo,Mugongo Primary School,Government,Female,Division 2,1
d102,c101,s102,p112,Kayunga,Bbaale,2022,Bbaale,Mugongo,Mugongo Primary School,Government,Male,Division 3,2
d102,c101,s102,p112,Kayunga,Bbaale,2022,Bbaale,Mugongo,Mugongo Primary School,Government,Female,Division 3,4
d102,c101,s102,p112,Kayunga,Bbaale,2022,Bbaale,Mugongo,Mugongo Primary School,Government,Male,Division 4,1
d102,c101,s102,p112,Kayunga,Bbaale,2022,Bbaale,Mugongo,Mugongo Primary School,Government,Female,Division 4,1
d102,c101,s102,p112,Kayunga,Bbaale,2022,Bbaale,Mugongo,Mugongo Primary School,Government,Male,Division U,12
d102,c101,s102,p112,Kayunga,Bbaale,2022,Bbaale,Mugongo,Mugongo Primary School,Government,Female,Division U,6
d102,c101,s102,p112,Kayunga,Bbaale,2022,Bbaale,Mugongo,Mugongo Primary School,Government,Male,Division X,1
d102,c101,s102,p112,Kayunga,Bbaale,2022,Bbaale,Mugongo,Mugongo Primary School,Government,Female,Division X,4
d102,c101,s102,p111,Kayunga,Bbaale,2022,Bbaale,Kavule,Namataala Primary School,Government,Male,Division 1,1
d102,c101,s102,p111,Kayunga,Bbaale,2022,Bbaale,Kavule,Namataala Primary School,Government,Female,Division 1,0
d102,c101,s102,p111,Kayunga,Bbaale,2022,Bbaale,Kavule,Namataala Primary School,Government,Male,Division 2,18
d102,c101,s102,p111,Kayunga,Bbaale,2022,Bbaale,Kavule,Namataala Primary School,Government,Female,Division 2,19
d102,c101,s102,p111,Kayunga,Bbaale,2022,Bbaale,Kavule,Namataala Primary School,Government,Male,Division 3,4
d102,c101,s102,p111,Kayunga,Bbaale,2022,Bbaale,Kavule,Namataala Primary School,Government,Female,Division 3,12
d102,c101,s102,p111,Kayunga,Bbaale,2022,Bbaale,Kavule,Namataala Primary School,Government,Male,Division 4,9
d102,c101,s102,p111,Kayunga,Bbaale,2022,Bbaale,Kavule,Namataala Primary School,Government,Female,Division 4,12
d102,c101,s102,p111,Kayunga,Bbaale,2022,Bbaale,Kavule,Namataala Primary School,Government,Male,Division U,5
d102,c101,s102,p111,Kayunga,Bbaale,2022,Bbaale,Kavule,Namataala Primary School,Government,Female,Division U,12
d102,c101,s102,p111,Kayunga,Bbaale,2022,Bbaale,Kavule,Namataala Primary School,Government,Male,Division X,1
d102,c101,s102,p111,Kayunga,Bbaale,2022,Bbaale,Kavule,Namataala Primary School,Government,Female,Division X,4
d102,c101,s102,p113,Kayunga,Bbaale,2022,Bbaale,Kokotero,Tangoye Parents Primary School,Government,Male,Division 1,0
d102,c101,s102,p113,Kayunga,Bbaale,2022,Bbaale,Kokotero,Tangoye Parents Primary School,Government,Female,Division 1,0
d102,c101,s102,p113,Kayunga,Bbaale,2022,Bbaale,Kokotero,Tangoye Parents Primary School,Government,Male,Division 2,0
d102,c101,s102,p113,Kayunga,Bbaale,2022,Bbaale,Kokotero,Tangoye Parents Primary School,Government,Female,Division 2,0
d102,c101,s102,p113,Kayunga,Bbaale,2022,Bbaale,Kokotero,Tangoye Parents Primary School,Government,Male,Division 3,0
d102,c101,s102,p113,Kayunga,Bbaale,2022,Bbaale,Kokotero,Tangoye Parents Primary School,Government,Female,Division 3,1
d102,c101,s102,p113,Kayunga,Bbaale,2022,Bbaale,Kokotero,Tangoye Parents Primary School,Government,Male,Division 4,1
d102,c101,s102,p113,Kayunga,Bbaale,2022,Bbaale,Kokotero,Tangoye Parents Primary School,Government,Female,Division 4,0
d102,c101,s102,p113,Kayunga,Bbaale,2022,Bbaale,Kokotero,Tangoye Parents Primary School,Government,Male,Division U,5
d102,c101,s102,p113,Kayunga,Bbaale,2022,Bbaale,Kokotero,Tangoye Parents Primary School,Government,Female,Division U,4
d102,c101,s102,p113,Kayunga,Bbaale,2022,Bbaale,Kokotero,Tangoye Parents Primary School,Government,Male,Division X,3
d102,c101,s102,p113,Kayunga,Bbaale,2022,Bbaale,Kokotero,Tangoye Parents Primary School,Government,Female,Division X,2
d102,c101,s103,p152,Kayunga,Bbaale,2022,Kayonza,Kamusabi,Bugatto RC Primary School,Government,Male,Division 1,1
d102,c101,s103,p152,Kayunga,Bbaale,2022,Kayonza,Kamusabi,Bugatto RC Primary School,Government,Female,Division 1,0
d102,c101,s103,p152,Kayunga,Bbaale,2022,Kayonza,Kamusabi,Bugatto RC Primary School,Government,Male,Division 2,6
d102,c101,s103,p152,Kayunga,Bbaale,2022,Kayonza,Kamusabi,Bugatto RC Primary School,Government,Female,Division 2,10
d102,c101,s103,p152,Kayunga,Bbaale,2022,Kayonza,Kamusabi,Bugatto RC Primary School,Government,Male,Division 3,0
d102,c101,s103,p152,Kayunga,Bbaale,2022,Kayonza,Kamusabi,Bugatto RC Primary School,Government,Female,Division 3,7
d102,c101,s103,p152,Kayunga,Bbaale,2022,Kayonza,Kamusabi,Bugatto RC Primary School,Government,Male,Division 4,1
d102,c101,s103,p152,Kayunga,Bbaale,2022,Kayonza,Kamusabi,Bugatto RC Primary School,Government,Female,Division 4,1
d102,c101,s103,p152,Kayunga,Bbaale,2022,Kayonza,Kamusabi,Bugatto RC Primary School,Government,Male,Division U,2
d102,c101,s103,p152,Kayunga,Bbaale,2022,Kayonza,Kamusabi,Bugatto RC Primary School,Government,Female,Division U,2
d102,c101,s103,p152,Kayunga,Bbaale,2022,Kayonza,Kamusabi,Bugatto RC Primary School,Government,Male,Division X,0
d102,c101,s103,p152,Kayunga,Bbaale,2022,Kayonza,Kamusabi,Bugatto RC Primary School,Government,Female,Division X,3
d102,c101,s103,p154,Kayunga,Bbaale,2022,Kayonza,Kitwe,Bugoma Primary School,Government,Male,Division 1,0
d102,c101,s103,p154,Kayunga,Bbaale,2022,Kayonza,Kitwe,Bugoma Primary School,Government,Female,Division 1,0
d102,c101,s103,p154,Kayunga,Bbaale,2022,Kayonza,Kitwe,Bugoma Primary School,Government,Male,Division 2,3
d102,c101,s103,p154,Kayunga,Bbaale,2022,Kayonza,Kitwe,Bugoma Primary School,Government,Female,Division 2,2
d102,c101,s103,p154,Kayunga,Bbaale,2022,Kayonza,Kitwe,Bugoma Primary School,Government,Male,Division 3,2
d102,c101,s103,p154,Kayunga,Bbaale,2022,Kayonza,Kitwe,Bugoma Primary School,Government,Female,Division 3,5
d102,c101,s103,p154,Kayunga,Bbaale,2022,Kayonza,Kitwe,Bugoma Primary School,Government,Male,Division 4,5
d102,c101,s103,p154,Kayunga,Bbaale,2022,Kayonza,Kitwe,Bugoma Primary School,Government,Female,Division 4,3
d102,c101,s103,p154,Kayunga,Bbaale,2022,Kayonza,Kitwe,Bugoma Primary School,Government,Male,Division U,11
d102,c101,s103,p154,Kayunga,Bbaale,2022,Kayonza,Kitwe,Bugoma Primary School,Government,Female,Division U,8
d102,c101,s103,p154,Kayunga,Bbaale,2022,Kayonza,Kitwe,Bugoma Primary School,Government,Male,Division X,3
d102,c101,s103,p154,Kayunga,Bbaale,2022,Kayonza,Kitwe,Bugoma Primary School,Government,Female,Division X,1
d102,c101,s103,p158,Kayunga,Bbaale,2022,Kayonza,Namizo,Bujwaya CU Primary School,Government,Male,Division 1,0
d102,c101,s103,p158,Kayunga,Bbaale,2022,Kayonza,Namizo,Bujwaya CU Primary School,Government,Female,Division 1,0
d102,c101,s103,p158,Kayunga,Bbaale,2022,Kayonza,Namizo,Bujwaya CU Primary School,Government,Male,Division 2,3
d102,c101,s103,p158,Kayunga,Bbaale,2022,Kayonza,Namizo,Bujwaya CU Primary School,Government,Female,Division 2,0
d102,c101,s103,p158,Kayunga,Bbaale,2022,Kayonza,Namizo,Bujwaya CU Primary School,Government,Male,Division 3,8
d102,c101,s103,p158,Kayunga,Bbaale,2022,Kayonza,Namizo,Bujwaya CU Primary School,Government,Female,Division 3,3
d102,c101,s103,p158,Kayunga,Bbaale,2022,Kayonza,Namizo,Bujwaya CU Primary School,Government,Male,Division 4,4
d102,c101,s103,p158,Kayunga,Bbaale,2022,Kayonza,Namizo,Bujwaya CU Primary School,Government,Female,Division 4,4
d102,c101,s103,p158,Kayunga,Bbaale,2022,Kayonza,Namizo,Bujwaya CU Primary School,Government,Male,Division U,4
d102,c101,s103,p158,Kayunga,Bbaale,2022,Kayonza,Namizo,Bujwaya CU Primary School,Government,Female,Division U,5
d102,c101,s103,p158,Kayunga,Bbaale,2022,Kayonza,Namizo,Bujwaya CU Primary School,Government,Male,Division X,0
d102,c101,s103,p158,Kayunga,Bbaale,2022,Kayonza,Namizo,Bujwaya CU Primary School,Government,Female,Division X,0
d102,c101,s103,p150,Kayunga,Bbaale,2022,Kayonza,Balisanga,Bwalala Primary School,Government,Male,Division 1,1
d102,c101,s103,p150,Kayunga,Bbaale,2022,Kayonza,Balisanga,Bwalala Primary School,Government,Female,Division 1,0
d102,c101,s103,p150,Kayunga,Bbaale,2022,Kayonza,Balisanga,Bwalala Primary School,Government,Male,Division 2,2
d102,c101,s103,p150,Kayunga,Bbaale,2022,Kayonza,Balisanga,Bwalala Primary School,Government,Female,Division 2,6
d102,c101,s103,p150,Kayunga,Bbaale,2022,Kayonza,Balisanga,Bwalala Primary School,Government,Male,Division 3,1
d102,c101,s103,p150,Kayunga,Bbaale,2022,Kayonza,Balisanga,Bwalala Primary School,Government,Female,Division 3,3
d102,c101,s103,p150,Kayunga,Bbaale,2022,Kayonza,Balisanga,Bwalala Primary School,Government,Male,Division 4,1
d102,c101,s103,p150,Kayunga,Bbaale,2022,Kayonza,Balisanga,Bwalala Primary School,Government,Female,Division 4,2
d102,c101,s103,p150,Kayunga,Bbaale,2022,Kayonza,Balisanga,Bwalala Primary School,Government,Male,Division U,3
d102,c101,s103,p150,Kayunga,Bbaale,2022,Kayonza,Balisanga,Bwalala Primary School,Government,Female,Division U,6
d102,c101,s103,p150,Kayunga,Bbaale,2022,Kayonza,Balisanga,Bwalala Primary School,Government,Male,Division X,3
d102,c101,s103,p150,Kayunga,Bbaale,2022,Kayonza,Balisanga,Bwalala Primary School,Government,Female,Division X,3
d102,c101,s103,p152,Kayunga,Bbaale,2022,Kayonza,Kamusabi,Kamusabi Primary School,Government,Male,Division 1,0
d102,c101,s103,p152,Kayunga,Bbaale,2022,Kayonza,Kamusabi,Kamusabi Primary School,Government,Female,Division 1,0
d102,c101,s103,p152,Kayunga,Bbaale,2022,Kayonza,Kamusabi,Kamusabi Primary School,Government,Male,Division 2,2
d102,c101,s103,p152,Kayunga,Bbaale,2022,Kayonza,Kamusabi,Kamusabi Primary School,Government,Female,Division 2,1
d102,c101,s103,p152,Kayunga,Bbaale,2022,Kayonza,Kamusabi,Kamusabi Primary School,Government,Male,Division 3,2
d102,c101,s103,p152,Kayunga,Bbaale,2022,Kayonza,Kamusabi,Kamusabi Primary School,Government,Female,Division 3,3
d102,c101,s103,p152,Kayunga,Bbaale,2022,Kayonza,Kamusabi,Kamusabi Primary School,Government,Male,Division 4,2
d102,c101,s103,p152,Kayunga,Bbaale,2022,Kayonza,Kamusabi,Kamusabi Primary School,Government,Female,Division 4,1
d102,c101,s103,p152,Kayunga,Bbaale,2022,Kayonza,Kamusabi,Kamusabi Primary School,Government,Male,Division U,9
d102,c101,s103,p152,Kayunga,Bbaale,2022,Kayonza,Kamusabi,Kamusabi Primary School,Government,Female,Division U,5
d102,c101,s103,p152,Kayunga,Bbaale,2022,Kayonza,Kamusabi,Kamusabi Primary School,Government,Male,Division X,1
d102,c101,s103,p152,Kayunga,Bbaale,2022,Kayonza,Kamusabi,Kamusabi Primary School,Government,Female,Division X,0
d102,c101,s103,p157,Kayunga,Bbaale,2022,Kayonza,Namaliri,Kawolokota CU Primary School,Government,Male,Division 1,1
d102,c101,s103,p157,Kayunga,Bbaale,2022,Kayonza,Namaliri,Kawolokota CU Primary School,Government,Female,Division 1,0
d102,c101,s103,p157,Kayunga,Bbaale,2022,Kayonza,Namaliri,Kawolokota CU Primary School,Government,Male,Division 2,6
d102,c101,s103,p157,Kayunga,Bbaale,2022,Kayonza,Namaliri,Kawolokota CU Primary School,Government,Female,Division 2,3
d102,c101,s103,p157,Kayunga,Bbaale,2022,Kayonza,Namaliri,Kawolokota CU Primary School,Government,Male,Division 3,10
d102,c101,s103,p157,Kayunga,Bbaale,2022,Kayonza,Namaliri,Kawolokota CU Primary School,Government,Female,Division 3,10
d102,c101,s103,p157,Kayunga,Bbaale,2022,Kayonza,Namaliri,Kawolokota CU Primary School,Government,Male,Division 4,3
d102,c101,s103,p157,Kayunga,Bbaale,2022,Kayonza,Namaliri,Kawolokota CU Primary School,Government,Female,Division 4,15
d102,c101,s103,p157,Kayunga,Bbaale,2022,Kayonza,Namaliri,Kawolokota CU Primary School,Government,Male,Division U,8
d102,c101,s103,p157,Kayunga,Bbaale,2022,Kayonza,Namaliri,Kawolokota CU Primary School,Government,Female,Division U,4
d102,c101,s103,p157,Kayunga,Bbaale,2022,Kayonza,Namaliri,Kawolokota CU Primary School,Government,Male,Division X,0
d102,c101,s103,p157,Kayunga,Bbaale,2022,Kayonza,Namaliri,Kawolokota CU Primary School,Government,Female,Division X,4
d102,c101,s103,p157,Kayunga,Bbaale,2022,Kayonza,Namaliri,Kawolokota RC Primary School,Government,Male,Division 1,0
d102,c101,s103,p157,Kayunga,Bbaale,2022,Kayonza,Namaliri,Kawolokota RC Primary School,Government,Female,Division 1,0
d102,c101,s103,p157,Kayunga,Bbaale,2022,Kayonza,Namaliri,Kawolokota RC Primary School,Government,Male,Division 2,3
d102,c101,s103,p157,Kayunga,Bbaale,2022,Kayonza,Namaliri,Kawolokota RC Primary School,Government,Female,Division 2,7
d102,c101,s103,p157,Kayunga,Bbaale,2022,Kayonza,Namaliri,Kawolokota RC Primary School,Government,Male,Division 3,9
d102,c101,s103,p157,Kayunga,Bbaale,2022,Kayonza,Namaliri,Kawolokota RC Primary School,Government,Female,Division 3,11
d102,c101,s103,p157,Kayunga,Bbaale,2022,Kayonza,Namaliri,Kawolokota RC Primary School,Government,Male,Division 4,3
d102,c101,s103,p157,Kayunga,Bbaale,2022,Kayonza,Namaliri,Kawolokota RC Primary School,Government,Female,Division 4,6
d102,c101,s103,p157,Kayunga,Bbaale,2022,Kayonza,Namaliri,Kawolokota RC Primary School,Government,Male,Division U,4
d102,c101,s103,p157,Kayunga,Bbaale,2022,Kayonza,Namaliri,Kawolokota RC Primary School,Government,Female,Division U,10
d102,c101,s103,p157,Kayunga,Bbaale,2022,Kayonza,Namaliri,Kawolokota RC Primary School,Government,Male,Division X,1
d102,c101,s103,p157,Kayunga,Bbaale,2022,Kayonza,Namaliri,Kawolokota RC Primary School,Government,Female,Division X,2
d102,c101,s103,p157,Kayunga,Bbaale,2022,Kayonza,Namaliri,Kayonza Primary School,Government,Male,Division 1,0
d102,c101,s103,p157,Kayunga,Bbaale,2022,Kayonza,Namaliri,Kayonza Primary School,Government,Female,Division 1,0
d102,c101,s103,p157,Kayunga,Bbaale,2022,Kayonza,Namaliri,Kayonza Primary School,Government,Male,Division 2,10
d102,c101,s103,p157,Kayunga,Bbaale,2022,Kayonza,Namaliri,Kayonza Primary School,Government,Female,Division 2,18
d102,c101,s103,p157,Kayunga,Bbaale,2022,Kayonza,Namaliri,Kayonza Primary School,Government,Male,Division 3,4
d102,c101,s103,p157,Kayunga,Bbaale,2022,Kayonza,Namaliri,Kayonza Primary School,Government,Female,Division 3,8
d102,c101,s103,p157,Kayunga,Bbaale,2022,Kayonza,Namaliri,Kayonza Primary School,Government,Male,Division 4,3
d102,c101,s103,p157,Kayunga,Bbaale,2022,Kayonza,Namaliri,Kayonza Primary School,Government,Female,Division 4,7
d102,c101,s103,p157,Kayunga,Bbaale,2022,Kayonza,Namaliri,Kayonza Primary School,Government,Male,Division U,0
d102,c101,s103,p157,Kayunga,Bbaale,2022,Kayonza,Namaliri,Kayonza Primary School,Government,Female,Division U,0
d102,c101,s103,p157,Kayunga,Bbaale,2022,Kayonza,Namaliri,Kayonza Primary School,Government,Male,Division X,4
d102,c101,s103,p157,Kayunga,Bbaale,2022,Kayonza,Namaliri,Kayonza Primary School,Government,Female,Division X,2
d102,c101,s103,p156,Kayunga,Bbaale,2022,Kayonza,Nakyesanja,Kirimantoogo RC Primary School,Government,Male,Division 1,0
d102,c101,s103,p156,Kayunga,Bbaale,2022,Kayonza,Nakyesanja,Kirimantoogo RC Primary School,Government,Female,Division 1,0
d102,c101,s103,p156,Kayunga,Bbaale,2022,Kayonza,Nakyesanja,Kirimantoogo RC Primary School,Government,Male,Division 2,1
d102,c101,s103,p156,Kayunga,Bbaale,2022,Kayonza,Nakyesanja,Kirimantoogo RC Primary School,Government,Female,Division 2,3
d102,c101,s103,p156,Kayunga,Bbaale,2022,Kayonza,Nakyesanja,Kirimantoogo RC Primary School,Government,Male,Division 3,1
d102,c101,s103,p156,Kayunga,Bbaale,2022,Kayonza,Nakyesanja,Kirimantoogo RC Primary School,Government,Female,Division 3,6
d102,c101,s103,p156,Kayunga,Bbaale,2022,Kayonza,Nakyesanja,Kirimantoogo RC Primary School,Government,Male,Division 4,1
d102,c101,s103,p156,Kayunga,Bbaale,2022,Kayonza,Nakyesanja,Kirimantoogo RC Primary School,Government,Female,Division 4,2
d102,c101,s103,p156,Kayunga,Bbaale,2022,Kayonza,Nakyesanja,Kirimantoogo RC Primary School,Government,Male,Division U,2
d102,c101,s103,p156,Kayunga,Bbaale,2022,Kayonza,Nakyesanja,Kirimantoogo RC Primary School,Government,Female,Division U,2
d102,c101,s103,p156,Kayunga,Bbaale,2022,Kayonza,Nakyesanja,Kirimantoogo RC Primary School,Government,Male,Division X,0
d102,c101,s103,p156,Kayunga,Bbaale,2022,Kayonza,Nakyesanja,Kirimantoogo RC Primary School,Government,Female,Division X,1
d102,c101,s103,p154,Kayunga,Bbaale,2022,Kayonza,Kitwe,Kitwe RC Primary School,Government,Male,Division 1,0
d102,c101,s103,p154,Kayunga,Bbaale,2022,Kayonza,Kitwe,Kitwe RC Primary School,Government,Female,Division 1,0
d102,c101,s103,p154,Kayunga,Bbaale,2022,Kayonza,Kitwe,Kitwe RC Primary School,Government,Male,Division 2,11
d102,c101,s103,p154,Kayunga,Bbaale,2022,Kayonza,Kitwe,Kitwe RC Primary School,Government,Female,Division 2,11
d102,c101,s103,p154,Kayunga,Bbaale,2022,Kayonza,Kitwe,Kitwe RC Primary School,Government,Male,Division 3,11
d102,c101,s103,p154,Kayunga,Bbaale,2022,Kayonza,Kitwe,Kitwe RC Primary School,Government,Female,Division 3,16
d102,c101,s103,p154,Kayunga,Bbaale,2022,Kayonza,Kitwe,Kitwe RC Primary School,Government,Male,Division 4,2
d102,c101,s103,p154,Kayunga,Bbaale,2022,Kayonza,Kitwe,Kitwe RC Primary School,Government,Female,Division 4,8
d102,c101,s103,p154,Kayunga,Bbaale,2022,Kayonza,Kitwe,Kitwe RC Primary School,Government,Male,Division U,12
d102,c101,s103,p154,Kayunga,Bbaale,2022,Kayonza,Kitwe,Kitwe RC Primary School,Government,Female,Division U,24
d102,c101,s103,p154,Kayunga,Bbaale,2022,Kayonza,Kitwe,Kitwe RC Primary School,Government,Male,Division X,8
d102,c101,s103,p154,Kayunga,Bbaale,2022,Kayonza,Kitwe,Kitwe RC Primary School,Government,Female,Division X,4
d102,c101,s103,p158,Kayunga,Bbaale,2022,Kayonza,Namizo,Kyebuye RC Primary School,Government,Male,Division 1,0
d102,c101,s103,p158,Kayunga,Bbaale,2022,Kayonza,Namizo,Kyebuye RC Primary School,Government,Female,Division 1,0
d102,c101,s103,p158,Kayunga,Bbaale,2022,Kayonza,Namizo,Kyebuye RC Primary School,Government,Male,Division 2,0
d102,c101,s103,p158,Kayunga,Bbaale,2022,Kayonza,Namizo,Kyebuye RC Primary School,Government,Female,Division 2,2
d102,c101,s103,p158,Kayunga,Bbaale,2022,Kayonza,Namizo,Kyebuye RC Primary School,Government,Male,Division 3,4
d102,c101,s103,p158,Kayunga,Bbaale,2022,Kayonza,Namizo,Kyebuye RC Primary School,Government,Female,Division 3,1
d102,c101,s103,p158,Kayunga,Bbaale,2022,Kayonza,Namizo,Kyebuye RC Primary School,Government,Male,Division 4,4
d102,c101,s103,p158,Kayunga,Bbaale,2022,Kayonza,Namizo,Kyebuye RC Primary School,Government,Female,Division 4,2
d102,c101,s103,p158,Kayunga,Bbaale,2022,Kayonza,Namizo,Kyebuye RC Primary School,Government,Male,Division U,6
d102,c101,s103,p158,Kayunga,Bbaale,2022,Kayonza,Namizo,Kyebuye RC Primary School,Government,Female,Division U,6
d102,c101,s103,p158,Kayunga,Bbaale,2022,Kayonza,Namizo,Kyebuye RC Primary School,Government,Male,Division X,1
d102,c101,s103,p158,Kayunga,Bbaale,2022,Kayonza,Namizo,Kyebuye RC Primary School,Government,Female,Division X,0
d102,c101,s103,p157,Kayunga,Bbaale,2022,Kayonza,Namaliri,Lugasa Primary School,Government,Male,Division 1,0
d102,c101,s103,p157,Kayunga,Bbaale,2022,Kayonza,Namaliri,Lugasa Primary School,Government,Female,Division 1,1
d102,c101,s103,p157,Kayunga,Bbaale,2022,Kayonza,Namaliri,Lugasa Primary School,Government,Male,Division 2,10
d102,c101,s103,p157,Kayunga,Bbaale,2022,Kayonza,Namaliri,Lugasa Primary School,Government,Female,Division 2,5
d102,c101,s103,p157,Kayunga,Bbaale,2022,Kayonza,Namaliri,Lugasa Primary School,Government,Male,Division 3,6
d102,c101,s103,p157,Kayunga,Bbaale,2022,Kayonza,Namaliri,Lugasa Primary School,Government,Female,Division 3,7
d102,c101,s103,p157,Kayunga,Bbaale,2022,Kayonza,Namaliri,Lugasa Primary School,Government,Male,Division 4,0
d102,c101,s103,p157,Kayunga,Bbaale,2022,Kayonza,Namaliri,Lugasa Primary School,Government,Female,Division 4,5
d102,c101,s103,p157,Kayunga,Bbaale,2022,Kayonza,Namaliri,Lugasa Primary School,Government,Male,Division U,5
d102,c101,s103,p157,Kayunga,Bbaale,2022,Kayonza,Namaliri,Lugasa Primary School,Government,Female,Division U,7
d102,c101,s103,p157,Kayunga,Bbaale,2022,Kayonza,Namaliri,Lugasa Primary School,Government,Male,Division X,0
d102,c101,s103,p157,Kayunga,Bbaale,2022,Kayonza,Namaliri,Lugasa Primary School,Government,Female,Division X,0
d102,c101,s103,p152,Kayunga,Bbaale,2022,Kayonza,Kamusabi,Lukonda Public Primary School,Government,Male,Division 1,0
d102,c101,s103,p152,Kayunga,Bbaale,2022,Kayonza,Kamusabi,Lukonda Public Primary School,Government,Female,Division 1,0
d102,c101,s103,p152,Kayunga,Bbaale,2022,Kayonza,Kamusabi,Lukonda Public Primary School,Government,Male,Division 2,4
d102,c101,s103,p152,Kayunga,Bbaale,2022,Kayonza,Kamusabi,Lukonda Public Primary School,Government,Female,Division 2,6
d102,c101,s103,p152,Kayunga,Bbaale,2022,Kayonza,Kamusabi,Lukonda Public Primary School,Government,Male,Division 3,5
d102,c101,s103,p152,Kayunga,Bbaale,2022,Kayonza,Kamusabi,Lukonda Public Primary School,Government,Female,Division 3,3
d102,c101,s103,p152,Kayunga,Bbaale,2022,Kayonza,Kamusabi,Lukonda Public Primary School,Government,Male,Division 4,2
d102,c101,s103,p152,Kayunga,Bbaale,2022,Kayonza,Kamusabi,Lukonda Public Primary School,Government,Female,Division 4,2
d102,c101,s103,p152,Kayunga,Bbaale,2022,Kayonza,Kamusabi,Lukonda Public Primary School,Government,Male,Division U,4
d102,c101,s103,p152,Kayunga,Bbaale,2022,Kayonza,Kamusabi,Lukonda Public Primary School,Government,Female,Division U,8
d102,c101,s103,p152,Kayunga,Bbaale,2022,Kayonza,Kamusabi,Lukonda Public Primary School,Government,Male,Division X,0
d102,c101,s103,p152,Kayunga,Bbaale,2022,Kayonza,Kamusabi,Lukonda Public Primary School,Government,Female,Division X,1
d102,c101,s103,p153,Kayunga,Bbaale,2022,Kayonza,Kanywero,Lwabyata Parents Primary School,Government,Male,Division 1,0
d102,c101,s103,p153,Kayunga,Bbaale,2022,Kayonza,Kanywero,Lwabyata Parents Primary School,Government,Female,Division 1,0
d102,c101,s103,p153,Kayunga,Bbaale,2022,Kayonza,Kanywero,Lwabyata Parents Primary School,Government,Male,Division 2,5
d102,c101,s103,p153,Kayunga,Bbaale,2022,Kayonza,Kanywero,Lwabyata Parents Primary School,Government,Female,Division 2,3
d102,c101,s103,p153,Kayunga,Bbaale,2022,Kayonza,Kanywero,Lwabyata Parents Primary School,Government,Male,Division 3,4
d102,c101,s103,p153,Kayunga,Bbaale,2022,Kayonza,Kanywero,Lwabyata Parents Primary School,Government,Female,Division 3,2
d102,c101,s103,p153,Kayunga,Bbaale,2022,Kayonza,Kanywero,Lwabyata Parents Primary School,Government,Male,Division 4,2
d102,c101,s103,p153,Kayunga,Bbaale,2022,Kayonza,Kanywero,Lwabyata Parents Primary School,Government,Female,Division 4,7
d102,c101,s103,p153,Kayunga,Bbaale,2022,Kayonza,Kanywero,Lwabyata Parents Primary School,Government,Male,Division U,9
d102,c101,s103,p153,Kayunga,Bbaale,2022,Kayonza,Kanywero,Lwabyata Parents Primary School,Government,Female,Division U,5
d102,c101,s103,p153,Kayunga,Bbaale,2022,Kayonza,Kanywero,Lwabyata Parents Primary School,Government,Male,Division X,0
d102,c101,s103,p153,Kayunga,Bbaale,2022,Kayonza,Kanywero,Lwabyata Parents Primary School,Government,Female,Division X,1
d102,c101,s103,p155,Kayunga,Bbaale,2022,Kayonza,Nakyesa,Nakyessa Bright Future Primary School,Government,Male,Division 1,1
d102,c101,s103,p155,Kayunga,Bbaale,2022,Kayonza,Nakyesa,Nakyessa Bright Future Primary School,Government,Female,Division 1,0
d102,c101,s103,p155,Kayunga,Bbaale,2022,Kayonza,Nakyesa,Nakyessa Bright Future Primary School,Government,Male,Division 2,18
d102,c101,s103,p155,Kayunga,Bbaale,2022,Kayonza,Nakyesa,Nakyessa Bright Future Primary School,Government,Female,Division 2,16
d102,c101,s103,p155,Kayunga,Bbaale,2022,Kayonza,Nakyesa,Nakyessa Bright Future Primary School,Government,Male,Division 3,9
d102,c101,s103,p155,Kayunga,Bbaale,2022,Kayonza,Nakyesa,Nakyessa Bright Future Primary School,Government,Female,Division 3,14
d102,c101,s103,p155,Kayunga,Bbaale,2022,Kayonza,Nakyesa,Nakyessa Bright Future Primary School,Government,Male,Division 4,0
d102,c101,s103,p155,Kayunga,Bbaale,2022,Kayonza,Nakyesa,Nakyessa Bright Future Primary School,Government,Female,Division 4,9
d102,c101,s103,p155,Kayunga,Bbaale,2022,Kayonza,Nakyesa,Nakyessa Bright Future Primary School,Government,Male,Division U,4
d102,c101,s103,p155,Kayunga,Bbaale,2022,Kayonza,Nakyesa,Nakyessa Bright Future Primary School,Government,Female,Division U,8
d102,c101,s103,p155,Kayunga,Bbaale,2022,Kayonza,Nakyesa,Nakyessa Bright Future Primary School,Government,Male,Division X,0
d102,c101,s103,p155,Kayunga,Bbaale,2022,Kayonza,Nakyesa,Nakyessa Bright Future Primary School,Government,Female,Division X,1
d102,c101,s103,p155,Kayunga,Bbaale,2022,Kayonza,Nakyesa,Nakyessa Day And Boarding Primary School,Private,Male,Division 1,0
d102,c101,s103,p155,Kayunga,Bbaale,2022,Kayonza,Nakyesa,Nakyessa Day And Boarding Primary School,Private,Female,Division 1,0
d102,c101,s103,p155,Kayunga,Bbaale,2022,Kayonza,Nakyesa,Nakyessa Day And Boarding Primary School,Private,Male,Division 2,5
d102,c101,s103,p155,Kayunga,Bbaale,2022,Kayonza,Nakyesa,Nakyessa Day And Boarding Primary School,Private,Female,Division 2,4
d102,c101,s103,p155,Kayunga,Bbaale,2022,Kayonza,Nakyesa,Nakyessa Day And Boarding Primary School,Private,Male,Division 3,6
d102,c101,s103,p155,Kayunga,Bbaale,2022,Kayonza,Nakyesa,Nakyessa Day And Boarding Primary School,Private,Female,Division 3,2
d102,c101,s103,p155,Kayunga,Bbaale,2022,Kayonza,Nakyesa,Nakyessa Day And Boarding Primary School,Private,Male,Division 4,2
d102,c101,s103,p155,Kayunga,Bbaale,2022,Kayonza,Nakyesa,Nakyessa Day And Boarding Primary School,Private,Female,Division 4,0
d102,c101,s103,p155,Kayunga,Bbaale,2022,Kayonza,Nakyesa,Nakyessa Day And Boarding Primary School,Private,Male,Division U,2
d102,c101,s103,p155,Kayunga,Bbaale,2022,Kayonza,Nakyesa,Nakyessa Day And Boarding Primary School,Private,Female,Division U,3
d102,c101,s103,p155,Kayunga,Bbaale,2022,Kayonza,Nakyesa,Nakyessa Day And Boarding Primary School,Private,Male,Division X,0
d102,c101,s103,p155,Kayunga,Bbaale,2022,Kayonza,Nakyesa,Nakyessa Day And Boarding Primary School,Private,Female,Division X,0
d102,c101,s103,p155,Kayunga,Bbaale,2022,Kayonza,Nakyesa,Nakyessa Moslem Primary School,Government,Male,Division 1,0
d102,c101,s103,p155,Kayunga,Bbaale,2022,Kayonza,Nakyesa,Nakyessa Moslem Primary School,Government,Female,Division 1,0
d102,c101,s103,p155,Kayunga,Bbaale,2022,Kayonza,Nakyesa,Nakyessa Moslem Primary School,Government,Male,Division 2,11
d102,c101,s103,p155,Kayunga,Bbaale,2022,Kayonza,Nakyesa,Nakyessa Moslem Primary School,Government,Female,Division 2,6
d102,c101,s103,p155,Kayunga,Bbaale,2022,Kayonza,Nakyesa,Nakyessa Moslem Primary School,Government,Male,Division 3,10
d102,c101,s103,p155,Kayunga,Bbaale,2022,Kayonza,Nakyesa,Nakyessa Moslem Primary School,Government,Female,Division 3,11
d102,c101,s103,p155,Kayunga,Bbaale,2022,Kayonza,Nakyesa,Nakyessa Moslem Primary School,Government,Male,Division 4,5
d102,c101,s103,p155,Kayunga,Bbaale,2022,Kayonza,Nakyesa,Nakyessa Moslem Primary School,Government,Female,Division 4,5
d102,c101,s103,p155,Kayunga,Bbaale,2022,Kayonza,Nakyesa,Nakyessa Moslem Primary School,Government,Male,Division U,8
d102,c101,s103,p155,Kayunga,Bbaale,2022,Kayonza,Nakyesa,Nakyessa Moslem Primary School,Government,Female,Division U,9
d102,c101,s103,p155,Kayunga,Bbaale,2022,Kayonza,Nakyesa,Nakyessa Moslem Primary School,Government,Male,Division X,1
d102,c101,s103,p155,Kayunga,Bbaale,2022,Kayonza,Nakyesa,Nakyessa Moslem Primary School,Government,Female,Division X,0
d102,c101,s103,p155,Kayunga,Bbaale,2022,Kayonza,Nakyesa,Namatogonya CU Primary School,Government,Male,Division 1,1
d102,c101,s103,p155,Kayunga,Bbaale,2022,Kayonza,Nakyesa,Namatogonya CU Primary School,Government,Female,Division 1,0
d102,c101,s103,p155,Kayunga,Bbaale,2022,Kayonza,Nakyesa,Namatogonya CU Primary School,Government,Male,Division 2,16
d102,c101,s103,p155,Kayunga,Bbaale,2022,Kayonza,Nakyesa,Namatogonya CU Primary School,Government,Female,Division 2,4
d102,c101,s103,p155,Kayunga,Bbaale,2022,Kayonza,Nakyesa,Namatogonya CU Primary School,Government,Male,Division 3,6
d102,c101,s103,p155,Kayunga,Bbaale,2022,Kayonza,Nakyesa,Namatogonya CU Primary School,Government,Female,Division 3,2
d102,c101,s103,p155,Kayunga,Bbaale,2022,Kayonza,Nakyesa,Namatogonya CU Primary School,Government,Male,Division 4,4
d102,c101,s103,p155,Kayunga,Bbaale,2022,Kayonza,Nakyesa,Namatogonya CU Primary School,Government,Female,Division 4,4
d102,c101,s103,p155,Kayunga,Bbaale,2022,Kayonza,Nakyesa,Namatogonya CU Primary School,Government,Male,Division U,3
d102,c101,s103,p155,Kayunga,Bbaale,2022,Kayonza,Nakyesa,Namatogonya CU Primary School,Government,Female,Division U,5
d102,c101,s103,p155,Kayunga,Bbaale,2022,Kayonza,Nakyesa,Namatogonya CU Primary School,Government,Male,Division X,1
d102,c101,s103,p155,Kayunga,Bbaale,2022,Kayonza,Nakyesa,Namatogonya CU Primary School,Government,Female,Division X,5
d102,c101,s103,p158,Kayunga,Bbaale,2022,Kayonza,Namizo,Namavundu RC Primary School,Government,Male,Division 1,0
d102,c101,s103,p158,Kayunga,Bbaale,2022,Kayonza,Namizo,Namavundu RC Primary School,Government,Female,Division 1,0
d102,c101,s103,p158,Kayunga,Bbaale,2022,Kayonza,Namizo,Namavundu RC Primary School,Government,Male,Division 2,0
d102,c101,s103,p158,Kayunga,Bbaale,2022,Kayonza,Namizo,Namavundu RC Primary School,Government,Female,Division 2,0
d102,c101,s103,p158,Kayunga,Bbaale,2022,Kayonza,Namizo,Namavundu RC Primary School,Government,Male,Division 3,1
d102,c101,s103,p158,Kayunga,Bbaale,2022,Kayonza,Namizo,Namavundu RC Primary School,Government,Female,Division 3,0
d102,c101,s103,p158,Kayunga,Bbaale,2022,Kayonza,Namizo,Namavundu RC Primary School,Government,Male,Division 4,2
d102,c101,s103,p158,Kayunga,Bbaale,2022,Kayonza,Namizo,Namavundu RC Primary School,Government,Female,Division 4,3
d102,c101,s103,p158,Kayunga,Bbaale,2022,Kayonza,Namizo,Namavundu RC Primary School,Government,Male,Division U,8
d102,c101,s103,p158,Kayunga,Bbaale,2022,Kayonza,Namizo,Namavundu RC Primary School,Government,Female,Division U,2
d102,c101,s103,p158,Kayunga,Bbaale,2022,Kayonza,Namizo,Namavundu RC Primary School,Government,Male,Division X,2
d102,c101,s103,p158,Kayunga,Bbaale,2022,Kayonza,Namizo,Namavundu RC Primary School,Government,Female,Division X,0
d102,c101,s103,p158,Kayunga,Bbaale,2022,Kayonza,Namizo,Namizo UMEA Primary School,Government,Male,Division 1,0
d102,c101,s103,p158,Kayunga,Bbaale,2022,Kayonza,Namizo,Namizo UMEA Primary School,Government,Female,Division 1,0
d102,c101,s103,p158,Kayunga,Bbaale,2022,Kayonza,Namizo,Namizo UMEA Primary School,Government,Male,Division 2,1
d102,c101,s103,p158,Kayunga,Bbaale,2022,Kayonza,Namizo,Namizo UMEA Primary School,Government,Female,Division 2,2
d102,c101,s103,p158,Kayunga,Bbaale,2022,Kayonza,Namizo,Namizo UMEA Primary School,Government,Male,Division 3,2
d102,c101,s103,p158,Kayunga,Bbaale,2022,Kayonza,Namizo,Namizo UMEA Primary School,Government,Female,Division 3,9
d102,c101,s103,p158,Kayunga,Bbaale,2022,Kayonza,Namizo,Namizo UMEA Primary School,Government,Male,Division 4,5
d102,c101,s103,p158,Kayunga,Bbaale,2022,Kayonza,Namizo,Namizo UMEA Primary School,Government,Female,Division 4,10
d102,c101,s103,p158,Kayunga,Bbaale,2022,Kayonza,Namizo,Namizo UMEA Primary School,Government,Male,Division U,9
d102,c101,s103,p158,Kayunga,Bbaale,2022,Kayonza,Namizo,Namizo UMEA Primary School,Government,Female,Division U,10
d102,c101,s103,p158,Kayunga,Bbaale,2022,Kayonza,Namizo,Namizo UMEA Primary School,Government,Male,Division X,0
d102,c101,s103,p158,Kayunga,Bbaale,2022,Kayonza,Namizo,Namizo UMEA Primary School,Government,Female,Division X,0
d102,c101,s103,p151,Kayunga,Bbaale,2022,Kayonza,Kafumba,Nyondo RC Primary School,Government,Male,Division 1,0
d102,c101,s103,p151,Kayunga,Bbaale,2022,Kayonza,Kafumba,Nyondo RC Primary School,Government,Female,Division 1,0
d102,c101,s103,p151,Kayunga,Bbaale,2022,Kayonza,Kafumba,Nyondo RC Primary School,Government,Male,Division 2,6
d102,c101,s103,p151,Kayunga,Bbaale,2022,Kayonza,Kafumba,Nyondo RC Primary School,Government,Female,Division 2,1
d102,c101,s103,p151,Kayunga,Bbaale,2022,Kayonza,Kafumba,Nyondo RC Primary School,Government,Male,Division 3,2
d102,c101,s103,p151,Kayunga,Bbaale,2022,Kayonza,Kafumba,Nyondo RC Primary School,Government,Female,Division 3,2
d102,c101,s103,p151,Kayunga,Bbaale,2022,Kayonza,Kafumba,Nyondo RC Primary School,Government,Male,Division 4,0
d102,c101,s103,p151,Kayunga,Bbaale,2022,Kayonza,Kafumba,Nyondo RC Primary School,Government,Female,Division 4,2
d102,c101,s103,p151,Kayunga,Bbaale,2022,Kayonza,Kafumba,Nyondo RC Primary School,Government,Male,Division U,6
d102,c101,s103,p151,Kayunga,Bbaale,2022,Kayonza,Kafumba,Nyondo RC Primary School,Government,Female,Division U,10
d102,c101,s103,p151,Kayunga,Bbaale,2022,Kayonza,Kafumba,Nyondo RC Primary School,Government,Male,Division X,2
d102,c101,s103,p151,Kayunga,Bbaale,2022,Kayonza,Kafumba,Nyondo RC Primary School,Government,Female,Division X,1
d102,c101,s103,p157,Kayunga,Bbaale,2022,Kayonza,Namaliri,St Jude Kayonza RC Primary School,Government,Male,Division 1,0
d102,c101,s103,p157,Kayunga,Bbaale,2022,Kayonza,Namaliri,St Jude Kayonza RC Primary School,Government,Female,Division 1,1
d102,c101,s103,p157,Kayunga,Bbaale,2022,Kayonza,Namaliri,St Jude Kayonza RC Primary School,Government,Male,Division 2,2
d102,c101,s103,p157,Kayunga,Bbaale,2022,Kayonza,Namaliri,St Jude Kayonza RC Primary School,Government,Female,Division 2,3
d102,c101,s103,p157,Kayunga,Bbaale,2022,Kayonza,Namaliri,St Jude Kayonza RC Primary School,Government,Male,Division 3,1
d102,c101,s103,p157,Kayunga,Bbaale,2022,Kayonza,Namaliri,St Jude Kayonza RC Primary School,Government,Female,Division 3,2
d102,c101,s103,p157,Kayunga,Bbaale,2022,Kayonza,Namaliri,St Jude Kayonza RC Primary School,Government,Male,Division 4,2
d102,c101,s103,p157,Kayunga,Bbaale,2022,Kayonza,Namaliri,St Jude Kayonza RC Primary School,Government,Female,Division 4,1
d102,c101,s103,p157,Kayunga,Bbaale,2022,Kayonza,Namaliri,St Jude Kayonza RC Primary School,Government,Male,Division U,3
d102,c101,s103,p157,Kayunga,Bbaale,2022,Kayonza,Namaliri,St Jude Kayonza RC Primary School,Government,Female,Division U,4
d102,c101,s103,p157,Kayunga,Bbaale,2022,Kayonza,Namaliri,St Jude Kayonza RC Primary School,Government,Male,Division X,4
d102,c101,s103,p157,Kayunga,Bbaale,2022,Kayonza,Namaliri,St Jude Kayonza RC Primary School,Government,Female,Division X,2
d102,c101,s103,p153,Kayunga,Bbaale,2022,Kayonza,Kanywero,Wabunyonyi CU Primary School,Government,Male,Division 1,0
d102,c101,s103,p153,Kayunga,Bbaale,2022,Kayonza,Kanywero,Wabunyonyi CU Primary School,Government,Female,Division 1,1
d102,c101,s103,p153,Kayunga,Bbaale,2022,Kayonza,Kanywero,Wabunyonyi CU Primary School,Government,Male,Division 2,2
d102,c101,s103,p153,Kayunga,Bbaale,2022,Kayonza,Kanywero,Wabunyonyi CU Primary School,Government,Female,Division 2,5
d102,c101,s103,p153,Kayunga,Bbaale,2022,Kayonza,Kanywero,Wabunyonyi CU Primary School,Government,Male,Division 3,3
d102,c101,s103,p153,Kayunga,Bbaale,2022,Kayonza,Kanywero,Wabunyonyi CU Primary School,Government,Female,Division 3,0
d102,c101,s103,p153,Kayunga,Bbaale,2022,Kayonza,Kanywero,Wabunyonyi CU Primary School,Government,Male,Division 4,4
d102,c101,s103,p153,Kayunga,Bbaale,2022,Kayonza,Kanywero,Wabunyonyi CU Primary School,Government,Female,Division 4,4
d102,c101,s103,p153,Kayunga,Bbaale,2022,Kayonza,Kanywero,Wabunyonyi CU Primary School,Government,Male,Division U,8
d102,c101,s103,p153,Kayunga,Bbaale,2022,Kayonza,Kanywero,Wabunyonyi CU Primary School,Government,Female,Division U,6
d102,c101,s103,p153,Kayunga,Bbaale,2022,Kayonza,Kanywero,Wabunyonyi CU Primary School,Government,Male,Division X,0
d102,c101,s103,p153,Kayunga,Bbaale,2022,Kayonza,Kanywero,Wabunyonyi CU Primary School,Government,Female,Division X,1
d102,c101,s103,p153,Kayunga,Bbaale,2022,Kayonza,Kanywero,Wunga Primary School,Government,Male,Division 1,0
d102,c101,s103,p153,Kayunga,Bbaale,2022,Kayonza,Kanywero,Wunga Primary School,Government,Female,Division 1,0
d102,c101,s103,p153,Kayunga,Bbaale,2022,Kayonza,Kanywero,Wunga Primary School,Government,Male,Division 2,1
d102,c101,s103,p153,Kayunga,Bbaale,2022,Kayonza,Kanywero,Wunga Primary School,Government,Female,Division 2,2
d102,c101,s103,p153,Kayunga,Bbaale,2022,Kayonza,Kanywero,Wunga Primary School,Government,Male,Division 3,2
d102,c101,s103,p153,Kayunga,Bbaale,2022,Kayonza,Kanywero,Wunga Primary School,Government,Female,Division 3,4
d102,c101,s103,p153,Kayunga,Bbaale,2022,Kayonza,Kanywero,Wunga Primary School,Government,Male,Division 4,3
d102,c101,s103,p153,Kayunga,Bbaale,2022,Kayonza,Kanywero,Wunga Primary School,Government,Female,Division 4,1
d102,c101,s103,p153,Kayunga,Bbaale,2022,Kayonza,Kanywero,Wunga Primary School,Government,Male,Division U,7
d102,c101,s103,p153,Kayunga,Bbaale,2022,Kayonza,Kanywero,Wunga Primary School,Government,Female,Division U,7
d102,c101,s103,p153,Kayunga,Bbaale,2022,Kayonza,Kanywero,Wunga Primary School,Government,Male,Division X,7
d102,c101,s103,p153,Kayunga,Bbaale,2022,Kayonza,Kanywero,Wunga Primary School,Government,Female,Division X,2
d102,c101,s104,p144,Kayunga,Bbaale,2022,Kitimbwa,Nakivubo,Bisaka Primary School,Government,Male,Division 1,0
d102,c101,s104,p144,Kayunga,Bbaale,2022,Kitimbwa,Nakivubo,Bisaka Primary School,Government,Female,Division 1,0
d102,c101,s104,p144,Kayunga,Bbaale,2022,Kitimbwa,Nakivubo,Bisaka Primary School,Government,Male,Division 2,12
d102,c101,s104,p144,Kayunga,Bbaale,2022,Kitimbwa,Nakivubo,Bisaka Primary School,Government,Female,Division 2,11
d102,c101,s104,p144,Kayunga,Bbaale,2022,Kitimbwa,Nakivubo,Bisaka Primary School,Government,Male,Division 3,1
d102,c101,s104,p144,Kayunga,Bbaale,2022,Kitimbwa,Nakivubo,Bisaka Primary School,Government,Female,Division 3,2
d102,c101,s104,p144,Kayunga,Bbaale,2022,Kitimbwa,Nakivubo,Bisaka Primary School,Government,Male,Division 4,1
d102,c101,s104,p144,Kayunga,Bbaale,2022,Kitimbwa,Nakivubo,Bisaka Primary School,Government,Female,Division 4,5
d102,c101,s104,p144,Kayunga,Bbaale,2022,Kitimbwa,Nakivubo,Bisaka Primary School,Government,Male,Division U,0
d102,c101,s104,p144,Kayunga,Bbaale,2022,Kitimbwa,Nakivubo,Bisaka Primary School,Government,Female,Division U,0
d102,c101,s104,p144,Kayunga,Bbaale,2022,Kitimbwa,Nakivubo,Bisaka Primary School,Government,Male,Division X,0
d102,c101,s104,p144,Kayunga,Bbaale,2022,Kitimbwa,Nakivubo,Bisaka Primary School,Government,Female,Division X,4
d102,c101,s104,p143,Kayunga,Bbaale,2022,Kitimbwa,Nkokonjeru,Bulawula Primary School,Government,Male,Division 1,1
d102,c101,s104,p143,Kayunga,Bbaale,2022,Kitimbwa,Nkokonjeru,Bulawula Primary School,Government,Female,Division 1,0
d102,c101,s104,p143,Kayunga,Bbaale,2022,Kitimbwa,Nkokonjeru,Bulawula Primary School,Government,Male,Division 2,1
d102,c101,s104,p143,Kayunga,Bbaale,2022,Kitimbwa,Nkokonjeru,Bulawula Primary School,Government,Female,Division 2,2
d102,c101,s104,p143,Kayunga,Bbaale,2022,Kitimbwa,Nkokonjeru,Bulawula Primary School,Government,Male,Division 3,2
d102,c101,s104,p143,Kayunga,Bbaale,2022,Kitimbwa,Nkokonjeru,Bulawula Primary School,Government,Female,Division 3,6
d102,c101,s104,p143,Kayunga,Bbaale,2022,Kitimbwa,Nkokonjeru,Bulawula Primary School,Government,Male,Division 4,5
d102,c101,s104,p143,Kayunga,Bbaale,2022,Kitimbwa,Nkokonjeru,Bulawula Primary School,Government,Female,Division 4,6
d102,c101,s104,p143,Kayunga,Bbaale,2022,Kitimbwa,Nkokonjeru,Bulawula Primary School,Government,Male,Division U,8
d102,c101,s104,p143,Kayunga,Bbaale,2022,Kitimbwa,Nkokonjeru,Bulawula Primary School,Government,Female,Division U,13
d102,c101,s104,p143,Kayunga,Bbaale,2022,Kitimbwa,Nkokonjeru,Bulawula Primary School,Government,Male,Division X,3
d102,c101,s104,p143,Kayunga,Bbaale,2022,Kitimbwa,Nkokonjeru,Bulawula Primary School,Government,Female,Division X,3
d102,c101,s104,p139,Kayunga,Bbaale,2022,Kitimbwa,Kitatya,Kitatya CU Primary School,Government,Male,Division 1,4
d102,c101,s104,p139,Kayunga,Bbaale,2022,Kitimbwa,Kitatya,Kitatya CU Primary School,Government,Female,Division 1,0
d102,c101,s104,p139,Kayunga,Bbaale,2022,Kitimbwa,Kitatya,Kitatya CU Primary School,Government,Male,Division 2,32
d102,c101,s104,p139,Kayunga,Bbaale,2022,Kitimbwa,Kitatya,Kitatya CU Primary School,Government,Female,Division 2,35
d102,c101,s104,p139,Kayunga,Bbaale,2022,Kitimbwa,Kitatya,Kitatya CU Primary School,Government,Male,Division 3,4
d102,c101,s104,p139,Kayunga,Bbaale,2022,Kitimbwa,Kitatya,Kitatya CU Primary School,Government,Female,Division 3,5
d102,c101,s104,p139,Kayunga,Bbaale,2022,Kitimbwa,Kitatya,Kitatya CU Primary School,Government,Male,Division 4,3
d102,c101,s104,p139,Kayunga,Bbaale,2022,Kitimbwa,Kitatya,Kitatya CU Primary School,Government,Female,Division 4,1
d102,c101,s104,p139,Kayunga,Bbaale,2022,Kitimbwa,Kitatya,Kitatya CU Primary School,Government,Male,Division U,0
d102,c101,s104,p139,Kayunga,Bbaale,2022,Kitimbwa,Kitatya,Kitatya CU Primary School,Government,Female,Division U,0
d102,c101,s104,p139,Kayunga,Bbaale,2022,Kitimbwa,Kitatya,Kitatya CU Primary School,Government,Male,Division X,0
d102,c101,s104,p139,Kayunga,Bbaale,2022,Kitimbwa,Kitatya,Kitatya CU Primary School,Government,Female,Division X,4
d102,c101,s104,p139,Kayunga,Bbaale,2022,Kitimbwa,Kitatya,Kitatya RC Primary School,Government,Male,Division 1,2
d102,c101,s104,p139,Kayunga,Bbaale,2022,Kitimbwa,Kitatya,Kitatya RC Primary School,Government,Female,Division 1,0
d102,c101,s104,p139,Kayunga,Bbaale,2022,Kitimbwa,Kitatya,Kitatya RC Primary School,Government,Male,Division 2,13
d102,c101,s104,p139,Kayunga,Bbaale,2022,Kitimbwa,Kitatya,Kitatya RC Primary School,Government,Female,Division 2,11
d102,c101,s104,p139,Kayunga,Bbaale,2022,Kitimbwa,Kitatya,Kitatya RC Primary School,Government,Male,Division 3,21
d102,c101,s104,p139,Kayunga,Bbaale,2022,Kitimbwa,Kitatya,Kitatya RC Primary School,Government,Female,Division 3,17
d102,c101,s104,p139,Kayunga,Bbaale,2022,Kitimbwa,Kitatya,Kitatya RC Primary School,Government,Male,Division 4,2
d102,c101,s104,p139,Kayunga,Bbaale,2022,Kitimbwa,Kitatya,Kitatya RC Primary School,Government,Female,Division 4,8
d102,c101,s104,p139,Kayunga,Bbaale,2022,Kitimbwa,Kitatya,Kitatya RC Primary School,Government,Male,Division U,7
d102,c101,s104,p139,Kayunga,Bbaale,2022,Kitimbwa,Kitatya,Kitatya RC Primary School,Government,Female,Division U,18
d102,c101,s104,p139,Kayunga,Bbaale,2022,Kitimbwa,Kitatya,Kitatya RC Primary School,Government,Male,Division X,2
d102,c101,s104,p139,Kayunga,Bbaale,2022,Kitimbwa,Kitatya,Kitatya RC Primary School,Government,Female,Division X,2
d102,c101,s104,p142,Kayunga,Bbaale,2022,Kitimbwa,Kyerima,Nakaseeta CU Primary School,Government,Male,Division 1,0
d102,c101,s104,p142,Kayunga,Bbaale,2022,Kitimbwa,Kyerima,Nakaseeta CU Primary School,Government,Female,Division 1,0
d102,c101,s104,p142,Kayunga,Bbaale,2022,Kitimbwa,Kyerima,Nakaseeta CU Primary School,Government,Male,Division 2,7
d102,c101,s104,p142,Kayunga,Bbaale,2022,Kitimbwa,Kyerima,Nakaseeta CU Primary School,Government,Female,Division 2,12
d102,c101,s104,p142,Kayunga,Bbaale,2022,Kitimbwa,Kyerima,Nakaseeta CU Primary School,Government,Male,Division 3,1
d102,c101,s104,p142,Kayunga,Bbaale,2022,Kitimbwa,Kyerima,Nakaseeta CU Primary School,Government,Female,Division 3,5
d102,c101,s104,p142,Kayunga,Bbaale,2022,Kitimbwa,Kyerima,Nakaseeta CU Primary School,Government,Male,Division 4,4
d102,c101,s104,p142,Kayunga,Bbaale,2022,Kitimbwa,Kyerima,Nakaseeta CU Primary School,Government,Female,Division 4,9
d102,c101,s104,p142,Kayunga,Bbaale,2022,Kitimbwa,Kyerima,Nakaseeta CU Primary School,Government,Male,Division U,7
d102,c101,s104,p142,Kayunga,Bbaale,2022,Kitimbwa,Kyerima,Nakaseeta CU Primary School,Government,Female,Division U,5
d102,c101,s104,p142,Kayunga,Bbaale,2022,Kitimbwa,Kyerima,Nakaseeta CU Primary School,Government,Male,Division X,0
d102,c101,s104,p142,Kayunga,Bbaale,2022,Kitimbwa,Kyerima,Nakaseeta CU Primary School,Government,Female,Division X,0
d102,c101,s104,p144,Kayunga,Bbaale,2022,Kitimbwa,Nakivubo,Nakivubo CU Primary School,Government,Male,Division 1,1
d102,c101,s104,p144,Kayunga,Bbaale,2022,Kitimbwa,Nakivubo,Nakivubo CU Primary School,Government,Female,Division 1,1
d102,c101,s104,p144,Kayunga,Bbaale,2022,Kitimbwa,Nakivubo,Nakivubo CU Primary School,Government,Male,Division 2,8
d102,c101,s104,p144,Kayunga,Bbaale,2022,Kitimbwa,Nakivubo,Nakivubo CU Primary School,Government,Female,Division 2,6
d102,c101,s104,p144,Kayunga,Bbaale,2022,Kitimbwa,Nakivubo,Nakivubo CU Primary School,Government,Male,Division 3,17
d102,c101,s104,p144,Kayunga,Bbaale,2022,Kitimbwa,Nakivubo,Nakivubo CU Primary School,Government,Female,Division 3,15
d102,c101,s104,p144,Kayunga,Bbaale,2022,Kitimbwa,Nakivubo,Nakivubo CU Primary School,Government,Male,Division 4,6
d102,c101,s104,p144,Kayunga,Bbaale,2022,Kitimbwa,Nakivubo,Nakivubo CU Primary School,Government,Female,Division 4,3
d102,c101,s104,p144,Kayunga,Bbaale,2022,Kitimbwa,Nakivubo,Nakivubo CU Primary School,Government,Male,Division U,18
d102,c101,s104,p144,Kayunga,Bbaale,2022,Kitimbwa,Nakivubo,Nakivubo CU Primary School,Government,Female,Division U,8
d102,c101,s104,p144,Kayunga,Bbaale,2022,Kitimbwa,Nakivubo,Nakivubo CU Primary School,Government,Male,Division X,3
d102,c101,s104,p144,Kayunga,Bbaale,2022,Kitimbwa,Nakivubo,Nakivubo CU Primary School,Government,Female,Division X,5
d102,c101,s104,p144,Kayunga,Bbaale,2022,Kitimbwa,Nakivubo,Nakivubo UMEA Primary School,Government,Male,Division 1,0
d102,c101,s104,p144,Kayunga,Bbaale,2022,Kitimbwa,Nakivubo,Nakivubo UMEA Primary School,Government,Female,Division 1,0
d102,c101,s104,p144,Kayunga,Bbaale,2022,Kitimbwa,Nakivubo,Nakivubo UMEA Primary School,Government,Male,Division 2,0
d102,c101,s104,p144,Kayunga,Bbaale,2022,Kitimbwa,Nakivubo,Nakivubo UMEA Primary School,Government,Female,Division 2,0
d102,c101,s104,p144,Kayunga,Bbaale,2022,Kitimbwa,Nakivubo,Nakivubo UMEA Primary School,Government,Male,Division 3,1
d102,c101,s104,p144,Kayunga,Bbaale,2022,Kitimbwa,Nakivubo,Nakivubo UMEA Primary School,Government,Female,Division 3,0
d102,c101,s104,p144,Kayunga,Bbaale,2022,Kitimbwa,Nakivubo,Nakivubo UMEA Primary School,Government,Male,Division 4,0
d102,c101,s104,p144,Kayunga,Bbaale,2022,Kitimbwa,Nakivubo,Nakivubo UMEA Primary School,Government,Female,Division 4,0
d102,c101,s104,p144,Kayunga,Bbaale,2022,Kitimbwa,Nakivubo,Nakivubo UMEA Primary School,Government,Male,Division U,4
d102,c101,s104,p144,Kayunga,Bbaale,2022,Kitimbwa,Nakivubo,Nakivubo UMEA Primary School,Government,Female,Division U,10
d102,c101,s104,p144,Kayunga,Bbaale,2022,Kitimbwa,Nakivubo,Nakivubo UMEA Primary School,Government,Male,Division X,5
d102,c101,s104,p144,Kayunga,Bbaale,2022,Kitimbwa,Nakivubo,Nakivubo UMEA Primary School,Government,Female,Division X,4
d102,c101,s104,p142,Kayunga,Bbaale,2022,Kitimbwa,Kyerima,Namabuga RC Primary School,Government,Male,Division 1,0
d102,c101,s104,p142,Kayunga,Bbaale,2022,Kitimbwa,Kyerima,Namabuga RC Primary School,Government,Female,Division 1,0
d102,c101,s104,p142,Kayunga,Bbaale,2022,Kitimbwa,Kyerima,Namabuga RC Primary School,Government,Male,Division 2,3
d102,c101,s104,p142,Kayunga,Bbaale,2022,Kitimbwa,Kyerima,Namabuga RC Primary School,Government,Female,Division 2,3
d102,c101,s104,p142,Kayunga,Bbaale,2022,Kitimbwa,Kyerima,Namabuga RC Primary School,Government,Male,Division 3,2
d102,c101,s104,p142,Kayunga,Bbaale,2022,Kitimbwa,Kyerima,Namabuga RC Primary School,Government,Female,Division 3,2
d102,c101,s104,p142,Kayunga,Bbaale,2022,Kitimbwa,Kyerima,Namabuga RC Primary School,Government,Male,Division 4,0
d102,c101,s104,p142,Kayunga,Bbaale,2022,Kitimbwa,Kyerima,Namabuga RC Primary School,Government,Female,Division 4,1
d102,c101,s104,p142,Kayunga,Bbaale,2022,Kitimbwa,Kyerima,Namabuga RC Primary School,Government,Male,Division U,7
d102,c101,s104,p142,Kayunga,Bbaale,2022,Kitimbwa,Kyerima,Namabuga RC Primary School,Government,Female,Division U,9
d102,c101,s104,p142,Kayunga,Bbaale,2022,Kitimbwa,Kyerima,Namabuga RC Primary School,Government,Male,Division X,0
d102,c101,s104,p142,Kayunga,Bbaale,2022,Kitimbwa,Kyerima,Namabuga RC Primary School,Government,Female,Division X,1
d102,c101,s104,p140,Kayunga,Bbaale,2022,Kitimbwa,Namulaba,Namulaba CU Primary School,Government,Male,Division 1,0
d102,c101,s104,p140,Kayunga,Bbaale,2022,Kitimbwa,Namulaba,Namulaba CU Primary School,Government,Female,Division 1,0
d102,c101,s104,p140,Kayunga,Bbaale,2022,Kitimbwa,Namulaba,Namulaba CU Primary School,Government,Male,Division 2,2
d102,c101,s104,p140,Kayunga,Bbaale,2022,Kitimbwa,Namulaba,Namulaba CU Primary School,Government,Female,Division 2,0
d102,c101,s104,p140,Kayunga,Bbaale,2022,Kitimbwa,Namulaba,Namulaba CU Primary School,Government,Male,Division 3,1
d102,c101,s104,p140,Kayunga,Bbaale,2022,Kitimbwa,Namulaba,Namulaba CU Primary School,Government,Female,Division 3,3
d102,c101,s104,p140,Kayunga,Bbaale,2022,Kitimbwa,Namulaba,Namulaba CU Primary School,Government,Male,Division 4,1
d102,c101,s104,p140,Kayunga,Bbaale,2022,Kitimbwa,Namulaba,Namulaba CU Primary School,Government,Female,Division 4,4
d102,c101,s104,p140,Kayunga,Bbaale,2022,Kitimbwa,Namulaba,Namulaba CU Primary School,Government,Male,Division U,1
d102,c101,s104,p140,Kayunga,Bbaale,2022,Kitimbwa,Namulaba,Namulaba CU Primary School,Government,Female,Division U,7
d102,c101,s104,p140,Kayunga,Bbaale,2022,Kitimbwa,Namulaba,Namulaba CU Primary School,Government,Male,Division X,1
d102,c101,s104,p140,Kayunga,Bbaale,2022,Kitimbwa,Namulaba,Namulaba CU Primary School,Government,Female,Division X,6
d102,c101,s104,p140,Kayunga,Bbaale,2022,Kitimbwa,Namulaba,Namulaba UMEA Primary School,Government,Male,Division 1,0
d102,c101,s104,p140,Kayunga,Bbaale,2022,Kitimbwa,Namulaba,Namulaba UMEA Primary School,Government,Female,Division 1,0
d102,c101,s104,p140,Kayunga,Bbaale,2022,Kitimbwa,Namulaba,Namulaba UMEA Primary School,Government,Male,Division 2,16
d102,c101,s104,p140,Kayunga,Bbaale,2022,Kitimbwa,Namulaba,Namulaba UMEA Primary School,Government,Female,Division 2,16
d102,c101,s104,p140,Kayunga,Bbaale,2022,Kitimbwa,Namulaba,Namulaba UMEA Primary School,Government,Male,Division 3,3
d102,c101,s104,p140,Kayunga,Bbaale,2022,Kitimbwa,Namulaba,Namulaba UMEA Primary School,Government,Female,Division 3,7
d102,c101,s104,p140,Kayunga,Bbaale,2022,Kitimbwa,Namulaba,Namulaba UMEA Primary School,Government,Male,Division 4,10
d102,c101,s104,p140,Kayunga,Bbaale,2022,Kitimbwa,Namulaba,Namulaba UMEA Primary School,Government,Female,Division 4,11
d102,c101,s104,p140,Kayunga,Bbaale,2022,Kitimbwa,Namulaba,Namulaba UMEA Primary School,Government,Male,Division U,6
d102,c101,s104,p140,Kayunga,Bbaale,2022,Kitimbwa,Namulaba,Namulaba UMEA Primary School,Government,Female,Division U,4
d102,c101,s104,p140,Kayunga,Bbaale,2022,Kitimbwa,Namulaba,Namulaba UMEA Primary School,Government,Male,Division X,5
d102,c101,s104,p140,Kayunga,Bbaale,2022,Kitimbwa,Namulaba,Namulaba UMEA Primary School,Government,Female,Division X,3
d102,c101,s104,p142,Kayunga,Bbaale,2022,Kitimbwa,Kyerima,Nanjwenge CU Primary School,Government,Male,Division 1,0
d102,c101,s104,p142,Kayunga,Bbaale,2022,Kitimbwa,Kyerima,Nanjwenge CU Primary School,Government,Female,Division 1,0
d102,c101,s104,p142,Kayunga,Bbaale,2022,Kitimbwa,Kyerima,Nanjwenge CU Primary School,Government,Male,Division 2,0
d102,c101,s104,p142,Kayunga,Bbaale,2022,Kitimbwa,Kyerima,Nanjwenge CU Primary School,Government,Female,Division 2,0
d102,c101,s104,p142,Kayunga,Bbaale,2022,Kitimbwa,Kyerima,Nanjwenge CU Primary School,Government,Male,Division 3,3
d102,c101,s104,p142,Kayunga,Bbaale,2022,Kitimbwa,Kyerima,Nanjwenge CU Primary School,Government,Female,Division 3,0
d102,c101,s104,p142,Kayunga,Bbaale,2022,Kitimbwa,Kyerima,Nanjwenge CU Primary School,Government,Male,Division 4,3
d102,c101,s104,p142,Kayunga,Bbaale,2022,Kitimbwa,Kyerima,Nanjwenge CU Primary School,Government,Female,Division 4,2
d102,c101,s104,p142,Kayunga,Bbaale,2022,Kitimbwa,Kyerima,Nanjwenge CU Primary School,Government,Male,Division U,8
d102,c101,s104,p142,Kayunga,Bbaale,2022,Kitimbwa,Kyerima,Nanjwenge CU Primary School,Government,Female,Division U,9
d102,c101,s104,p142,Kayunga,Bbaale,2022,Kitimbwa,Kyerima,Nanjwenge CU Primary School,Government,Male,Division X,1
d102,c101,s104,p142,Kayunga,Bbaale,2022,Kitimbwa,Kyerima,Nanjwenge CU Primary School,Government,Female,Division X,1
d102,c101,s104,p142,Kayunga,Bbaale,2022,Kitimbwa,Kyerima,Mt Carmel Primary School,Private,Male,Division 1,5
d102,c101,s104,p142,Kayunga,Bbaale,2022,Kitimbwa,Kyerima,Mt Carmel Primary School,Private,Female,Division 1,7
d102,c101,s104,p142,Kayunga,Bbaale,2022,Kitimbwa,Kyerima,Mt Carmel Primary School,Private,Male,Division 2,23
d102,c101,s104,p142,Kayunga,Bbaale,2022,Kitimbwa,Kyerima,Mt Carmel Primary School,Private,Female,Division 2,50
d102,c101,s104,p142,Kayunga,Bbaale,2022,Kitimbwa,Kyerima,Mt Carmel Primary School,Private,Male,Division 3,11
d102,c101,s104,p142,Kayunga,Bbaale,2022,Kitimbwa,Kyerima,Mt Carmel Primary School,Private,Female,Division 3,11
d102,c101,s104,p142,Kayunga,Bbaale,2022,Kitimbwa,Kyerima,Mt Carmel Primary School,Private,Male,Division 4,5
d102,c101,s104,p142,Kayunga,Bbaale,2022,Kitimbwa,Kyerima,Mt Carmel Primary School,Private,Female,Division 4,8
d102,c101,s104,p142,Kayunga,Bbaale,2022,Kitimbwa,Kyerima,Mt Carmel Primary School,Private,Male,Division U,0
d102,c101,s104,p142,Kayunga,Bbaale,2022,Kitimbwa,Kyerima,Mt Carmel Primary School,Private,Female,Division U,0
d102,c101,s104,p142,Kayunga,Bbaale,2022,Kitimbwa,Kyerima,Mt Carmel Primary School,Private,Male,Division X,0
d102,c101,s104,p142,Kayunga,Bbaale,2022,Kitimbwa,Kyerima,Mt Carmel Primary School,Private,Female,Division X,4
d102,c101,s104,p140,Kayunga,Bbaale,2022,Kitimbwa,Namulaba,Nongo CU Primary School Kitimbwa,Government,Male,Division 1,0
d102,c101,s104,p140,Kayunga,Bbaale,2022,Kitimbwa,Namulaba,Nongo CU Primary School Kitimbwa,Government,Female,Division 1,0
d102,c101,s104,p140,Kayunga,Bbaale,2022,Kitimbwa,Namulaba,Nongo CU Primary School Kitimbwa,Government,Male,Division 2,0
d102,c101,s104,p140,Kayunga,Bbaale,2022,Kitimbwa,Namulaba,Nongo CU Primary School Kitimbwa,Government,Female,Division 2,1
d102,c101,s104,p140,Kayunga,Bbaale,2022,Kitimbwa,Namulaba,Nongo CU Primary School Kitimbwa,Government,Male,Division 3,0
d102,c101,s104,p140,Kayunga,Bbaale,2022,Kitimbwa,Namulaba,Nongo CU Primary School Kitimbwa,Government,Female,Division 3,3
d102,c101,s104,p140,Kayunga,Bbaale,2022,Kitimbwa,Namulaba,Nongo CU Primary School Kitimbwa,Government,Male,Division 4,2
d102,c101,s104,p140,Kayunga,Bbaale,2022,Kitimbwa,Namulaba,Nongo CU Primary School Kitimbwa,Government,Female,Division 4,2
d102,c101,s104,p140,Kayunga,Bbaale,2022,Kitimbwa,Namulaba,Nongo CU Primary School Kitimbwa,Government,Male,Division U,6
d102,c101,s104,p140,Kayunga,Bbaale,2022,Kitimbwa,Namulaba,Nongo CU Primary School Kitimbwa,Government,Female,Division U,2
d102,c101,s104,p140,Kayunga,Bbaale,2022,Kitimbwa,Namulaba,Nongo CU Primary School Kitimbwa,Government,Male,Division X,0
d102,c101,s104,p140,Kayunga,Bbaale,2022,Kitimbwa,Namulaba,Nongo CU Primary School Kitimbwa,Government,Female,Division X,1
d102,c101,s104,p140,Kayunga,Bbaale,2022,Kitimbwa,Namulaba,St Martins Nongo RC Primary School,Government,Male,Division 1,0
d102,c101,s104,p140,Kayunga,Bbaale,2022,Kitimbwa,Namulaba,St Martins Nongo RC Primary School,Government,Female,Division 1,0
d102,c101,s104,p140,Kayunga,Bbaale,2022,Kitimbwa,Namulaba,St Martins Nongo RC Primary School,Government,Male,Division 2,1
d102,c101,s104,p140,Kayunga,Bbaale,2022,Kitimbwa,Namulaba,St Martins Nongo RC Primary School,Government,Female,Division 2,6
d102,c101,s104,p140,Kayunga,Bbaale,2022,Kitimbwa,Namulaba,St Martins Nongo RC Primary School,Government,Male,Division 3,0
d102,c101,s104,p140,Kayunga,Bbaale,2022,Kitimbwa,Namulaba,St Martins Nongo RC Primary School,Government,Female,Division 3,7
d102,c101,s104,p140,Kayunga,Bbaale,2022,Kitimbwa,Namulaba,St Martins Nongo RC Primary School,Government,Male,Division 4,1
d102,c101,s104,p140,Kayunga,Bbaale,2022,Kitimbwa,Namulaba,St Martins Nongo RC Primary School,Government,Female,Division 4,2
d102,c101,s104,p140,Kayunga,Bbaale,2022,Kitimbwa,Namulaba,St Martins Nongo RC Primary School,Government,Male,Division U,5
d102,c101,s104,p140,Kayunga,Bbaale,2022,Kitimbwa,Namulaba,St Martins Nongo RC Primary School,Government,Female,Division U,1
d102,c101,s104,p140,Kayunga,Bbaale,2022,Kitimbwa,Namulaba,St Martins Nongo RC Primary School,Government,Male,Division X,2
d102,c101,s104,p140,Kayunga,Bbaale,2022,Kitimbwa,Namulaba,St Martins Nongo RC Primary School,Government,Female,Division X,0
d102,c101,s104,p141,Kayunga,Bbaale,2022,Kitimbwa,Wabwoko,Wabwoko CU Primary School,Government,Male,Division 1,0
d102,c101,s104,p141,Kayunga,Bbaale,2022,Kitimbwa,Wabwoko,Wabwoko CU Primary School,Government,Female,Division 1,0
d102,c101,s104,p141,Kayunga,Bbaale,2022,Kitimbwa,Wabwoko,Wabwoko CU Primary School,Government,Male,Division 2,4
d102,c101,s104,p141,Kayunga,Bbaale,2022,Kitimbwa,Wabwoko,Wabwoko CU Primary School,Government,Female,Division 2,2
d102,c101,s104,p141,Kayunga,Bbaale,2022,Kitimbwa,Wabwoko,Wabwoko CU Primary School,Government,Male,Division 3,2
d102,c101,s104,p141,Kayunga,Bbaale,2022,Kitimbwa,Wabwoko,Wabwoko CU Primary School,Government,Female,Division 3,5
d102,c101,s104,p141,Kayunga,Bbaale,2022,Kitimbwa,Wabwoko,Wabwoko CU Primary School,Government,Male,Division 4,2
d102,c101,s104,p141,Kayunga,Bbaale,2022,Kitimbwa,Wabwoko,Wabwoko CU Primary School,Government,Female,Division 4,3
d102,c101,s104,p141,Kayunga,Bbaale,2022,Kitimbwa,Wabwoko,Wabwoko CU Primary School,Government,Male,Division U,8
d102,c101,s104,p141,Kayunga,Bbaale,2022,Kitimbwa,Wabwoko,Wabwoko CU Primary School,Government,Female,Division U,9
d102,c101,s104,p141,Kayunga,Bbaale,2022,Kitimbwa,Wabwoko,Wabwoko CU Primary School,Government,Male,Division X,1
d102,c101,s104,p141,Kayunga,Bbaale,2022,Kitimbwa,Wabwoko,Wabwoko CU Primary School,Government,Female,Division X,1
d102,c102,s105,p115,Kayunga,Ntenjeru,2022,Busaana,Kasana,Kasana RC Primary School,Government,Male,Division 1,0
d102,c102,s105,p115,Kayunga,Ntenjeru,2022,Busaana,Kasana,Kasana RC Primary School,Government,Female,Division 1,0
d102,c102,s105,p115,Kayunga,Ntenjeru,2022,Busaana,Kasana,Kasana RC Primary School,Government,Male,Division 2,0
d102,c102,s105,p115,Kayunga,Ntenjeru,2022,Busaana,Kasana,Kasana RC Primary School,Government,Female,Division 2,0
d102,c102,s105,p115,Kayunga,Ntenjeru,2022,Busaana,Kasana,Kasana RC Primary School,Government,Male,Division 3,1
d102,c102,s105,p115,Kayunga,Ntenjeru,2022,Busaana,Kasana,Kasana RC Primary School,Government,Female,Division 3,0
d102,c102,s105,p115,Kayunga,Ntenjeru,2022,Busaana,Kasana,Kasana RC Primary School,Government,Male,Division 4,0
d102,c102,s105,p115,Kayunga,Ntenjeru,2022,Busaana,Kasana,Kasana RC Primary School,Government,Female,Division 4,0
d102,c102,s105,p115,Kayunga,Ntenjeru,2022,Busaana,Kasana,Kasana RC Primary School,Government,Male,Division U,5
d102,c102,s105,p115,Kayunga,Ntenjeru,2022,Busaana,Kasana,Kasana RC Primary School,Government,Female,Division U,4
d102,c102,s105,p115,Kayunga,Ntenjeru,2022,Busaana,Kasana,Kasana RC Primary School,Government,Male,Division X,5
d102,c102,s105,p115,Kayunga,Ntenjeru,2022,Busaana,Kasana,Kasana RC Primary School,Government,Female,Division X,0
d102,c102,s105,p121,Kayunga,Ntenjeru,2022,Busaana,Lusenke,Kibuzi CU Primary School,Government,Male,Division 1,0
d102,c102,s105,p121,Kayunga,Ntenjeru,2022,Busaana,Lusenke,Kibuzi CU Primary School,Government,Female,Division 1,0
d102,c102,s105,p121,Kayunga,Ntenjeru,2022,Busaana,Lusenke,Kibuzi CU Primary School,Government,Male,Division 2,6
d102,c102,s105,p121,Kayunga,Ntenjeru,2022,Busaana,Lusenke,Kibuzi CU Primary School,Government,Female,Division 2,8
d102,c102,s105,p121,Kayunga,Ntenjeru,2022,Busaana,Lusenke,Kibuzi CU Primary School,Government,Male,Division 3,13
d102,c102,s105,p121,Kayunga,Ntenjeru,2022,Busaana,Lusenke,Kibuzi CU Primary School,Government,Female,Division 3,5
d102,c102,s105,p121,Kayunga,Ntenjeru,2022,Busaana,Lusenke,Kibuzi CU Primary School,Government,Male,Division 4,3
d102,c102,s105,p121,Kayunga,Ntenjeru,2022,Busaana,Lusenke,Kibuzi CU Primary School,Government,Female,Division 4,9
d102,c102,s105,p121,Kayunga,Ntenjeru,2022,Busaana,Lusenke,Kibuzi CU Primary School,Government,Male,Division U,1
d102,c102,s105,p121,Kayunga,Ntenjeru,2022,Busaana,Lusenke,Kibuzi CU Primary School,Government,Female,Division U,9
d102,c102,s105,p121,Kayunga,Ntenjeru,2022,Busaana,Lusenke,Kibuzi CU Primary School,Government,Male,Division X,0
d102,c102,s105,p121,Kayunga,Ntenjeru,2022,Busaana,Lusenke,Kibuzi CU Primary School,Government,Female,Division X,5
d102,c102,s105,p121,Kayunga,Ntenjeru,2022,Busaana,Lusenke,Kibuzi RC Primary School,Government,Male,Division 1,2
d102,c102,s105,p121,Kayunga,Ntenjeru,2022,Busaana,Lusenke,Kibuzi RC Primary School,Government,Female,Division 1,1
d102,c102,s105,p121,Kayunga,Ntenjeru,2022,Busaana,Lusenke,Kibuzi RC Primary School,Government,Male,Division 2,3
d102,c102,s105,p121,Kayunga,Ntenjeru,2022,Busaana,Lusenke,Kibuzi RC Primary School,Government,Female,Division 2,8
d102,c102,s105,p121,Kayunga,Ntenjeru,2022,Busaana,Lusenke,Kibuzi RC Primary School,Government,Male,Division 3,3
d102,c102,s105,p121,Kayunga,Ntenjeru,2022,Busaana,Lusenke,Kibuzi RC Primary School,Government,Female,Division 3,2
d102,c102,s105,p121,Kayunga,Ntenjeru,2022,Busaana,Lusenke,Kibuzi RC Primary School,Government,Male,Division 4,3
d102,c102,s105,p121,Kayunga,Ntenjeru,2022,Busaana,Lusenke,Kibuzi RC Primary School,Government,Female,Division 4,2
d102,c102,s105,p121,Kayunga,Ntenjeru,2022,Busaana,Lusenke,Kibuzi RC Primary School,Government,Male,Division U,7
d102,c102,s105,p121,Kayunga,Ntenjeru,2022,Busaana,Lusenke,Kibuzi RC Primary School,Government,Female,Division U,2
d102,c102,s105,p121,Kayunga,Ntenjeru,2022,Busaana,Lusenke,Kibuzi RC Primary School,Government,Male,Division X,1
d102,c102,s105,p121,Kayunga,Ntenjeru,2022,Busaana,Lusenke,Kibuzi RC Primary School,Government,Female,Division X,2
d102,c102,s105,p122,Kayunga,Ntenjeru,2022,Busaana,Nampanyi,Kireku CU Primary School,Government,Male,Division 1,1
d102,c102,s105,p122,Kayunga,Ntenjeru,2022,Busaana,Nampanyi,Kireku CU Primary School,Government,Female,Division 1,1
d102,c102,s105,p122,Kayunga,Ntenjeru,2022,Busaana,Nampanyi,Kireku CU Primary School,Government,Male,Division 2,7
d102,c102,s105,p122,Kayunga,Ntenjeru,2022,Busaana,Nampanyi,Kireku CU Primary School,Government,Female,Division 2,14
d102,c102,s105,p122,Kayunga,Ntenjeru,2022,Busaana,Nampanyi,Kireku CU Primary School,Government,Male,Division 3,7
d102,c102,s105,p122,Kayunga,Ntenjeru,2022,Busaana,Nampanyi,Kireku CU Primary School,Government,Female,Division 3,5
d102,c102,s105,p122,Kayunga,Ntenjeru,2022,Busaana,Nampanyi,Kireku CU Primary School,Government,Male,Division 4,5
d102,c102,s105,p122,Kayunga,Ntenjeru,2022,Busaana,Nampanyi,Kireku CU Primary School,Government,Female,Division 4,4
d102,c102,s105,p122,Kayunga,Ntenjeru,2022,Busaana,Nampanyi,Kireku CU Primary School,Government,Male,Division U,17
d102,c102,s105,p122,Kayunga,Ntenjeru,2022,Busaana,Nampanyi,Kireku CU Primary School,Government,Female,Division U,4
d102,c102,s105,p122,Kayunga,Ntenjeru,2022,Busaana,Nampanyi,Kireku CU Primary School,Government,Male,Division X,2
d102,c102,s105,p122,Kayunga,Ntenjeru,2022,Busaana,Nampanyi,Kireku CU Primary School,Government,Female,Division X,5
d102,c102,s105,p118,Kayunga,Ntenjeru,2022,Busaana,Kiwangula,Kiwangula CU Primary School,Government,Male,Division 1,2
d102,c102,s105,p118,Kayunga,Ntenjeru,2022,Busaana,Kiwangula,Kiwangula CU Primary School,Government,Female,Division 1,0
d102,c102,s105,p118,Kayunga,Ntenjeru,2022,Busaana,Kiwangula,Kiwangula CU Primary School,Government,Male,Division 2,19
d102,c102,s105,p118,Kayunga,Ntenjeru,2022,Busaana,Kiwangula,Kiwangula CU Primary School,Government,Female,Division 2,13
d102,c102,s105,p118,Kayunga,Ntenjeru,2022,Busaana,Kiwangula,Kiwangula CU Primary School,Government,Male,Division 3,3
d102,c102,s105,p118,Kayunga,Ntenjeru,2022,Busaana,Kiwangula,Kiwangula CU Primary School,Government,Female,Division 3,6
d102,c102,s105,p118,Kayunga,Ntenjeru,2022,Busaana,Kiwangula,Kiwangula CU Primary School,Government,Male,Division 4,5
d102,c102,s105,p118,Kayunga,Ntenjeru,2022,Busaana,Kiwangula,Kiwangula CU Primary School,Government,Female,Division 4,9
d102,c102,s105,p118,Kayunga,Ntenjeru,2022,Busaana,Kiwangula,Kiwangula CU Primary School,Government,Male,Division U,1
d102,c102,s105,p118,Kayunga,Ntenjeru,2022,Busaana,Kiwangula,Kiwangula CU Primary School,Government,Female,Division U,1
d102,c102,s105,p118,Kayunga,Ntenjeru,2022,Busaana,Kiwangula,Kiwangula CU Primary School,Government,Male,Division X,1
d102,c102,s105,p118,Kayunga,Ntenjeru,2022,Busaana,Kiwangula,Kiwangula CU Primary School,Government,Female,Division X,2
d102,c102,s105,p118,Kayunga,Ntenjeru,2022,Busaana,Kiwangula,Kiwangula RC Primary School,Government,Male,Division 1,0
d102,c102,s105,p118,Kayunga,Ntenjeru,2022,Busaana,Kiwangula,Kiwangula RC Primary School,Government,Female,Division 1,0
d102,c102,s105,p118,Kayunga,Ntenjeru,2022,Busaana,Kiwangula,Kiwangula RC Primary School,Government,Male,Division 2,3
d102,c102,s105,p118,Kayunga,Ntenjeru,2022,Busaana,Kiwangula,Kiwangula RC Primary School,Government,Female,Division 2,11
d102,c102,s105,p118,Kayunga,Ntenjeru,2022,Busaana,Kiwangula,Kiwangula RC Primary School,Government,Male,Division 3,4
d102,c102,s105,p118,Kayunga,Ntenjeru,2022,Busaana,Kiwangula,Kiwangula RC Primary School,Government,Female,Division 3,12
d102,c102,s105,p118,Kayunga,Ntenjeru,2022,Busaana,Kiwangula,Kiwangula RC Primary School,Government,Male,Division 4,3
d102,c102,s105,p118,Kayunga,Ntenjeru,2022,Busaana,Kiwangula,Kiwangula RC Primary School,Government,Female,Division 4,9
d102,c102,s105,p118,Kayunga,Ntenjeru,2022,Busaana,Kiwangula,Kiwangula RC Primary School,Government,Male,Division U,2
d102,c102,s105,p118,Kayunga,Ntenjeru,2022,Busaana,Kiwangula,Kiwangula RC Primary School,Government,Female,Division U,15
d102,c102,s105,p118,Kayunga,Ntenjeru,2022,Busaana,Kiwangula,Kiwangula RC Primary School,Government,Male,Division X,0
d102,c102,s105,p118,Kayunga,Ntenjeru,2022,Busaana,Kiwangula,Kiwangula RC Primary School,Government,Female,Division X,0
d102,c102,s105,p116,Kayunga,Ntenjeru,2022,Busaana,Nabuganyi,Nabuganyi CU Primary School,Government,Male,Division 1,5
d102,c102,s105,p116,Kayunga,Ntenjeru,2022,Busaana,Nabuganyi,Nabuganyi CU Primary School,Government,Female,Division 1,10
d102,c102,s105,p116,Kayunga,Ntenjeru,2022,Busaana,Nabuganyi,Nabuganyi CU Primary School,Government,Male,Division 2,22
d102,c102,s105,p116,Kayunga,Ntenjeru,2022,Busaana,Nabuganyi,Nabuganyi CU Primary School,Government,Female,Division 2,19
d102,c102,s105,p116,Kayunga,Ntenjeru,2022,Busaana,Nabuganyi,Nabuganyi CU Primary School,Government,Male,Division 3,2
d102,c102,s105,p116,Kayunga,Ntenjeru,2022,Busaana,Nabuganyi,Nabuganyi CU Primary School,Government,Female,Division 3,5
d102,c102,s105,p116,Kayunga,Ntenjeru,2022,Busaana,Nabuganyi,Nabuganyi CU Primary School,Government,Male,Division 4,5
d102,c102,s105,p116,Kayunga,Ntenjeru,2022,Busaana,Nabuganyi,Nabuganyi CU Primary School,Government,Female,Division 4,0
d102,c102,s105,p116,Kayunga,Ntenjeru,2022,Busaana,Nabuganyi,Nabuganyi CU Primary School,Government,Male,Division U,0
d102,c102,s105,p116,Kayunga,Ntenjeru,2022,Busaana,Nabuganyi,Nabuganyi CU Primary School,Government,Female,Division U,1
d102,c102,s105,p116,Kayunga,Ntenjeru,2022,Busaana,Nabuganyi,Nabuganyi CU Primary School,Government,Male,Division X,1
d102,c102,s105,p116,Kayunga,Ntenjeru,2022,Busaana,Nabuganyi,Nabuganyi CU Primary School,Government,Female,Division X,3
d102,c102,s105,p116,Kayunga,Ntenjeru,2022,Busaana,Nabuganyi,Nabuganyi RC Primary School,Government,Male,Division 1,1
d102,c102,s105,p116,Kayunga,Ntenjeru,2022,Busaana,Nabuganyi,Nabuganyi RC Primary School,Government,Female,Division 1,1
d102,c102,s105,p116,Kayunga,Ntenjeru,2022,Busaana,Nabuganyi,Nabuganyi RC Primary School,Government,Male,Division 2,11
d102,c102,s105,p116,Kayunga,Ntenjeru,2022,Busaana,Nabuganyi,Nabuganyi RC Primary School,Government,Female,Division 2,16
d102,c102,s105,p116,Kayunga,Ntenjeru,2022,Busaana,Nabuganyi,Nabuganyi RC Primary School,Government,Male,Division 3,3
d102,c102,s105,p116,Kayunga,Ntenjeru,2022,Busaana,Nabuganyi,Nabuganyi RC Primary School,Government,Female,Division 3,3
d102,c102,s105,p116,Kayunga,Ntenjeru,2022,Busaana,Nabuganyi,Nabuganyi RC Primary School,Government,Male,Division 4,0
d102,c102,s105,p116,Kayunga,Ntenjeru,2022,Busaana,Nabuganyi,Nabuganyi RC Primary School,Government,Female,Division 4,5
d102,c102,s105,p116,Kayunga,Ntenjeru,2022,Busaana,Nabuganyi,Nabuganyi RC Primary School,Government,Male,Division U,0
d102,c102,s105,p116,Kayunga,Ntenjeru,2022,Busaana,Nabuganyi,Nabuganyi RC Primary School,Government,Female,Division U,0
d102,c102,s105,p116,Kayunga,Ntenjeru,2022,Busaana,Nabuganyi,Nabuganyi RC Primary School,Government,Male,Division X,0
d102,c102,s105,p116,Kayunga,Ntenjeru,2022,Busaana,Nabuganyi,Nabuganyi RC Primary School,Government,Female,Division X,3
d102,c102,s105,p122,Kayunga,Ntenjeru,2022,Busaana,Nampanyi,Nakakandwa RC Primary School,Government,Male,Division 1,6
d102,c102,s105,p122,Kayunga,Ntenjeru,2022,Busaana,Nampanyi,Nakakandwa RC Primary School,Government,Female,Division 1,3
d102,c102,s105,p122,Kayunga,Ntenjeru,2022,Busaana,Nampanyi,Nakakandwa RC Primary School,Government,Male,Division 2,15
d102,c102,s105,p122,Kayunga,Ntenjeru,2022,Busaana,Nampanyi,Nakakandwa RC Primary School,Government,Female,Division 2,6
d102,c102,s105,p122,Kayunga,Ntenjeru,2022,Busaana,Nampanyi,Nakakandwa RC Primary School,Government,Male,Division 3,5
d102,c102,s105,p122,Kayunga,Ntenjeru,2022,Busaana,Nampanyi,Nakakandwa RC Primary School,Government,Female,Division 3,2
d102,c102,s105,p122,Kayunga,Ntenjeru,2022,Busaana,Nampanyi,Nakakandwa RC Primary School,Government,Male,Division 4,1
d102,c102,s105,p122,Kayunga,Ntenjeru,2022,Busaana,Nampanyi,Nakakandwa RC Primary School,Government,Female,Division 4,5
d102,c102,s105,p122,Kayunga,Ntenjeru,2022,Busaana,Nampanyi,Nakakandwa RC Primary School,Government,Male,Division U,6
d102,c102,s105,p122,Kayunga,Ntenjeru,2022,Busaana,Nampanyi,Nakakandwa RC Primary School,Government,Female,Division U,12
d102,c102,s105,p122,Kayunga,Ntenjeru,2022,Busaana,Nampanyi,Nakakandwa RC Primary School,Government,Male,Division X,0
d102,c102,s105,p122,Kayunga,Ntenjeru,2022,Busaana,Nampanyi,Nakakandwa RC Primary School,Government,Female,Division X,1
d102,c102,s105,p118,Kayunga,Ntenjeru,2022,Busaana,Kiwangula,Nakatovu CU Primary School,Government,Male,Division 1,0
d102,c102,s105,p118,Kayunga,Ntenjeru,2022,Busaana,Kiwangula,Nakatovu CU Primary School,Government,Female,Division 1,0
d102,c102,s105,p118,Kayunga,Ntenjeru,2022,Busaana,Kiwangula,Nakatovu CU Primary School,Government,Male,Division 2,1
d102,c102,s105,p118,Kayunga,Ntenjeru,2022,Busaana,Kiwangula,Nakatovu CU Primary School,Government,Female,Division 2,3
d102,c102,s105,p118,Kayunga,Ntenjeru,2022,Busaana,Kiwangula,Nakatovu CU Primary School,Government,Male,Division 3,5
d102,c102,s105,p118,Kayunga,Ntenjeru,2022,Busaana,Kiwangula,Nakatovu CU Primary School,Government,Female,Division 3,5
d102,c102,s105,p118,Kayunga,Ntenjeru,2022,Busaana,Kiwangula,Nakatovu CU Primary School,Government,Male,Division 4,0
d102,c102,s105,p118,Kayunga,Ntenjeru,2022,Busaana,Kiwangula,Nakatovu CU Primary School,Government,Female,Division 4,4
d102,c102,s105,p118,Kayunga,Ntenjeru,2022,Busaana,Kiwangula,Nakatovu CU Primary School,Government,Male,Division U,3
d102,c102,s105,p118,Kayunga,Ntenjeru,2022,Busaana,Kiwangula,Nakatovu CU Primary School,Government,Female,Division U,2
d102,c102,s105,p118,Kayunga,Ntenjeru,2022,Busaana,Kiwangula,Nakatovu CU Primary School,Government,Male,Division X,0
d102,c102,s105,p118,Kayunga,Ntenjeru,2022,Busaana,Kiwangula,Nakatovu CU Primary School,Government,Female,Division X,2
d102,c102,s105,p120,Kayunga,Ntenjeru,2022,Busaana,Namusaala,Namusaala CU Primary School,Government,Male,Division 1,4
d102,c102,s105,p120,Kayunga,Ntenjeru,2022,Busaana,Namusaala,Namusaala CU Primary School,Government,Female,Division 1,4
d102,c102,s105,p120,Kayunga,Ntenjeru,2022,Busaana,Namusaala,Namusaala CU Primary School,Government,Male,Division 2,35
d102,c102,s105,p120,Kayunga,Ntenjeru,2022,Busaana,Namusaala,Namusaala CU Primary School,Government,Female,Division 2,38
d102,c102,s105,p120,Kayunga,Ntenjeru,2022,Busaana,Namusaala,Namusaala CU Primary School,Government,Male,Division 3,10
d102,c102,s105,p120,Kayunga,Ntenjeru,2022,Busaana,Namusaala,Namusaala CU Primary School,Government,Female,Division 3,17
d102,c102,s105,p120,Kayunga,Ntenjeru,2022,Busaana,Namusaala,Namusaala CU Primary School,Government,Male,Division 4,12
d102,c102,s105,p120,Kayunga,Ntenjeru,2022,Busaana,Namusaala,Namusaala CU Primary School,Government,Female,Division 4,9
d102,c102,s105,p120,Kayunga,Ntenjeru,2022,Busaana,Namusaala,Namusaala CU Primary School,Government,Male,Division U,14
d102,c102,s105,p120,Kayunga,Ntenjeru,2022,Busaana,Namusaala,Namusaala CU Primary School,Government,Female,Division U,11
d102,c102,s105,p120,Kayunga,Ntenjeru,2022,Busaana,Namusaala,Namusaala CU Primary School,Government,Male,Division X,2
d102,c102,s105,p120,Kayunga,Ntenjeru,2022,Busaana,Namusaala,Namusaala CU Primary School,Government,Female,Division X,4
d102,c102,s105,p120,Kayunga,Ntenjeru,2022,Busaana,Namusaala,Namutya CU Primary School,Government,Male,Division 1,1
d102,c102,s105,p120,Kayunga,Ntenjeru,2022,Busaana,Namusaala,Namutya CU Primary School,Government,Female,Division 1,0
d102,c102,s105,p120,Kayunga,Ntenjeru,2022,Busaana,Namusaala,Namutya CU Primary School,Government,Male,Division 2,4
d102,c102,s105,p120,Kayunga,Ntenjeru,2022,Busaana,Namusaala,Namutya CU Primary School,Government,Female,Division 2,0
d102,c102,s105,p120,Kayunga,Ntenjeru,2022,Busaana,Namusaala,Namutya CU Primary School,Government,Male,Division 3,11
d102,c102,s105,p120,Kayunga,Ntenjeru,2022,Busaana,Namusaala,Namutya CU Primary School,Government,Female,Division 3,8
d102,c102,s105,p120,Kayunga,Ntenjeru,2022,Busaana,Namusaala,Namutya CU Primary School,Government,Male,Division 4,3
d102,c102,s105,p120,Kayunga,Ntenjeru,2022,Busaana,Namusaala,Namutya CU Primary School,Government,Female,Division 4,6
d102,c102,s105,p120,Kayunga,Ntenjeru,2022,Busaana,Namusaala,Namutya CU Primary School,Government,Male,Division U,9
d102,c102,s105,p120,Kayunga,Ntenjeru,2022,Busaana,Namusaala,Namutya CU Primary School,Government,Female,Division U,14
d102,c102,s105,p120,Kayunga,Ntenjeru,2022,Busaana,Namusaala,Namutya CU Primary School,Government,Male,Division X,0
d102,c102,s105,p120,Kayunga,Ntenjeru,2022,Busaana,Namusaala,Namutya CU Primary School,Government,Female,Division X,2
d102,c102,s105,p117,Kayunga,Ntenjeru,2022,Busaana,Namukuma,Nangabo CU Primary School,Government,Male,Division 1,0
d102,c102,s105,p117,Kayunga,Ntenjeru,2022,Busaana,Namukuma,Nangabo CU Primary School,Government,Female,Division 1,0
d102,c102,s105,p117,Kayunga,Ntenjeru,2022,Busaana,Namukuma,Nangabo CU Primary School,Government,Male,Division 2,3
d102,c102,s105,p117,Kayunga,Ntenjeru,2022,Busaana,Namukuma,Nangabo CU Primary School,Government,Female,Division 2,1
d102,c102,s105,p117,Kayunga,Ntenjeru,2022,Busaana,Namukuma,Nangabo CU Primary School,Government,Male,Division 3,4
d102,c102,s105,p117,Kayunga,Ntenjeru,2022,Busaana,Namukuma,Nangabo CU Primary School,Government,Female,Division 3,2
d102,c102,s105,p117,Kayunga,Ntenjeru,2022,Busaana,Namukuma,Nangabo CU Primary School,Government,Male,Division 4,4
d102,c102,s105,p117,Kayunga,Ntenjeru,2022,Busaana,Namukuma,Nangabo CU Primary School,Government,Female,Division 4,4
d102,c102,s105,p117,Kayunga,Ntenjeru,2022,Busaana,Namukuma,Nangabo CU Primary School,Government,Male,Division U,2
d102,c102,s105,p117,Kayunga,Ntenjeru,2022,Busaana,Namukuma,Nangabo CU Primary School,Government,Female,Division U,2
d102,c102,s105,p117,Kayunga,Ntenjeru,2022,Busaana,Namukuma,Nangabo CU Primary School,Government,Male,Division X,0
d102,c102,s105,p117,Kayunga,Ntenjeru,2022,Busaana,Namukuma,Nangabo CU Primary School,Government,Female,Division X,0
d102,c102,s105,p118,Kayunga,Ntenjeru,2022,Busaana,Kiwangula,St Mark Junior School Wantete,Private,Male,Division 1,8
d102,c102,s105,p118,Kayunga,Ntenjeru,2022,Busaana,Kiwangula,St Mark Junior School Wantete,Private,Female,Division 1,11
d102,c102,s105,p118,Kayunga,Ntenjeru,2022,Busaana,Kiwangula,St Mark Junior School Wantete,Private,Male,Division 2,0
d102,c102,s105,p118,Kayunga,Ntenjeru,2022,Busaana,Kiwangula,St Mark Junior School Wantete,Private,Female,Division 2,3
d102,c102,s105,p118,Kayunga,Ntenjeru,2022,Busaana,Kiwangula,St Mark Junior School Wantete,Private,Male,Division 3,0
d102,c102,s105,p118,Kayunga,Ntenjeru,2022,Busaana,Kiwangula,St Mark Junior School Wantete,Private,Female,Division 3,0
d102,c102,s105,p118,Kayunga,Ntenjeru,2022,Busaana,Kiwangula,St Mark Junior School Wantete,Private,Male,Division 4,0
d102,c102,s105,p118,Kayunga,Ntenjeru,2022,Busaana,Kiwangula,St Mark Junior School Wantete,Private,Female,Division 4,0
d102,c102,s105,p118,Kayunga,Ntenjeru,2022,Busaana,Kiwangula,St Mark Junior School Wantete,Private,Male,Division U,0
d102,c102,s105,p118,Kayunga,Ntenjeru,2022,Busaana,Kiwangula,St Mark Junior School Wantete,Private,Female,Division U,0
d102,c102,s105,p118,Kayunga,Ntenjeru,2022,Busaana,Kiwangula,St Mark Junior School Wantete,Private,Male,Division X,0
d102,c102,s105,p118,Kayunga,Ntenjeru,2022,Busaana,Kiwangula,St Mark Junior School Wantete,Private,Female,Division X,0
d102,c102,s105,p118,Kayunga,Ntenjeru,2022,Busaana,Kiwangula,St Josephs BuyungirIzi RC Primary School,Government,Male,Division 1,0
d102,c102,s105,p118,Kayunga,Ntenjeru,2022,Busaana,Kiwangula,St Josephs BuyungirIzi RC Primary School,Government,Female,Division 1,0
d102,c102,s105,p118,Kayunga,Ntenjeru,2022,Busaana,Kiwangula,St Josephs BuyungirIzi RC Primary School,Government,Male,Division 2,0
d102,c102,s105,p118,Kayunga,Ntenjeru,2022,Busaana,Kiwangula,St Josephs BuyungirIzi RC Primary School,Government,Female,Division 2,0
d102,c102,s105,p118,Kayunga,Ntenjeru,2022,Busaana,Kiwangula,St Josephs BuyungirIzi RC Primary School,Government,Male,Division 3,3
d102,c102,s105,p118,Kayunga,Ntenjeru,2022,Busaana,Kiwangula,St Josephs BuyungirIzi RC Primary School,Government,Female,Division 3,4
d102,c102,s105,p118,Kayunga,Ntenjeru,2022,Busaana,Kiwangula,St Josephs BuyungirIzi RC Primary School,Government,Male,Division 4,2
d102,c102,s105,p118,Kayunga,Ntenjeru,2022,Busaana,Kiwangula,St Josephs BuyungirIzi RC Primary School,Government,Female,Division 4,3
d102,c102,s105,p118,Kayunga,Ntenjeru,2022,Busaana,Kiwangula,St Josephs BuyungirIzi RC Primary School,Government,Male,Division U,6
d102,c102,s105,p118,Kayunga,Ntenjeru,2022,Busaana,Kiwangula,St Josephs BuyungirIzi RC Primary School,Government,Female,Division U,9
d102,c102,s105,p118,Kayunga,Ntenjeru,2022,Busaana,Kiwangula,St Josephs BuyungirIzi RC Primary School,Government,Male,Division X,1
d102,c102,s105,p118,Kayunga,Ntenjeru,2022,Busaana,Kiwangula,St Josephs BuyungirIzi RC Primary School,Government,Female,Division X,0
d102,c102,s105,p121,Kayunga,Ntenjeru,2022,Busaana,Lusenke,St Peters Primary School Lusenke,Government,Male,Division 1,0
d102,c102,s105,p121,Kayunga,Ntenjeru,2022,Busaana,Lusenke,St Peters Primary School Lusenke,Government,Female,Division 1,0
d102,c102,s105,p121,Kayunga,Ntenjeru,2022,Busaana,Lusenke,St Peters Primary School Lusenke,Government,Male,Division 2,3
d102,c102,s105,p121,Kayunga,Ntenjeru,2022,Busaana,Lusenke,St Peters Primary School Lusenke,Government,Female,Division 2,4
d102,c102,s105,p121,Kayunga,Ntenjeru,2022,Busaana,Lusenke,St Peters Primary School Lusenke,Government,Male,Division 3,2
d102,c102,s105,p121,Kayunga,Ntenjeru,2022,Busaana,Lusenke,St Peters Primary School Lusenke,Government,Female,Division 3,1
d102,c102,s105,p121,Kayunga,Ntenjeru,2022,Busaana,Lusenke,St Peters Primary School Lusenke,Government,Male,Division 4,2
d102,c102,s105,p121,Kayunga,Ntenjeru,2022,Busaana,Lusenke,St Peters Primary School Lusenke,Government,Female,Division 4,1
d102,c102,s105,p121,Kayunga,Ntenjeru,2022,Busaana,Lusenke,St Peters Primary School Lusenke,Government,Male,Division U,0
d102,c102,s105,p121,Kayunga,Ntenjeru,2022,Busaana,Lusenke,St Peters Primary School Lusenke,Government,Female,Division U,0
d102,c102,s105,p121,Kayunga,Ntenjeru,2022,Busaana,Lusenke,St Peters Primary School Lusenke,Government,Male,Division X,0
d102,c102,s105,p121,Kayunga,Ntenjeru,2022,Busaana,Lusenke,St Peters Primary School Lusenke,Government,Female,Division X,3
d102,c102,s106,p132,Kayunga,Ntenjeru,2022,Nazigo,Bukamba,Bukamba CU Primary School,Government,Male,Division 1,0
d102,c102,s106,p132,Kayunga,Ntenjeru,2022,Nazigo,Bukamba,Bukamba CU Primary School,Government,Female,Division 1,0
d102,c102,s106,p132,Kayunga,Ntenjeru,2022,Nazigo,Bukamba,Bukamba CU Primary School,Government,Male,Division 2,0
d102,c102,s106,p132,Kayunga,Ntenjeru,2022,Nazigo,Bukamba,Bukamba CU Primary School,Government,Female,Division 2,1
d102,c102,s106,p132,Kayunga,Ntenjeru,2022,Nazigo,Bukamba,Bukamba CU Primary School,Government,Male,Division 3,5
d102,c102,s106,p132,Kayunga,Ntenjeru,2022,Nazigo,Bukamba,Bukamba CU Primary School,Government,Female,Division 3,8
d102,c102,s106,p132,Kayunga,Ntenjeru,2022,Nazigo,Bukamba,Bukamba CU Primary School,Government,Male,Division 4,6
d102,c102,s106,p132,Kayunga,Ntenjeru,2022,Nazigo,Bukamba,Bukamba CU Primary School,Government,Female,Division 4,5
d102,c102,s106,p132,Kayunga,Ntenjeru,2022,Nazigo,Bukamba,Bukamba CU Primary School,Government,Male,Division U,16
d102,c102,s106,p132,Kayunga,Ntenjeru,2022,Nazigo,Bukamba,Bukamba CU Primary School,Government,Female,Division U,23
d102,c102,s106,p132,Kayunga,Ntenjeru,2022,Nazigo,Bukamba,Bukamba CU Primary School,Government,Male,Division X,0
d102,c102,s106,p132,Kayunga,Ntenjeru,2022,Nazigo,Bukamba,Bukamba CU Primary School,Government,Female,Division X,3
d102,c102,s106,p132,Kayunga,Ntenjeru,2022,Nazigo,Bukamba,Bukamba Noor islamic Primary School,Private,Male,Division 1,0
d102,c102,s106,p132,Kayunga,Ntenjeru,2022,Nazigo,Bukamba,Bukamba Noor islamic Primary School,Private,Female,Division 1,0
d102,c102,s106,p132,Kayunga,Ntenjeru,2022,Nazigo,Bukamba,Bukamba Noor islamic Primary School,Private,Male,Division 2,2
d102,c102,s106,p132,Kayunga,Ntenjeru,2022,Nazigo,Bukamba,Bukamba Noor islamic Primary School,Private,Female,Division 2,3
d102,c102,s106,p132,Kayunga,Ntenjeru,2022,Nazigo,Bukamba,Bukamba Noor islamic Primary School,Private,Male,Division 3,1
d102,c102,s106,p132,Kayunga,Ntenjeru,2022,Nazigo,Bukamba,Bukamba Noor islamic Primary School,Private,Female,Division 3,2
d102,c102,s106,p132,Kayunga,Ntenjeru,2022,Nazigo,Bukamba,Bukamba Noor islamic Primary School,Private,Male,Division 4,2
d102,c102,s106,p132,Kayunga,Ntenjeru,2022,Nazigo,Bukamba,Bukamba Noor islamic Primary School,Private,Female,Division 4,3
d102,c102,s106,p132,Kayunga,Ntenjeru,2022,Nazigo,Bukamba,Bukamba Noor islamic Primary School,Private,Male,Division U,5
d102,c102,s106,p132,Kayunga,Ntenjeru,2022,Nazigo,Bukamba,Bukamba Noor islamic Primary School,Private,Female,Division U,4
d102,c102,s106,p132,Kayunga,Ntenjeru,2022,Nazigo,Bukamba,Bukamba Noor islamic Primary School,Private,Male,Division X,1
d102,c102,s106,p132,Kayunga,Ntenjeru,2022,Nazigo,Bukamba,Bukamba Noor islamic Primary School,Private,Female,Division X,1
d102,c102,s106,p133,Kayunga,Ntenjeru,2022,Nazigo,Kirindi,Kikonyogo Primary School,Government,Male,Division 1,0
d102,c102,s106,p133,Kayunga,Ntenjeru,2022,Nazigo,Kirindi,Kikonyogo Primary School,Government,Female,Division 1,0
d102,c102,s106,p133,Kayunga,Ntenjeru,2022,Nazigo,Kirindi,Kikonyogo Primary School,Government,Male,Division 2,3
d102,c102,s106,p133,Kayunga,Ntenjeru,2022,Nazigo,Kirindi,Kikonyogo Primary School,Government,Female,Division 2,0
d102,c102,s106,p133,Kayunga,Ntenjeru,2022,Nazigo,Kirindi,Kikonyogo Primary School,Government,Male,Division 3,5
d102,c102,s106,p133,Kayunga,Ntenjeru,2022,Nazigo,Kirindi,Kikonyogo Primary School,Government,Female,Division 3,4
d102,c102,s106,p133,Kayunga,Ntenjeru,2022,Nazigo,Kirindi,Kikonyogo Primary School,Government,Male,Division 4,1
d102,c102,s106,p133,Kayunga,Ntenjeru,2022,Nazigo,Kirindi,Kikonyogo Primary School,Government,Female,Division 4,2
d102,c102,s106,p133,Kayunga,Ntenjeru,2022,Nazigo,Kirindi,Kikonyogo Primary School,Government,Male,Division U,10
d102,c102,s106,p133,Kayunga,Ntenjeru,2022,Nazigo,Kirindi,Kikonyogo Primary School,Government,Female,Division U,10
d102,c102,s106,p133,Kayunga,Ntenjeru,2022,Nazigo,Kirindi,Kikonyogo Primary School,Government,Male,Division X,1
d102,c102,s106,p133,Kayunga,Ntenjeru,2022,Nazigo,Kirindi,Kikonyogo Primary School,Government,Female,Division X,2
d102,c102,s106,p137,Kayunga,Ntenjeru,2022,Nazigo,Kimanya,Kimanya CU Primary School,Government,Male,Division 1,4
d102,c102,s106,p137,Kayunga,Ntenjeru,2022,Nazigo,Kimanya,Kimanya CU Primary School,Government,Female,Division 1,2
d102,c102,s106,p137,Kayunga,Ntenjeru,2022,Nazigo,Kimanya,Kimanya CU Primary School,Government,Male,Division 2,6
d102,c102,s106,p137,Kayunga,Ntenjeru,2022,Nazigo,Kimanya,Kimanya CU Primary School,Government,Female,Division 2,13
d102,c102,s106,p137,Kayunga,Ntenjeru,2022,Nazigo,Kimanya,Kimanya CU Primary School,Government,Male,Division 3,2
d102,c102,s106,p137,Kayunga,Ntenjeru,2022,Nazigo,Kimanya,Kimanya CU Primary School,Government,Female,Division 3,4
d102,c102,s106,p137,Kayunga,Ntenjeru,2022,Nazigo,Kimanya,Kimanya CU Primary School,Government,Male,Division 4,2
d102,c102,s106,p137,Kayunga,Ntenjeru,2022,Nazigo,Kimanya,Kimanya CU Primary School,Government,Female,Division 4,2
d102,c102,s106,p137,Kayunga,Ntenjeru,2022,Nazigo,Kimanya,Kimanya CU Primary School,Government,Male,Division U,10
d102,c102,s106,p137,Kayunga,Ntenjeru,2022,Nazigo,Kimanya,Kimanya CU Primary School,Government,Female,Division U,5
d102,c102,s106,p137,Kayunga,Ntenjeru,2022,Nazigo,Kimanya,Kimanya CU Primary School,Government,Male,Division X,2
d102,c102,s106,p137,Kayunga,Ntenjeru,2022,Nazigo,Kimanya,Kimanya CU Primary School,Government,Female,Division X,0
d102,c102,s106,p136,Kayunga,Ntenjeru,2022,Nazigo,Natteta,Kiribedda CU Primary School,Government,Male,Division 1,0
d102,c102,s106,p136,Kayunga,Ntenjeru,2022,Nazigo,Natteta,Kiribedda CU Primary School,Government,Female,Division 1,0
d102,c102,s106,p136,Kayunga,Ntenjeru,2022,Nazigo,Natteta,Kiribedda CU Primary School,Government,Male,Division 2,1
d102,c102,s106,p136,Kayunga,Ntenjeru,2022,Nazigo,Natteta,Kiribedda CU Primary School,Government,Female,Division 2,1
d102,c102,s106,p136,Kayunga,Ntenjeru,2022,Nazigo,Natteta,Kiribedda CU Primary School,Government,Male,Division 3,1
d102,c102,s106,p136,Kayunga,Ntenjeru,2022,Nazigo,Natteta,Kiribedda CU Primary School,Government,Female,Division 3,2
d102,c102,s106,p136,Kayunga,Ntenjeru,2022,Nazigo,Natteta,Kiribedda CU Primary School,Government,Male,Division 4,2
d102,c102,s106,p136,Kayunga,Ntenjeru,2022,Nazigo,Natteta,Kiribedda CU Primary School,Government,Female,Division 4,1
d102,c102,s106,p136,Kayunga,Ntenjeru,2022,Nazigo,Natteta,Kiribedda CU Primary School,Government,Male,Division U,3
d102,c102,s106,p136,Kayunga,Ntenjeru,2022,Nazigo,Natteta,Kiribedda CU Primary School,Government,Female,Division U,4
d102,c102,s106,p136,Kayunga,Ntenjeru,2022,Nazigo,Natteta,Kiribedda CU Primary School,Government,Male,Division X,1
d102,c102,s106,p136,Kayunga,Ntenjeru,2022,Nazigo,Natteta,Kiribedda CU Primary School,Government,Female,Division X,1
d102,c102,s106,p138,Kayunga,Ntenjeru,2022,Nazigo,Nazigo,Kisa Nursery And Primary School,Private,Male,Division 1,1
d102,c102,s106,p138,Kayunga,Ntenjeru,2022,Nazigo,Nazigo,Kisa Nursery And Primary School,Private,Female,Division 1,0
d102,c102,s106,p138,Kayunga,Ntenjeru,2022,Nazigo,Nazigo,Kisa Nursery And Primary School,Private,Male,Division 2,18
d102,c102,s106,p138,Kayunga,Ntenjeru,2022,Nazigo,Nazigo,Kisa Nursery And Primary School,Private,Female,Division 2,19
d102,c102,s106,p138,Kayunga,Ntenjeru,2022,Nazigo,Nazigo,Kisa Nursery And Primary School,Private,Male,Division 3,6
d102,c102,s106,p138,Kayunga,Ntenjeru,2022,Nazigo,Nazigo,Kisa Nursery And Primary School,Private,Female,Division 3,6
d102,c102,s106,p138,Kayunga,Ntenjeru,2022,Nazigo,Nazigo,Kisa Nursery And Primary School,Private,Male,Division 4,0
d102,c102,s106,p138,Kayunga,Ntenjeru,2022,Nazigo,Nazigo,Kisa Nursery And Primary School,Private,Female,Division 4,1
d102,c102,s106,p138,Kayunga,Ntenjeru,2022,Nazigo,Nazigo,Kisa Nursery And Primary School,Private,Male,Division U,0
d102,c102,s106,p138,Kayunga,Ntenjeru,2022,Nazigo,Nazigo,Kisa Nursery And Primary School,Private,Female,Division U,1
d102,c102,s106,p138,Kayunga,Ntenjeru,2022,Nazigo,Nazigo,Kisa Nursery And Primary School,Private,Male,Division X,0
d102,c102,s106,p138,Kayunga,Ntenjeru,2022,Nazigo,Nazigo,Kisa Nursery And Primary School,Private,Female,Division X,2
d102,c102,s106,p132,Kayunga,Ntenjeru,2022,Nazigo,Bukamba,Kiswa RC Primary School,Government,Male,Division 1,0
d102,c102,s106,p132,Kayunga,Ntenjeru,2022,Nazigo,Bukamba,Kiswa RC Primary School,Government,Female,Division 1,0
d102,c102,s106,p132,Kayunga,Ntenjeru,2022,Nazigo,Bukamba,Kiswa RC Primary School,Government,Male,Division 2,4
d102,c102,s106,p132,Kayunga,Ntenjeru,2022,Nazigo,Bukamba,Kiswa RC Primary School,Government,Female,Division 2,1
d102,c102,s106,p132,Kayunga,Ntenjeru,2022,Nazigo,Bukamba,Kiswa RC Primary School,Government,Male,Division 3,3
d102,c102,s106,p132,Kayunga,Ntenjeru,2022,Nazigo,Bukamba,Kiswa RC Primary School,Government,Female,Division 3,7
d102,c102,s106,p132,Kayunga,Ntenjeru,2022,Nazigo,Bukamba,Kiswa RC Primary School,Government,Male,Division 4,3
d102,c102,s106,p132,Kayunga,Ntenjeru,2022,Nazigo,Bukamba,Kiswa RC Primary School,Government,Female,Division 4,5
d102,c102,s106,p132,Kayunga,Ntenjeru,2022,Nazigo,Bukamba,Kiswa RC Primary School,Government,Male,Division U,9
d102,c102,s106,p132,Kayunga,Ntenjeru,2022,Nazigo,Bukamba,Kiswa RC Primary School,Government,Female,Division U,8
d102,c102,s106,p132,Kayunga,Ntenjeru,2022,Nazigo,Bukamba,Kiswa RC Primary School,Government,Male,Division X,0
d102,c102,s106,p132,Kayunga,Ntenjeru,2022,Nazigo,Bukamba,Kiswa RC Primary School,Government,Female,Division X,2
d102,c102,s106,p137,Kayunga,Ntenjeru,2022,Nazigo,Kimanya,Kiziika CU Primary School,Government,Male,Division 1,1
d102,c102,s106,p137,Kayunga,Ntenjeru,2022,Nazigo,Kimanya,Kiziika CU Primary School,Government,Female,Division 1,0
d102,c102,s106,p137,Kayunga,Ntenjeru,2022,Nazigo,Kimanya,Kiziika CU Primary School,Government,Male,Division 2,14
d102,c102,s106,p137,Kayunga,Ntenjeru,2022,Nazigo,Kimanya,Kiziika CU Primary School,Government,Female,Division 2,20
d102,c102,s106,p137,Kayunga,Ntenjeru,2022,Nazigo,Kimanya,Kiziika CU Primary School,Government,Male,Division 3,5
d102,c102,s106,p137,Kayunga,Ntenjeru,2022,Nazigo,Kimanya,Kiziika CU Primary School,Government,Female,Division 3,9
d102,c102,s106,p137,Kayunga,Ntenjeru,2022,Nazigo,Kimanya,Kiziika CU Primary School,Government,Male,Division 4,7
d102,c102,s106,p137,Kayunga,Ntenjeru,2022,Nazigo,Kimanya,Kiziika CU Primary School,Government,Female,Division 4,13
d102,c102,s106,p137,Kayunga,Ntenjeru,2022,Nazigo,Kimanya,Kiziika CU Primary School,Government,Male,Division U,10
d102,c102,s106,p137,Kayunga,Ntenjeru,2022,Nazigo,Kimanya,Kiziika CU Primary School,Government,Female,Division U,9
d102,c102,s106,p137,Kayunga,Ntenjeru,2022,Nazigo,Kimanya,Kiziika CU Primary School,Government,Male,Division X,4
d102,c102,s106,p137,Kayunga,Ntenjeru,2022,Nazigo,Kimanya,Kiziika CU Primary School,Government,Female,Division X,4
d102,c102,s106,p134,Kayunga,Ntenjeru,2022,Nazigo,Nsiima,Kotwe Taqwa Islamic Primary School,Private,Male,Division 1,32
d102,c102,s106,p134,Kayunga,Ntenjeru,2022,Nazigo,Nsiima,Kotwe Taqwa Islamic Primary School,Private,Female,Division 1,56
d102,c102,s106,p134,Kayunga,Ntenjeru,2022,Nazigo,Nsiima,Kotwe Taqwa Islamic Primary School,Private,Male,Division 2,7
d102,c102,s106,p134,Kayunga,Ntenjeru,2022,Nazigo,Nsiima,Kotwe Taqwa Islamic Primary School,Private,Female,Division 2,5
d102,c102,s106,p134,Kayunga,Ntenjeru,2022,Nazigo,Nsiima,Kotwe Taqwa Islamic Primary School,Private,Male,Division 3,0
d102,c102,s106,p134,Kayunga,Ntenjeru,2022,Nazigo,Nsiima,Kotwe Taqwa Islamic Primary School,Private,Female,Division 3,0
d102,c102,s106,p134,Kayunga,Ntenjeru,2022,Nazigo,Nsiima,Kotwe Taqwa Islamic Primary School,Private,Male,Division 4,0
d102,c102,s106,p134,Kayunga,Ntenjeru,2022,Nazigo,Nsiima,Kotwe Taqwa Islamic Primary School,Private,Female,Division 4,0
d102,c102,s106,p134,Kayunga,Ntenjeru,2022,Nazigo,Nsiima,Kotwe Taqwa Islamic Primary School,Private,Male,Division U,0
d102,c102,s106,p134,Kayunga,Ntenjeru,2022,Nazigo,Nsiima,Kotwe Taqwa Islamic Primary School,Private,Female,Division U,0
d102,c102,s106,p134,Kayunga,Ntenjeru,2022,Nazigo,Nsiima,Kotwe Taqwa Islamic Primary School,Private,Male,Division X,4
d102,c102,s106,p134,Kayunga,Ntenjeru,2022,Nazigo,Nsiima,Kotwe Taqwa Islamic Primary School,Private,Female,Division X,0
d102,c102,s106,p138,Kayunga,Ntenjeru,2022,Nazigo,Nazigo,Kyampisi CU Primary School,Government,Male,Division 1,7
d102,c102,s106,p138,Kayunga,Ntenjeru,2022,Nazigo,Nazigo,Kyampisi CU Primary School,Government,Female,Division 1,4
d102,c102,s106,p138,Kayunga,Ntenjeru,2022,Nazigo,Nazigo,Kyampisi CU Primary School,Government,Male,Division 2,10
d102,c102,s106,p138,Kayunga,Ntenjeru,2022,Nazigo,Nazigo,Kyampisi CU Primary School,Government,Female,Division 2,6
d102,c102,s106,p138,Kayunga,Ntenjeru,2022,Nazigo,Nazigo,Kyampisi CU Primary School,Government,Male,Division 3,2
d102,c102,s106,p138,Kayunga,Ntenjeru,2022,Nazigo,Nazigo,Kyampisi CU Primary School,Government,Female,Division 3,8
d102,c102,s106,p138,Kayunga,Ntenjeru,2022,Nazigo,Nazigo,Kyampisi CU Primary School,Government,Male,Division 4,1
d102,c102,s106,p138,Kayunga,Ntenjeru,2022,Nazigo,Nazigo,Kyampisi CU Primary School,Government,Female,Division 4,2
d102,c102,s106,p138,Kayunga,Ntenjeru,2022,Nazigo,Nazigo,Kyampisi CU Primary School,Government,Male,Division U,4
d102,c102,s106,p138,Kayunga,Ntenjeru,2022,Nazigo,Nazigo,Kyampisi CU Primary School,Government,Female,Division U,9
d102,c102,s106,p138,Kayunga,Ntenjeru,2022,Nazigo,Nazigo,Kyampisi CU Primary School,Government,Male,Division X,1
d102,c102,s106,p138,Kayunga,Ntenjeru,2022,Nazigo,Nazigo,Kyampisi CU Primary School,Government,Female,Division X,0
d102,c102,s106,p138,Kayunga,Ntenjeru,2022,Nazigo,Nazigo,Magala RC Primary School,Government,Male,Division 1,0
d102,c102,s106,p138,Kayunga,Ntenjeru,2022,Nazigo,Nazigo,Magala RC Primary School,Government,Female,Division 1,1
d102,c102,s106,p138,Kayunga,Ntenjeru,2022,Nazigo,Nazigo,Magala RC Primary School,Government,Male,Division 2,12
d102,c102,s106,p138,Kayunga,Ntenjeru,2022,Nazigo,Nazigo,Magala RC Primary School,Government,Female,Division 2,14
d102,c102,s106,p138,Kayunga,Ntenjeru,2022,Nazigo,Nazigo,Magala RC Primary School,Government,Male,Division 3,1
d102,c102,s106,p138,Kayunga,Ntenjeru,2022,Nazigo,Nazigo,Magala RC Primary School,Government,Female,Division 3,8
d102,c102,s106,p138,Kayunga,Ntenjeru,2022,Nazigo,Nazigo,Magala RC Primary School,Government,Male,Division 4,1
d102,c102,s106,p138,Kayunga,Ntenjeru,2022,Nazigo,Nazigo,Magala RC Primary School,Government,Female,Division 4,2
d102,c102,s106,p138,Kayunga,Ntenjeru,2022,Nazigo,Nazigo,Magala RC Primary School,Government,Male,Division U,6
d102,c102,s106,p138,Kayunga,Ntenjeru,2022,Nazigo,Nazigo,Magala RC Primary School,Government,Female,Division U,8
d102,c102,s106,p138,Kayunga,Ntenjeru,2022,Nazigo,Nazigo,Magala RC Primary School,Government,Male,Division X,3
d102,c102,s106,p138,Kayunga,Ntenjeru,2022,Nazigo,Nazigo,Magala RC Primary School,Government,Female,Division X,1
d102,c102,s106,p134,Kayunga,Ntenjeru,2022,Nazigo,Nsiima,Musiitwa UMEA Primary School,Government,Male,Division 1,9
d102,c102,s106,p134,Kayunga,Ntenjeru,2022,Nazigo,Nsiima,Musiitwa UMEA Primary School,Government,Female,Division 1,7
d102,c102,s106,p134,Kayunga,Ntenjeru,2022,Nazigo,Nsiima,Musiitwa UMEA Primary School,Government,Male,Division 2,22
d102,c102,s106,p134,Kayunga,Ntenjeru,2022,Nazigo,Nsiima,Musiitwa UMEA Primary School,Government,Female,Division 2,28
d102,c102,s106,p134,Kayunga,Ntenjeru,2022,Nazigo,Nsiima,Musiitwa UMEA Primary School,Government,Male,Division 3,9
d102,c102,s106,p134,Kayunga,Ntenjeru,2022,Nazigo,Nsiima,Musiitwa UMEA Primary School,Government,Female,Division 3,11
d102,c102,s106,p134,Kayunga,Ntenjeru,2022,Nazigo,Nsiima,Musiitwa UMEA Primary School,Government,Male,Division 4,9
d102,c102,s106,p134,Kayunga,Ntenjeru,2022,Nazigo,Nsiima,Musiitwa UMEA Primary School,Government,Female,Division 4,16
d102,c102,s106,p134,Kayunga,Ntenjeru,2022,Nazigo,Nsiima,Musiitwa UMEA Primary School,Government,Male,Division U,8
d102,c102,s106,p134,Kayunga,Ntenjeru,2022,Nazigo,Nsiima,Musiitwa UMEA Primary School,Government,Female,Division U,15
d102,c102,s106,p134,Kayunga,Ntenjeru,2022,Nazigo,Nsiima,Musiitwa UMEA Primary School,Government,Male,Division X,3
d102,c102,s106,p134,Kayunga,Ntenjeru,2022,Nazigo,Nsiima,Musiitwa UMEA Primary School,Government,Female,Division X,5
d102,c102,s106,p135,Kayunga,Ntenjeru,2022,Nazigo,Katikanyonyi,Nakatooke RC Primary School,Government,Male,Division 1,0
d102,c102,s106,p135,Kayunga,Ntenjeru,2022,Nazigo,Katikanyonyi,Nakatooke RC Primary School,Government,Female,Division 1,0
d102,c102,s106,p135,Kayunga,Ntenjeru,2022,Nazigo,Katikanyonyi,Nakatooke RC Primary School,Government,Male,Division 2,2
d102,c102,s106,p135,Kayunga,Ntenjeru,2022,Nazigo,Katikanyonyi,Nakatooke RC Primary School,Government,Female,Division 2,4
d102,c102,s106,p135,Kayunga,Ntenjeru,2022,Nazigo,Katikanyonyi,Nakatooke RC Primary School,Government,Male,Division 3,4
d102,c102,s106,p135,Kayunga,Ntenjeru,2022,Nazigo,Katikanyonyi,Nakatooke RC Primary School,Government,Female,Division 3,3
d102,c102,s106,p135,Kayunga,Ntenjeru,2022,Nazigo,Katikanyonyi,Nakatooke RC Primary School,Government,Male,Division 4,2
d102,c102,s106,p135,Kayunga,Ntenjeru,2022,Nazigo,Katikanyonyi,Nakatooke RC Primary School,Government,Female,Division 4,2
d102,c102,s106,p135,Kayunga,Ntenjeru,2022,Nazigo,Katikanyonyi,Nakatooke RC Primary School,Government,Male,Division U,3
d102,c102,s106,p135,Kayunga,Ntenjeru,2022,Nazigo,Katikanyonyi,Nakatooke RC Primary School,Government,Female,Division U,8
d102,c102,s106,p135,Kayunga,Ntenjeru,2022,Nazigo,Katikanyonyi,Nakatooke RC Primary School,Government,Male,Division X,1
d102,c102,s106,p135,Kayunga,Ntenjeru,2022,Nazigo,Katikanyonyi,Nakatooke RC Primary School,Government,Female,Division X,4
d102,c102,s106,p136,Kayunga,Ntenjeru,2022,Nazigo,Natteta,Natteta CU Primary School,Government,Male,Division 1,0
d102,c102,s106,p136,Kayunga,Ntenjeru,2022,Nazigo,Natteta,Natteta CU Primary School,Government,Female,Division 1,0
d102,c102,s106,p136,Kayunga,Ntenjeru,2022,Nazigo,Natteta,Natteta CU Primary School,Government,Male,Division 2,2
d102,c102,s106,p136,Kayunga,Ntenjeru,2022,Nazigo,Natteta,Natteta CU Primary School,Government,Female,Division 2,4
d102,c102,s106,p136,Kayunga,Ntenjeru,2022,Nazigo,Natteta,Natteta CU Primary School,Government,Male,Division 3,3
d102,c102,s106,p136,Kayunga,Ntenjeru,2022,Nazigo,Natteta,Natteta CU Primary School,Government,Female,Division 3,10
d102,c102,s106,p136,Kayunga,Ntenjeru,2022,Nazigo,Natteta,Natteta CU Primary School,Government,Male,Division 4,5
d102,c102,s106,p136,Kayunga,Ntenjeru,2022,Nazigo,Natteta,Natteta CU Primary School,Government,Female,Division 4,0
d102,c102,s106,p136,Kayunga,Ntenjeru,2022,Nazigo,Natteta,Natteta CU Primary School,Government,Male,Division U,6
d102,c102,s106,p136,Kayunga,Ntenjeru,2022,Nazigo,Natteta,Natteta CU Primary School,Government,Female,Division U,5
d102,c102,s106,p136,Kayunga,Ntenjeru,2022,Nazigo,Natteta,Natteta CU Primary School,Government,Male,Division X,0
d102,c102,s106,p136,Kayunga,Ntenjeru,2022,Nazigo,Natteta,Natteta CU Primary School,Government,Female,Division X,3
d102,c102,s106,p136,Kayunga,Ntenjeru,2022,Nazigo,Natteta,Natteta Islamic Primary School,Private,Male,Division 1,0
d102,c102,s106,p136,Kayunga,Ntenjeru,2022,Nazigo,Natteta,Natteta Islamic Primary School,Private,Female,Division 1,1
d102,c102,s106,p136,Kayunga,Ntenjeru,2022,Nazigo,Natteta,Natteta Islamic Primary School,Private,Male,Division 2,28
d102,c102,s106,p136,Kayunga,Ntenjeru,2022,Nazigo,Natteta,Natteta Islamic Primary School,Private,Female,Division 2,20
d102,c102,s106,p136,Kayunga,Ntenjeru,2022,Nazigo,Natteta,Natteta Islamic Primary School,Private,Male,Division 3,9
d102,c102,s106,p136,Kayunga,Ntenjeru,2022,Nazigo,Natteta,Natteta Islamic Primary School,Private,Female,Division 3,10
d102,c102,s106,p136,Kayunga,Ntenjeru,2022,Nazigo,Natteta,Natteta Islamic Primary School,Private,Male,Division 4,6
d102,c102,s106,p136,Kayunga,Ntenjeru,2022,Nazigo,Natteta,Natteta Islamic Primary School,Private,Female,Division 4,6
d102,c102,s106,p136,Kayunga,Ntenjeru,2022,Nazigo,Natteta,Natteta Islamic Primary School,Private,Male,Division U,3
d102,c102,s106,p136,Kayunga,Ntenjeru,2022,Nazigo,Natteta,Natteta Islamic Primary School,Private,Female,Division U,3
d102,c102,s106,p136,Kayunga,Ntenjeru,2022,Nazigo,Natteta,Natteta Islamic Primary School,Private,Male,Division X,2
d102,c102,s106,p136,Kayunga,Ntenjeru,2022,Nazigo,Natteta,Natteta Islamic Primary School,Private,Female,Division X,4
d102,c102,s106,p138,Kayunga,Ntenjeru,2022,Nazigo,Nazigo,Nazigo Demonstration Primary School,Government,Male,Division 1,0
d102,c102,s106,p138,Kayunga,Ntenjeru,2022,Nazigo,Nazigo,Nazigo Demonstration Primary School,Government,Female,Division 1,0
d102,c102,s106,p138,Kayunga,Ntenjeru,2022,Nazigo,Nazigo,Nazigo Demonstration Primary School,Government,Male,Division 2,12
d102,c102,s106,p138,Kayunga,Ntenjeru,2022,Nazigo,Nazigo,Nazigo Demonstration Primary School,Government,Female,Division 2,12
d102,c102,s106,p138,Kayunga,Ntenjeru,2022,Nazigo,Nazigo,Nazigo Demonstration Primary School,Government,Male,Division 3,4
d102,c102,s106,p138,Kayunga,Ntenjeru,2022,Nazigo,Nazigo,Nazigo Demonstration Primary School,Government,Female,Division 3,5
d102,c102,s106,p138,Kayunga,Ntenjeru,2022,Nazigo,Nazigo,Nazigo Demonstration Primary School,Government,Male,Division 4,1
d102,c102,s106,p138,Kayunga,Ntenjeru,2022,Nazigo,Nazigo,Nazigo Demonstration Primary School,Government,Female,Division 4,2
d102,c102,s106,p138,Kayunga,Ntenjeru,2022,Nazigo,Nazigo,Nazigo Demonstration Primary School,Government,Male,Division U,6
d102,c102,s106,p138,Kayunga,Ntenjeru,2022,Nazigo,Nazigo,Nazigo Demonstration Primary School,Government,Female,Division U,3
d102,c102,s106,p138,Kayunga,Ntenjeru,2022,Nazigo,Nazigo,Nazigo Demonstration Primary School,Government,Male,Division X,1
d102,c102,s106,p138,Kayunga,Ntenjeru,2022,Nazigo,Nazigo,Nazigo Demonstration Primary School,Government,Female,Division X,1
d102,c102,s106,p138,Kayunga,Ntenjeru,2022,Nazigo,Nazigo,Nazigo Noor Primary School,Private,Male,Division 1,19
d102,c102,s106,p138,Kayunga,Ntenjeru,2022,Nazigo,Nazigo,Nazigo Noor Primary School,Private,Female,Division 1,22
d102,c102,s106,p138,Kayunga,Ntenjeru,2022,Nazigo,Nazigo,Nazigo Noor Primary School,Private,Male,Division 2,9
d102,c102,s106,p138,Kayunga,Ntenjeru,2022,Nazigo,Nazigo,Nazigo Noor Primary School,Private,Female,Division 2,13
d102,c102,s106,p138,Kayunga,Ntenjeru,2022,Nazigo,Nazigo,Nazigo Noor Primary School,Private,Male,Division 3,0
d102,c102,s106,p138,Kayunga,Ntenjeru,2022,Nazigo,Nazigo,Nazigo Noor Primary School,Private,Female,Division 3,0
d102,c102,s106,p138,Kayunga,Ntenjeru,2022,Nazigo,Nazigo,Nazigo Noor Primary School,Private,Male,Division 4,0
d102,c102,s106,p138,Kayunga,Ntenjeru,2022,Nazigo,Nazigo,Nazigo Noor Primary School,Private,Female,Division 4,0
d102,c102,s106,p138,Kayunga,Ntenjeru,2022,Nazigo,Nazigo,Nazigo Noor Primary School,Private,Male,Division U,0
d102,c102,s106,p138,Kayunga,Ntenjeru,2022,Nazigo,Nazigo,Nazigo Noor Primary School,Private,Female,Division U,0
d102,c102,s106,p138,Kayunga,Ntenjeru,2022,Nazigo,Nazigo,Nazigo Noor Primary School,Private,Male,Division X,0
d102,c102,s106,p138,Kayunga,Ntenjeru,2022,Nazigo,Nazigo,Nazigo Noor Primary School,Private,Female,Division X,0
d102,c102,s106,p134,Kayunga,Ntenjeru,2022,Nazigo,Nsiima,Nazigo RC Primary School,Government,Male,Division 1,1
d102,c102,s106,p134,Kayunga,Ntenjeru,2022,Nazigo,Nsiima,Nazigo RC Primary School,Government,Female,Division 1,1
d102,c102,s106,p134,Kayunga,Ntenjeru,2022,Nazigo,Nsiima,Nazigo RC Primary School,Government,Male,Division 2,40
d102,c102,s106,p134,Kayunga,Ntenjeru,2022,Nazigo,Nsiima,Nazigo RC Primary School,Government,Female,Division 2,71
d102,c102,s106,p134,Kayunga,Ntenjeru,2022,Nazigo,Nsiima,Nazigo RC Primary School,Government,Male,Division 3,29
d102,c102,s106,p134,Kayunga,Ntenjeru,2022,Nazigo,Nsiima,Nazigo RC Primary School,Government,Female,Division 3,37
d102,c102,s106,p134,Kayunga,Ntenjeru,2022,Nazigo,Nsiima,Nazigo RC Primary School,Government,Male,Division 4,14
d102,c102,s106,p134,Kayunga,Ntenjeru,2022,Nazigo,Nsiima,Nazigo RC Primary School,Government,Female,Division 4,15
d102,c102,s106,p134,Kayunga,Ntenjeru,2022,Nazigo,Nsiima,Nazigo RC Primary School,Government,Male,Division U,4
d102,c102,s106,p134,Kayunga,Ntenjeru,2022,Nazigo,Nsiima,Nazigo RC Primary School,Government,Female,Division U,8
d102,c102,s106,p134,Kayunga,Ntenjeru,2022,Nazigo,Nsiima,Nazigo RC Primary School,Government,Male,Division X,1
d102,c102,s106,p134,Kayunga,Ntenjeru,2022,Nazigo,Nsiima,Nazigo RC Primary School,Government,Female,Division X,3
d102,c102,s106,p134,Kayunga,Ntenjeru,2022,Nazigo,Nsiima,Nsiima CU Primary School,Government,Male,Division 1,0
d102,c102,s106,p134,Kayunga,Ntenjeru,2022,Nazigo,Nsiima,Nsiima CU Primary School,Government,Female,Division 1,0
d102,c102,s106,p134,Kayunga,Ntenjeru,2022,Nazigo,Nsiima,Nsiima CU Primary School,Government,Male,Division 2,3
d102,c102,s106,p134,Kayunga,Ntenjeru,2022,Nazigo,Nsiima,Nsiima CU Primary School,Government,Female,Division 2,3
d102,c102,s106,p134,Kayunga,Ntenjeru,2022,Nazigo,Nsiima,Nsiima CU Primary School,Government,Male,Division 3,2
d102,c102,s106,p134,Kayunga,Ntenjeru,2022,Nazigo,Nsiima,Nsiima CU Primary School,Government,Female,Division 3,2
d102,c102,s106,p134,Kayunga,Ntenjeru,2022,Nazigo,Nsiima,Nsiima CU Primary School,Government,Male,Division 4,2
d102,c102,s106,p134,Kayunga,Ntenjeru,2022,Nazigo,Nsiima,Nsiima CU Primary School,Government,Female,Division 4,3
d102,c102,s106,p134,Kayunga,Ntenjeru,2022,Nazigo,Nsiima,Nsiima CU Primary School,Government,Male,Division U,2
d102,c102,s106,p134,Kayunga,Ntenjeru,2022,Nazigo,Nsiima,Nsiima CU Primary School,Government,Female,Division U,9
d102,c102,s106,p134,Kayunga,Ntenjeru,2022,Nazigo,Nsiima,Nsiima CU Primary School,Government,Male,Division X,2
d102,c102,s106,p134,Kayunga,Ntenjeru,2022,Nazigo,Nsiima,Nsiima CU Primary School,Government,Female,Division X,0
d102,c102,s106,p136,Kayunga,Ntenjeru,2022,Nazigo,Natteta,St Anthony Junior School Nazigo,Private,Male,Division 1,1
d102,c102,s106,p136,Kayunga,Ntenjeru,2022,Nazigo,Natteta,St Anthony Junior School Nazigo,Private,Female,Division 1,2
d102,c102,s106,p136,Kayunga,Ntenjeru,2022,Nazigo,Natteta,St Anthony Junior School Nazigo,Private,Male,Division 2,6
d102,c102,s106,p136,Kayunga,Ntenjeru,2022,Nazigo,Natteta,St Anthony Junior School Nazigo,Private,Female,Division 2,10
d102,c102,s106,p136,Kayunga,Ntenjeru,2022,Nazigo,Natteta,St Anthony Junior School Nazigo,Private,Male,Division 3,1
d102,c102,s106,p136,Kayunga,Ntenjeru,2022,Nazigo,Natteta,St Anthony Junior School Nazigo,Private,Female,Division 3,4
d102,c102,s106,p136,Kayunga,Ntenjeru,2022,Nazigo,Natteta,St Anthony Junior School Nazigo,Private,Male,Division 4,0
d102,c102,s106,p136,Kayunga,Ntenjeru,2022,Nazigo,Natteta,St Anthony Junior School Nazigo,Private,Female,Division 4,1
d102,c102,s106,p136,Kayunga,Ntenjeru,2022,Nazigo,Natteta,St Anthony Junior School Nazigo,Private,Male,Division U,2
d102,c102,s106,p136,Kayunga,Ntenjeru,2022,Nazigo,Natteta,St Anthony Junior School Nazigo,Private,Female,Division U,0
d102,c102,s106,p136,Kayunga,Ntenjeru,2022,Nazigo,Natteta,St Anthony Junior School Nazigo,Private,Male,Division X,0
d102,c102,s106,p136,Kayunga,Ntenjeru,2022,Nazigo,Natteta,St Anthony Junior School Nazigo,Private,Female,Division X,0
d102,c102,s106,p136,Kayunga,Ntenjeru,2022,Nazigo,Natteta,Wabirongo CU Primary School,Government,Male,Division 1,1
d102,c102,s106,p136,Kayunga,Ntenjeru,2022,Nazigo,Natteta,Wabirongo CU Primary School,Government,Female,Division 1,0
d102,c102,s106,p136,Kayunga,Ntenjeru,2022,Nazigo,Natteta,Wabirongo CU Primary School,Government,Male,Division 2,12
d102,c102,s106,p136,Kayunga,Ntenjeru,2022,Nazigo,Natteta,Wabirongo CU Primary School,Government,Female,Division 2,10
d102,c102,s106,p136,Kayunga,Ntenjeru,2022,Nazigo,Natteta,Wabirongo CU Primary School,Government,Male,Division 3,3
d102,c102,s106,p136,Kayunga,Ntenjeru,2022,Nazigo,Natteta,Wabirongo CU Primary School,Government,Female,Division 3,6
d102,c102,s106,p136,Kayunga,Ntenjeru,2022,Nazigo,Natteta,Wabirongo CU Primary School,Government,Male,Division 4,2
d102,c102,s106,p136,Kayunga,Ntenjeru,2022,Nazigo,Natteta,Wabirongo CU Primary School,Government,Female,Division 4,5
d102,c102,s106,p136,Kayunga,Ntenjeru,2022,Nazigo,Natteta,Wabirongo CU Primary School,Government,Male,Division U,6
d102,c102,s106,p136,Kayunga,Ntenjeru,2022,Nazigo,Natteta,Wabirongo CU Primary School,Government,Female,Division U,0
d102,c102,s106,p136,Kayunga,Ntenjeru,2022,Nazigo,Natteta,Wabirongo CU Primary School,Government,Male,Division X,0
d102,c102,s106,p136,Kayunga,Ntenjeru,2022,Nazigo,Natteta,Wabirongo CU Primary School,Government,Female,Division X,2
d102,c102,s107,p131,Kayunga,Ntenjeru,2022,Kangulumira,Seeta Nyiize,All Saints Nakirubi CU Primary School,Government,Male,Division 1,0
d102,c102,s107,p131,Kayunga,Ntenjeru,2022,Kangulumira,Seeta Nyiize,All Saints Nakirubi CU Primary School,Government,Female,Division 1,0
d102,c102,s107,p131,Kayunga,Ntenjeru,2022,Kangulumira,Seeta Nyiize,All Saints Nakirubi CU Primary School,Government,Male,Division 2,8
d102,c102,s107,p131,Kayunga,Ntenjeru,2022,Kangulumira,Seeta Nyiize,All Saints Nakirubi CU Primary School,Government,Female,Division 2,12
d102,c102,s107,p131,Kayunga,Ntenjeru,2022,Kangulumira,Seeta Nyiize,All Saints Nakirubi CU Primary School,Government,Male,Division 3,8
d102,c102,s107,p131,Kayunga,Ntenjeru,2022,Kangulumira,Seeta Nyiize,All Saints Nakirubi CU Primary School,Government,Female,Division 3,8
d102,c102,s107,p131,Kayunga,Ntenjeru,2022,Kangulumira,Seeta Nyiize,All Saints Nakirubi CU Primary School,Government,Male,Division 4,4
d102,c102,s107,p131,Kayunga,Ntenjeru,2022,Kangulumira,Seeta Nyiize,All Saints Nakirubi CU Primary School,Government,Female,Division 4,6
d102,c102,s107,p131,Kayunga,Ntenjeru,2022,Kangulumira,Seeta Nyiize,All Saints Nakirubi CU Primary School,Government,Male,Division U,1
d102,c102,s107,p131,Kayunga,Ntenjeru,2022,Kangulumira,Seeta Nyiize,All Saints Nakirubi CU Primary School,Government,Female,Division U,8
d102,c102,s107,p131,Kayunga,Ntenjeru,2022,Kangulumira,Seeta Nyiize,All Saints Nakirubi CU Primary School,Government,Male,Division X,3
d102,c102,s107,p131,Kayunga,Ntenjeru,2022,Kangulumira,Seeta Nyiize,All Saints Nakirubi CU Primary School,Government,Female,Division X,3
d102,c102,s107,p130,Kayunga,Ntenjeru,2022,Kangulumira,Kawomya,Bukeeka CU Primary School,Government,Male,Division 1,13
d102,c102,s107,p130,Kayunga,Ntenjeru,2022,Kangulumira,Kawomya,Bukeeka CU Primary School,Government,Female,Division 1,22
d102,c102,s107,p130,Kayunga,Ntenjeru,2022,Kangulumira,Kawomya,Bukeeka CU Primary School,Government,Male,Division 2,25
d102,c102,s107,p130,Kayunga,Ntenjeru,2022,Kangulumira,Kawomya,Bukeeka CU Primary School,Government,Female,Division 2,31
d102,c102,s107,p130,Kayunga,Ntenjeru,2022,Kangulumira,Kawomya,Bukeeka CU Primary School,Government,Male,Division 3,5
d102,c102,s107,p130,Kayunga,Ntenjeru,2022,Kangulumira,Kawomya,Bukeeka CU Primary School,Government,Female,Division 3,13
d102,c102,s107,p130,Kayunga,Ntenjeru,2022,Kangulumira,Kawomya,Bukeeka CU Primary School,Government,Male,Division 4,3
d102,c102,s107,p130,Kayunga,Ntenjeru,2022,Kangulumira,Kawomya,Bukeeka CU Primary School,Government,Female,Division 4,4
d102,c102,s107,p130,Kayunga,Ntenjeru,2022,Kangulumira,Kawomya,Bukeeka CU Primary School,Government,Male,Division U,2
d102,c102,s107,p130,Kayunga,Ntenjeru,2022,Kangulumira,Kawomya,Bukeeka CU Primary School,Government,Female,Division U,6
d102,c102,s107,p130,Kayunga,Ntenjeru,2022,Kangulumira,Kawomya,Bukeeka CU Primary School,Government,Male,Division X,1
d102,c102,s107,p130,Kayunga,Ntenjeru,2022,Kangulumira,Kawomya,Bukeeka CU Primary School,Government,Female,Division X,2
d102,c102,s107,p130,Kayunga,Ntenjeru,2022,Kangulumira,Kawomya,Favour Community Junior School Bukeka,Private,Male,Division 1,10
d102,c102,s107,p130,Kayunga,Ntenjeru,2022,Kangulumira,Kawomya,Favour Community Junior School Bukeka,Private,Female,Division 1,8
d102,c102,s107,p130,Kayunga,Ntenjeru,2022,Kangulumira,Kawomya,Favour Community Junior School Bukeka,Private,Male,Division 2,16
d102,c102,s107,p130,Kayunga,Ntenjeru,2022,Kangulumira,Kawomya,Favour Community Junior School Bukeka,Private,Female,Division 2,25
d102,c102,s107,p130,Kayunga,Ntenjeru,2022,Kangulumira,Kawomya,Favour Community Junior School Bukeka,Private,Male,Division 3,0
d102,c102,s107,p130,Kayunga,Ntenjeru,2022,Kangulumira,Kawomya,Favour Community Junior School Bukeka,Private,Female,Division 3,0
d102,c102,s107,p130,Kayunga,Ntenjeru,2022,Kangulumira,Kawomya,Favour Community Junior School Bukeka,Private,Male,Division 4,0
d102,c102,s107,p130,Kayunga,Ntenjeru,2022,Kangulumira,Kawomya,Favour Community Junior School Bukeka,Private,Female,Division 4,0
d102,c102,s107,p130,Kayunga,Ntenjeru,2022,Kangulumira,Kawomya,Favour Community Junior School Bukeka,Private,Male,Division U,0
d102,c102,s107,p130,Kayunga,Ntenjeru,2022,Kangulumira,Kawomya,Favour Community Junior School Bukeka,Private,Female,Division U,0
d102,c102,s107,p130,Kayunga,Ntenjeru,2022,Kangulumira,Kawomya,Favour Community Junior School Bukeka,Private,Male,Division X,1
d102,c102,s107,p130,Kayunga,Ntenjeru,2022,Kangulumira,Kawomya,Favour Community Junior School Bukeka,Private,Female,Division X,1
d102,c102,s107,p129,Kayunga,Ntenjeru,2022,Kangulumira,Kikwanya,Kimooli UMEA Primary School,Government,Male,Division 1,0
d102,c102,s107,p129,Kayunga,Ntenjeru,2022,Kangulumira,Kikwanya,Kimooli UMEA Primary School,Government,Female,Division 1,3
d102,c102,s107,p129,Kayunga,Ntenjeru,2022,Kangulumira,Kikwanya,Kimooli UMEA Primary School,Government,Male,Division 2,17
d102,c102,s107,p129,Kayunga,Ntenjeru,2022,Kangulumira,Kikwanya,Kimooli UMEA Primary School,Government,Female,Division 2,22
d102,c102,s107,p129,Kayunga,Ntenjeru,2022,Kangulumira,Kikwanya,Kimooli UMEA Primary School,Government,Male,Division 3,8
d102,c102,s107,p129,Kayunga,Ntenjeru,2022,Kangulumira,Kikwanya,Kimooli UMEA Primary School,Government,Female,Division 3,11
d102,c102,s107,p129,Kayunga,Ntenjeru,2022,Kangulumira,Kikwanya,Kimooli UMEA Primary School,Government,Male,Division 4,13
d102,c102,s107,p129,Kayunga,Ntenjeru,2022,Kangulumira,Kikwanya,Kimooli UMEA Primary School,Government,Female,Division 4,13
d102,c102,s107,p129,Kayunga,Ntenjeru,2022,Kangulumira,Kikwanya,Kimooli UMEA Primary School,Government,Male,Division U,7
d102,c102,s107,p129,Kayunga,Ntenjeru,2022,Kangulumira,Kikwanya,Kimooli UMEA Primary School,Government,Female,Division U,8
d102,c102,s107,p129,Kayunga,Ntenjeru,2022,Kangulumira,Kikwanya,Kimooli UMEA Primary School,Government,Male,Division X,2
d102,c102,s107,p129,Kayunga,Ntenjeru,2022,Kangulumira,Kikwanya,Kimooli UMEA Primary School,Government,Female,Division X,1
d102,c102,s107,p130,Kayunga,Ntenjeru,2022,Kangulumira,Kawomya,Kungu CU Primary School,Government,Male,Division 1,0
d102,c102,s107,p130,Kayunga,Ntenjeru,2022,Kangulumira,Kawomya,Kungu CU Primary School,Government,Female,Division 1,0
d102,c102,s107,p130,Kayunga,Ntenjeru,2022,Kangulumira,Kawomya,Kungu CU Primary School,Government,Male,Division 2,0
d102,c102,s107,p130,Kayunga,Ntenjeru,2022,Kangulumira,Kawomya,Kungu CU Primary School,Government,Female,Division 2,2
d102,c102,s107,p130,Kayunga,Ntenjeru,2022,Kangulumira,Kawomya,Kungu CU Primary School,Government,Male,Division 3,3
d102,c102,s107,p130,Kayunga,Ntenjeru,2022,Kangulumira,Kawomya,Kungu CU Primary School,Government,Female,Division 3,3
d102,c102,s107,p130,Kayunga,Ntenjeru,2022,Kangulumira,Kawomya,Kungu CU Primary School,Government,Male,Division 4,1
d102,c102,s107,p130,Kayunga,Ntenjeru,2022,Kangulumira,Kawomya,Kungu CU Primary School,Government,Female,Division 4,3
d102,c102,s107,p130,Kayunga,Ntenjeru,2022,Kangulumira,Kawomya,Kungu CU Primary School,Government,Male,Division U,5
d102,c102,s107,p130,Kayunga,Ntenjeru,2022,Kangulumira,Kawomya,Kungu CU Primary School,Government,Female,Division U,9
d102,c102,s107,p130,Kayunga,Ntenjeru,2022,Kangulumira,Kawomya,Kungu CU Primary School,Government,Male,Division X,2
d102,c102,s107,p130,Kayunga,Ntenjeru,2022,Kangulumira,Kawomya,Kungu CU Primary School,Government,Female,Division X,0
d102,c102,s107,p130,Kayunga,Ntenjeru,2022,Kangulumira,Kawomya,Maligita Primary School,Government,Male,Division 1,0
d102,c102,s107,p130,Kayunga,Ntenjeru,2022,Kangulumira,Kawomya,Maligita Primary School,Government,Female,Division 1,0
d102,c102,s107,p130,Kayunga,Ntenjeru,2022,Kangulumira,Kawomya,Maligita Primary School,Government,Male,Division 2,3
d102,c102,s107,p130,Kayunga,Ntenjeru,2022,Kangulumira,Kawomya,Maligita Primary School,Government,Female,Division 2,2
d102,c102,s107,p130,Kayunga,Ntenjeru,2022,Kangulumira,Kawomya,Maligita Primary School,Government,Male,Division 3,3
d102,c102,s107,p130,Kayunga,Ntenjeru,2022,Kangulumira,Kawomya,Maligita Primary School,Government,Female,Division 3,1
d102,c102,s107,p130,Kayunga,Ntenjeru,2022,Kangulumira,Kawomya,Maligita Primary School,Government,Male,Division 4,10
d102,c102,s107,p130,Kayunga,Ntenjeru,2022,Kangulumira,Kawomya,Maligita Primary School,Government,Female,Division 4,5
d102,c102,s107,p130,Kayunga,Ntenjeru,2022,Kangulumira,Kawomya,Maligita Primary School,Government,Male,Division U,16
d102,c102,s107,p130,Kayunga,Ntenjeru,2022,Kangulumira,Kawomya,Maligita Primary School,Government,Female,Division U,12
d102,c102,s107,p130,Kayunga,Ntenjeru,2022,Kangulumira,Kawomya,Maligita Primary School,Government,Male,Division X,3
d102,c102,s107,p130,Kayunga,Ntenjeru,2022,Kangulumira,Kawomya,Maligita Primary School,Government,Female,Division X,2
d102,c102,s107,p131,Kayunga,Ntenjeru,2022,Kangulumira,Seeta Nyiize,Nyiize CU Primary School,Government,Male,Division 1,0
d102,c102,s107,p131,Kayunga,Ntenjeru,2022,Kangulumira,Seeta Nyiize,Nyiize CU Primary School,Government,Female,Division 1,0
d102,c102,s107,p131,Kayunga,Ntenjeru,2022,Kangulumira,Seeta Nyiize,Nyiize CU Primary School,Government,Male,Division 2,16
d102,c102,s107,p131,Kayunga,Ntenjeru,2022,Kangulumira,Seeta Nyiize,Nyiize CU Primary School,Government,Female,Division 2,12
d102,c102,s107,p131,Kayunga,Ntenjeru,2022,Kangulumira,Seeta Nyiize,Nyiize CU Primary School,Government,Male,Division 3,7
d102,c102,s107,p131,Kayunga,Ntenjeru,2022,Kangulumira,Seeta Nyiize,Nyiize CU Primary School,Government,Female,Division 3,12
d102,c102,s107,p131,Kayunga,Ntenjeru,2022,Kangulumira,Seeta Nyiize,Nyiize CU Primary School,Government,Male,Division 4,6
d102,c102,s107,p131,Kayunga,Ntenjeru,2022,Kangulumira,Seeta Nyiize,Nyiize CU Primary School,Government,Female,Division 4,11
d102,c102,s107,p131,Kayunga,Ntenjeru,2022,Kangulumira,Seeta Nyiize,Nyiize CU Primary School,Government,Male,Division U,9
d102,c102,s107,p131,Kayunga,Ntenjeru,2022,Kangulumira,Seeta Nyiize,Nyiize CU Primary School,Government,Female,Division U,4
d102,c102,s107,p131,Kayunga,Ntenjeru,2022,Kangulumira,Seeta Nyiize,Nyiize CU Primary School,Government,Male,Division X,2
d102,c102,s107,p131,Kayunga,Ntenjeru,2022,Kangulumira,Seeta Nyiize,Nyiize CU Primary School,Government,Female,Division X,4
d102,c102,s107,p131,Kayunga,Ntenjeru,2022,Kangulumira,Seeta Nyiize,Nyiize RC Primary School,Government,Male,Division 1,0
d102,c102,s107,p131,Kayunga,Ntenjeru,2022,Kangulumira,Seeta Nyiize,Nyiize RC Primary School,Government,Female,Division 1,0
d102,c102,s107,p131,Kayunga,Ntenjeru,2022,Kangulumira,Seeta Nyiize,Nyiize RC Primary School,Government,Male,Division 2,4
d102,c102,s107,p131,Kayunga,Ntenjeru,2022,Kangulumira,Seeta Nyiize,Nyiize RC Primary School,Government,Female,Division 2,4
d102,c102,s107,p131,Kayunga,Ntenjeru,2022,Kangulumira,Seeta Nyiize,Nyiize RC Primary School,Government,Male,Division 3,10
d102,c102,s107,p131,Kayunga,Ntenjeru,2022,Kangulumira,Seeta Nyiize,Nyiize RC Primary School,Government,Female,Division 3,7
d102,c102,s107,p131,Kayunga,Ntenjeru,2022,Kangulumira,Seeta Nyiize,Nyiize RC Primary School,Government,Male,Division 4,3
d102,c102,s107,p131,Kayunga,Ntenjeru,2022,Kangulumira,Seeta Nyiize,Nyiize RC Primary School,Government,Female,Division 4,4
d102,c102,s107,p131,Kayunga,Ntenjeru,2022,Kangulumira,Seeta Nyiize,Nyiize RC Primary School,Government,Male,Division U,12
d102,c102,s107,p131,Kayunga,Ntenjeru,2022,Kangulumira,Seeta Nyiize,Nyiize RC Primary School,Government,Female,Division U,15
d102,c102,s107,p131,Kayunga,Ntenjeru,2022,Kangulumira,Seeta Nyiize,Nyiize RC Primary School,Government,Male,Division X,0
d102,c102,s107,p131,Kayunga,Ntenjeru,2022,Kangulumira,Seeta Nyiize,Nyiize RC Primary School,Government,Female,Division X,2
d102,c102,s108,p107,Kayunga,Ntenjeru,2022,Kayunga,Bukujju,Bukujju UMEA Primary School,Government,Male,Division 1,0
d102,c102,s108,p107,Kayunga,Ntenjeru,2022,Kayunga,Bukujju,Bukujju UMEA Primary School,Government,Female,Division 1,0
d102,c102,s108,p107,Kayunga,Ntenjeru,2022,Kayunga,Bukujju,Bukujju UMEA Primary School,Government,Male,Division 2,4
d102,c102,s108,p107,Kayunga,Ntenjeru,2022,Kayunga,Bukujju,Bukujju UMEA Primary School,Government,Female,Division 2,2
d102,c102,s108,p107,Kayunga,Ntenjeru,2022,Kayunga,Bukujju,Bukujju UMEA Primary School,Government,Male,Division 3,5
d102,c102,s108,p107,Kayunga,Ntenjeru,2022,Kayunga,Bukujju,Bukujju UMEA Primary School,Government,Female,Division 3,7
d102,c102,s108,p107,Kayunga,Ntenjeru,2022,Kayunga,Bukujju,Bukujju UMEA Primary School,Government,Male,Division 4,3
d102,c102,s108,p107,Kayunga,Ntenjeru,2022,Kayunga,Bukujju,Bukujju UMEA Primary School,Government,Female,Division 4,3
d102,c102,s108,p107,Kayunga,Ntenjeru,2022,Kayunga,Bukujju,Bukujju UMEA Primary School,Government,Male,Division U,6
d102,c102,s108,p107,Kayunga,Ntenjeru,2022,Kayunga,Bukujju,Bukujju UMEA Primary School,Government,Female,Division U,13
d102,c102,s108,p107,Kayunga,Ntenjeru,2022,Kayunga,Bukujju,Bukujju UMEA Primary School,Government,Male,Division X,3
d102,c102,s108,p107,Kayunga,Ntenjeru,2022,Kayunga,Bukujju,Bukujju UMEA Primary School,Government,Female,Division X,7
d102,c102,s108,p102,Kayunga,Ntenjeru,2022,Kayunga,Busaale,Busaale CU Primary School,Government,Male,Division 1,0
d102,c102,s108,p102,Kayunga,Ntenjeru,2022,Kayunga,Busaale,Busaale CU Primary School,Government,Female,Division 1,0
d102,c102,s108,p102,Kayunga,Ntenjeru,2022,Kayunga,Busaale,Busaale CU Primary School,Government,Male,Division 2,4
d102,c102,s108,p102,Kayunga,Ntenjeru,2022,Kayunga,Busaale,Busaale CU Primary School,Government,Female,Division 2,5
d102,c102,s108,p102,Kayunga,Ntenjeru,2022,Kayunga,Busaale,Busaale CU Primary School,Government,Male,Division 3,5
d102,c102,s108,p102,Kayunga,Ntenjeru,2022,Kayunga,Busaale,Busaale CU Primary School,Government,Female,Division 3,5
d102,c102,s108,p102,Kayunga,Ntenjeru,2022,Kayunga,Busaale,Busaale CU Primary School,Government,Male,Division 4,4
d102,c102,s108,p102,Kayunga,Ntenjeru,2022,Kayunga,Busaale,Busaale CU Primary School,Government,Female,Division 4,6
d102,c102,s108,p102,Kayunga,Ntenjeru,2022,Kayunga,Busaale,Busaale CU Primary School,Government,Male,Division U,5
d102,c102,s108,p102,Kayunga,Ntenjeru,2022,Kayunga,Busaale,Busaale CU Primary School,Government,Female,Division U,8
d102,c102,s108,p102,Kayunga,Ntenjeru,2022,Kayunga,Busaale,Busaale CU Primary School,Government,Male,Division X,0
d102,c102,s108,p102,Kayunga,Ntenjeru,2022,Kayunga,Busaale,Busaale CU Primary School,Government,Female,Division X,1
d102,c102,s108,p105,Kayunga,Ntenjeru,2022,Kayunga,Buyobe,Buwungiro Primary School,Government,Male,Division 1,0
d102,c102,s108,p105,Kayunga,Ntenjeru,2022,Kayunga,Buyobe,Buwungiro Primary School,Government,Female,Division 1,2
d102,c102,s108,p105,Kayunga,Ntenjeru,2022,Kayunga,Buyobe,Buwungiro Primary School,Government,Male,Division 2,15
d102,c102,s108,p105,Kayunga,Ntenjeru,2022,Kayunga,Buyobe,Buwungiro Primary School,Government,Female,Division 2,15
d102,c102,s108,p105,Kayunga,Ntenjeru,2022,Kayunga,Buyobe,Buwungiro Primary School,Government,Male,Division 3,1
d102,c102,s108,p105,Kayunga,Ntenjeru,2022,Kayunga,Buyobe,Buwungiro Primary School,Government,Female,Division 3,0
d102,c102,s108,p105,Kayunga,Ntenjeru,2022,Kayunga,Buyobe,Buwungiro Primary School,Government,Male,Division 4,0
d102,c102,s108,p105,Kayunga,Ntenjeru,2022,Kayunga,Buyobe,Buwungiro Primary School,Government,Female,Division 4,0
d102,c102,s108,p105,Kayunga,Ntenjeru,2022,Kayunga,Buyobe,Buwungiro Primary School,Government,Male,Division U,0
d102,c102,s108,p105,Kayunga,Ntenjeru,2022,Kayunga,Buyobe,Buwungiro Primary School,Government,Female,Division U,0
d102,c102,s108,p105,Kayunga,Ntenjeru,2022,Kayunga,Buyobe,Buwungiro Primary School,Government,Male,Division X,1
d102,c102,s108,p105,Kayunga,Ntenjeru,2022,Kayunga,Buyobe,Buwungiro Primary School,Government,Female,Division X,0
d102,c102,s108,p103,Kayunga,Ntenjeru,2022,Kayunga,Bukolooto,Bwetyaba RC Primary School,Government,Male,Division 1,1
d102,c102,s108,p103,Kayunga,Ntenjeru,2022,Kayunga,Bukolooto,Bwetyaba RC Primary School,Government,Female,Division 1,1
d102,c102,s108,p103,Kayunga,Ntenjeru,2022,Kayunga,Bukolooto,Bwetyaba RC Primary School,Government,Male,Division 2,19
d102,c102,s108,p103,Kayunga,Ntenjeru,2022,Kayunga,Bukolooto,Bwetyaba RC Primary School,Government,Female,Division 2,39
d102,c102,s108,p103,Kayunga,Ntenjeru,2022,Kayunga,Bukolooto,Bwetyaba RC Primary School,Government,Male,Division 3,5
d102,c102,s108,p103,Kayunga,Ntenjeru,2022,Kayunga,Bukolooto,Bwetyaba RC Primary School,Government,Female,Division 3,6
d102,c102,s108,p103,Kayunga,Ntenjeru,2022,Kayunga,Bukolooto,Bwetyaba RC Primary School,Government,Male,Division 4,3
d102,c102,s108,p103,Kayunga,Ntenjeru,2022,Kayunga,Bukolooto,Bwetyaba RC Primary School,Government,Female,Division 4,3
d102,c102,s108,p103,Kayunga,Ntenjeru,2022,Kayunga,Bukolooto,Bwetyaba RC Primary School,Government,Male,Division U,0
d102,c102,s108,p103,Kayunga,Ntenjeru,2022,Kayunga,Bukolooto,Bwetyaba RC Primary School,Government,Female,Division U,1
d102,c102,s108,p103,Kayunga,Ntenjeru,2022,Kayunga,Bukolooto,Bwetyaba RC Primary School,Government,Male,Division X,0
d102,c102,s108,p103,Kayunga,Ntenjeru,2022,Kayunga,Bukolooto,Bwetyaba RC Primary School,Government,Female,Division X,0
d102,c102,s108,p105,Kayunga,Ntenjeru,2022,Kayunga,Buyobe,Kanjuki CU Primary School,Government,Male,Division 1,1
d102,c102,s108,p105,Kayunga,Ntenjeru,2022,Kayunga,Buyobe,Kanjuki CU Primary School,Government,Female,Division 1,4
d102,c102,s108,p105,Kayunga,Ntenjeru,2022,Kayunga,Buyobe,Kanjuki CU Primary School,Government,Male,Division 2,15
d102,c102,s108,p105,Kayunga,Ntenjeru,2022,Kayunga,Buyobe,Kanjuki CU Primary School,Government,Female,Division 2,24
d102,c102,s108,p105,Kayunga,Ntenjeru,2022,Kayunga,Buyobe,Kanjuki CU Primary School,Government,Male,Division 3,5
d102,c102,s108,p105,Kayunga,Ntenjeru,2022,Kayunga,Buyobe,Kanjuki CU Primary School,Government,Female,Division 3,7
d102,c102,s108,p105,Kayunga,Ntenjeru,2022,Kayunga,Buyobe,Kanjuki CU Primary School,Government,Male,Division 4,6
d102,c102,s108,p105,Kayunga,Ntenjeru,2022,Kayunga,Buyobe,Kanjuki CU Primary School,Government,Female,Division 4,9
d102,c102,s108,p105,Kayunga,Ntenjeru,2022,Kayunga,Buyobe,Kanjuki CU Primary School,Government,Male,Division U,3
d102,c102,s108,p105,Kayunga,Ntenjeru,2022,Kayunga,Buyobe,Kanjuki CU Primary School,Government,Female,Division U,10
d102,c102,s108,p105,Kayunga,Ntenjeru,2022,Kayunga,Buyobe,Kanjuki CU Primary School,Government,Male,Division X,0
d102,c102,s108,p105,Kayunga,Ntenjeru,2022,Kayunga,Buyobe,Kanjuki CU Primary School,Government,Female,Division X,0
d102,c102,s108,p105,Kayunga,Ntenjeru,2022,Kayunga,Buyobe,Kanjuki RC Primary School,Government,Male,Division 1,0
d102,c102,s108,p105,Kayunga,Ntenjeru,2022,Kayunga,Buyobe,Kanjuki RC Primary School,Government,Female,Division 1,0
d102,c102,s108,p105,Kayunga,Ntenjeru,2022,Kayunga,Buyobe,Kanjuki RC Primary School,Government,Male,Division 2,2
d102,c102,s108,p105,Kayunga,Ntenjeru,2022,Kayunga,Buyobe,Kanjuki RC Primary School,Government,Female,Division 2,2
d102,c102,s108,p105,Kayunga,Ntenjeru,2022,Kayunga,Buyobe,Kanjuki RC Primary School,Government,Male,Division 3,1
d102,c102,s108,p105,Kayunga,Ntenjeru,2022,Kayunga,Buyobe,Kanjuki RC Primary School,Government,Female,Division 3,3
d102,c102,s108,p105,Kayunga,Ntenjeru,2022,Kayunga,Buyobe,Kanjuki RC Primary School,Government,Male,Division 4,3
d102,c102,s108,p105,Kayunga,Ntenjeru,2022,Kayunga,Buyobe,Kanjuki RC Primary School,Government,Female,Division 4,3
d102,c102,s108,p105,Kayunga,Ntenjeru,2022,Kayunga,Buyobe,Kanjuki RC Primary School,Government,Male,Division U,9
d102,c102,s108,p105,Kayunga,Ntenjeru,2022,Kayunga,Buyobe,Kanjuki RC Primary School,Government,Female,Division U,11
d102,c102,s108,p105,Kayunga,Ntenjeru,2022,Kayunga,Buyobe,Kanjuki RC Primary School,Government,Male,Division X,0
d102,c102,s108,p105,Kayunga,Ntenjeru,2022,Kayunga,Buyobe,Kanjuki RC Primary School,Government,Female,Division X,1
d102,c102,s108,p105,Kayunga,Ntenjeru,2022,Kayunga,Buyobe,Kanjuki UMEA Primary School,Government,Male,Division 1,6
d102,c102,s108,p105,Kayunga,Ntenjeru,2022,Kayunga,Buyobe,Kanjuki UMEA Primary School,Government,Female,Division 1,1
d102,c102,s108,p105,Kayunga,Ntenjeru,2022,Kayunga,Buyobe,Kanjuki UMEA Primary School,Government,Male,Division 2,14
d102,c102,s108,p105,Kayunga,Ntenjeru,2022,Kayunga,Buyobe,Kanjuki UMEA Primary School,Government,Female,Division 2,18
d102,c102,s108,p105,Kayunga,Ntenjeru,2022,Kayunga,Buyobe,Kanjuki UMEA Primary School,Government,Male,Division 3,5
d102,c102,s108,p105,Kayunga,Ntenjeru,2022,Kayunga,Buyobe,Kanjuki UMEA Primary School,Government,Female,Division 3,13
d102,c102,s108,p105,Kayunga,Ntenjeru,2022,Kayunga,Buyobe,Kanjuki UMEA Primary School,Government,Male,Division 4,6
d102,c102,s108,p105,Kayunga,Ntenjeru,2022,Kayunga,Buyobe,Kanjuki UMEA Primary School,Government,Female,Division 4,2
d102,c102,s108,p105,Kayunga,Ntenjeru,2022,Kayunga,Buyobe,Kanjuki UMEA Primary School,Government,Male,Division U,0
d102,c102,s108,p105,Kayunga,Ntenjeru,2022,Kayunga,Buyobe,Kanjuki UMEA Primary School,Government,Female,Division U,0
d102,c102,s108,p105,Kayunga,Ntenjeru,2022,Kayunga,Buyobe,Kanjuki UMEA Primary School,Government,Male,Division X,1
d102,c102,s108,p105,Kayunga,Ntenjeru,2022,Kayunga,Buyobe,Kanjuki UMEA Primary School,Government,Female,Division X,1
d102,c102,s108,p106,Kayunga,Ntenjeru,2022,Kayunga,Nsotoka,Kiwooza CU Primary School,Government,Male,Division 1,0
d102,c102,s108,p106,Kayunga,Ntenjeru,2022,Kayunga,Nsotoka,Kiwooza CU Primary School,Government,Female,Division 1,0
d102,c102,s108,p106,Kayunga,Ntenjeru,2022,Kayunga,Nsotoka,Kiwooza CU Primary School,Government,Male,Division 2,6
d102,c102,s108,p106,Kayunga,Ntenjeru,2022,Kayunga,Nsotoka,Kiwooza CU Primary School,Government,Female,Division 2,5
d102,c102,s108,p106,Kayunga,Ntenjeru,2022,Kayunga,Nsotoka,Kiwooza CU Primary School,Government,Male,Division 3,5
d102,c102,s108,p106,Kayunga,Ntenjeru,2022,Kayunga,Nsotoka,Kiwooza CU Primary School,Government,Female,Division 3,5
d102,c102,s108,p106,Kayunga,Ntenjeru,2022,Kayunga,Nsotoka,Kiwooza CU Primary School,Government,Male,Division 4,5
d102,c102,s108,p106,Kayunga,Ntenjeru,2022,Kayunga,Nsotoka,Kiwooza CU Primary School,Government,Female,Division 4,5
d102,c102,s108,p106,Kayunga,Ntenjeru,2022,Kayunga,Nsotoka,Kiwooza CU Primary School,Government,Male,Division U,2
d102,c102,s108,p106,Kayunga,Ntenjeru,2022,Kayunga,Nsotoka,Kiwooza CU Primary School,Government,Female,Division U,1
d102,c102,s108,p106,Kayunga,Ntenjeru,2022,Kayunga,Nsotoka,Kiwooza CU Primary School,Government,Male,Division X,4
d102,c102,s108,p106,Kayunga,Ntenjeru,2022,Kayunga,Nsotoka,Kiwooza CU Primary School,Government,Female,Division X,3
d102,c102,s108,p105,Kayunga,Ntenjeru,2022,Kayunga,Buyobe,Kyanya CU Primary School,Government,Male,Division 1,0
d102,c102,s108,p105,Kayunga,Ntenjeru,2022,Kayunga,Buyobe,Kyanya CU Primary School,Government,Female,Division 1,0
d102,c102,s108,p105,Kayunga,Ntenjeru,2022,Kayunga,Buyobe,Kyanya CU Primary School,Government,Male,Division 2,3
d102,c102,s108,p105,Kayunga,Ntenjeru,2022,Kayunga,Buyobe,Kyanya CU Primary School,Government,Female,Division 2,3
d102,c102,s108,p105,Kayunga,Ntenjeru,2022,Kayunga,Buyobe,Kyanya CU Primary School,Government,Male,Division 3,2
d102,c102,s108,p105,Kayunga,Ntenjeru,2022,Kayunga,Buyobe,Kyanya CU Primary School,Government,Female,Division 3,6
d102,c102,s108,p105,Kayunga,Ntenjeru,2022,Kayunga,Buyobe,Kyanya CU Primary School,Government,Male,Division 4,2
d102,c102,s108,p105,Kayunga,Ntenjeru,2022,Kayunga,Buyobe,Kyanya CU Primary School,Government,Female,Division 4,2
d102,c102,s108,p105,Kayunga,Ntenjeru,2022,Kayunga,Buyobe,Kyanya CU Primary School,Government,Male,Division U,6
d102,c102,s108,p105,Kayunga,Ntenjeru,2022,Kayunga,Buyobe,Kyanya CU Primary School,Government,Female,Division U,5
d102,c102,s108,p105,Kayunga,Ntenjeru,2022,Kayunga,Buyobe,Kyanya CU Primary School,Government,Male,Division X,0
d102,c102,s108,p105,Kayunga,Ntenjeru,2022,Kayunga,Buyobe,Kyanya CU Primary School,Government,Female,Division X,2
d102,c102,s108,p106,Kayunga,Ntenjeru,2022,Kayunga,Nsotoka,Mataba Muslim Quaran Primary School,Private,Male,Division 1,2
d102,c102,s108,p106,Kayunga,Ntenjeru,2022,Kayunga,Nsotoka,Mataba Muslim Quaran Primary School,Private,Female,Division 1,2
d102,c102,s108,p106,Kayunga,Ntenjeru,2022,Kayunga,Nsotoka,Mataba Muslim Quaran Primary School,Private,Male,Division 2,26
d102,c102,s108,p106,Kayunga,Ntenjeru,2022,Kayunga,Nsotoka,Mataba Muslim Quaran Primary School,Private,Female,Division 2,25
d102,c102,s108,p106,Kayunga,Ntenjeru,2022,Kayunga,Nsotoka,Mataba Muslim Quaran Primary School,Private,Male,Division 3,2
d102,c102,s108,p106,Kayunga,Ntenjeru,2022,Kayunga,Nsotoka,Mataba Muslim Quaran Primary School,Private,Female,Division 3,2
d102,c102,s108,p106,Kayunga,Ntenjeru,2022,Kayunga,Nsotoka,Mataba Muslim Quaran Primary School,Private,Male,Division 4,1
d102,c102,s108,p106,Kayunga,Ntenjeru,2022,Kayunga,Nsotoka,Mataba Muslim Quaran Primary School,Private,Female,Division 4,2
d102,c102,s108,p106,Kayunga,Ntenjeru,2022,Kayunga,Nsotoka,Mataba Muslim Quaran Primary School,Private,Male,Division U,0
d102,c102,s108,p106,Kayunga,Ntenjeru,2022,Kayunga,Nsotoka,Mataba Muslim Quaran Primary School,Private,Female,Division U,1
d102,c102,s108,p106,Kayunga,Ntenjeru,2022,Kayunga,Nsotoka,Mataba Muslim Quaran Primary School,Private,Male,Division X,0
d102,c102,s108,p106,Kayunga,Ntenjeru,2022,Kayunga,Nsotoka,Mataba Muslim Quaran Primary School,Private,Female,Division X,0
d102,c102,s108,p108,Kayunga,Ntenjeru,2022,Kayunga,Kiteredde,Mpumudde Junior School,Private,Male,Division 1,2
d102,c102,s108,p108,Kayunga,Ntenjeru,2022,Kayunga,Kiteredde,Mpumudde Junior School,Private,Female,Division 1,0
d102,c102,s108,p108,Kayunga,Ntenjeru,2022,Kayunga,Kiteredde,Mpumudde Junior School,Private,Male,Division 2,18
d102,c102,s108,p108,Kayunga,Ntenjeru,2022,Kayunga,Kiteredde,Mpumudde Junior School,Private,Female,Division 2,14
d102,c102,s108,p108,Kayunga,Ntenjeru,2022,Kayunga,Kiteredde,Mpumudde Junior School,Private,Male,Division 3,8
d102,c102,s108,p108,Kayunga,Ntenjeru,2022,Kayunga,Kiteredde,Mpumudde Junior School,Private,Female,Division 3,4
d102,c102,s108,p108,Kayunga,Ntenjeru,2022,Kayunga,Kiteredde,Mpumudde Junior School,Private,Male,Division 4,8
d102,c102,s108,p108,Kayunga,Ntenjeru,2022,Kayunga,Kiteredde,Mpumudde Junior School,Private,Female,Division 4,10
d102,c102,s108,p108,Kayunga,Ntenjeru,2022,Kayunga,Kiteredde,Mpumudde Junior School,Private,Male,Division U,0
d102,c102,s108,p108,Kayunga,Ntenjeru,2022,Kayunga,Kiteredde,Mpumudde Junior School,Private,Female,Division U,5
d102,c102,s108,p108,Kayunga,Ntenjeru,2022,Kayunga,Kiteredde,Mpumudde Junior School,Private,Male,Division X,0
d102,c102,s108,p108,Kayunga,Ntenjeru,2022,Kayunga,Kiteredde,Mpumudde Junior School,Private,Female,Division X,1
d102,c102,s108,p101,Kayunga,Ntenjeru,2022,Kayunga,Bubajjwe,Mugema Primary School,Government,Male,Division 1,2
d102,c102,s108,p101,Kayunga,Ntenjeru,2022,Kayunga,Bubajjwe,Mugema Primary School,Government,Female,Division 1,0
d102,c102,s108,p101,Kayunga,Ntenjeru,2022,Kayunga,Bubajjwe,Mugema Primary School,Government,Male,Division 2,19
d102,c102,s108,p101,Kayunga,Ntenjeru,2022,Kayunga,Bubajjwe,Mugema Primary School,Government,Female,Division 2,12
d102,c102,s108,p101,Kayunga,Ntenjeru,2022,Kayunga,Bubajjwe,Mugema Primary School,Government,Male,Division 3,9
d102,c102,s108,p101,Kayunga,Ntenjeru,2022,Kayunga,Bubajjwe,Mugema Primary School,Government,Female,Division 3,11
d102,c102,s108,p101,Kayunga,Ntenjeru,2022,Kayunga,Bubajjwe,Mugema Primary School,Government,Male,Division 4,2
d102,c102,s108,p101,Kayunga,Ntenjeru,2022,Kayunga,Bubajjwe,Mugema Primary School,Government,Female,Division 4,14
d102,c102,s108,p101,Kayunga,Ntenjeru,2022,Kayunga,Bubajjwe,Mugema Primary School,Government,Male,Division U,19
d102,c102,s108,p101,Kayunga,Ntenjeru,2022,Kayunga,Bubajjwe,Mugema Primary School,Government,Female,Division U,20
d102,c102,s108,p101,Kayunga,Ntenjeru,2022,Kayunga,Bubajjwe,Mugema Primary School,Government,Male,Division X,2
d102,c102,s108,p101,Kayunga,Ntenjeru,2022,Kayunga,Bubajjwe,Mugema Primary School,Government,Female,Division X,2
d102,c102,s108,p104,Kayunga,Ntenjeru,2022,Kayunga,Nakaseeta,Nakaziba CU Primary School,Government,Male,Division 1,0
d102,c102,s108,p104,Kayunga,Ntenjeru,2022,Kayunga,Nakaseeta,Nakaziba CU Primary School,Government,Female,Division 1,0
d102,c102,s108,p104,Kayunga,Ntenjeru,2022,Kayunga,Nakaseeta,Nakaziba CU Primary School,Government,Male,Division 2,7
d102,c102,s108,p104,Kayunga,Ntenjeru,2022,Kayunga,Nakaseeta,Nakaziba CU Primary School,Government,Female,Division 2,3
d102,c102,s108,p104,Kayunga,Ntenjeru,2022,Kayunga,Nakaseeta,Nakaziba CU Primary School,Government,Male,Division 3,0
d102,c102,s108,p104,Kayunga,Ntenjeru,2022,Kayunga,Nakaseeta,Nakaziba CU Primary School,Government,Female,Division 3,6
d102,c102,s108,p104,Kayunga,Ntenjeru,2022,Kayunga,Nakaseeta,Nakaziba CU Primary School,Government,Male,Division 4,3
d102,c102,s108,p104,Kayunga,Ntenjeru,2022,Kayunga,Nakaseeta,Nakaziba CU Primary School,Government,Female,Division 4,4
d102,c102,s108,p104,Kayunga,Ntenjeru,2022,Kayunga,Nakaseeta,Nakaziba CU Primary School,Government,Male,Division U,3
d102,c102,s108,p104,Kayunga,Ntenjeru,2022,Kayunga,Nakaseeta,Nakaziba CU Primary School,Government,Female,Division U,2
d102,c102,s108,p104,Kayunga,Ntenjeru,2022,Kayunga,Nakaseeta,Nakaziba CU Primary School,Government,Male,Division X,0
d102,c102,s108,p104,Kayunga,Ntenjeru,2022,Kayunga,Nakaseeta,Nakaziba CU Primary School,Government,Female,Division X,1
d102,c102,s108,p106,Kayunga,Ntenjeru,2022,Kayunga,Nsotoka,Namulanda CU Primary School,Government,Male,Division 1,0
d102,c102,s108,p106,Kayunga,Ntenjeru,2022,Kayunga,Nsotoka,Namulanda CU Primary School,Government,Female,Division 1,0
d102,c102,s108,p106,Kayunga,Ntenjeru,2022,Kayunga,Nsotoka,Namulanda CU Primary School,Government,Male,Division 2,3
d102,c102,s108,p106,Kayunga,Ntenjeru,2022,Kayunga,Nsotoka,Namulanda CU Primary School,Government,Female,Division 2,4
d102,c102,s108,p106,Kayunga,Ntenjeru,2022,Kayunga,Nsotoka,Namulanda CU Primary School,Government,Male,Division 3,2
d102,c102,s108,p106,Kayunga,Ntenjeru,2022,Kayunga,Nsotoka,Namulanda CU Primary School,Government,Female,Division 3,6
d102,c102,s108,p106,Kayunga,Ntenjeru,2022,Kayunga,Nsotoka,Namulanda CU Primary School,Government,Male,Division 4,2
d102,c102,s108,p106,Kayunga,Ntenjeru,2022,Kayunga,Nsotoka,Namulanda CU Primary School,Government,Female,Division 4,1
d102,c102,s108,p106,Kayunga,Ntenjeru,2022,Kayunga,Nsotoka,Namulanda CU Primary School,Government,Male,Division U,0
d102,c102,s108,p106,Kayunga,Ntenjeru,2022,Kayunga,Nsotoka,Namulanda CU Primary School,Government,Female,Division U,0
d102,c102,s108,p106,Kayunga,Ntenjeru,2022,Kayunga,Nsotoka,Namulanda CU Primary School,Government,Male,Division X,1
d102,c102,s108,p106,Kayunga,Ntenjeru,2022,Kayunga,Nsotoka,Namulanda CU Primary School,Government,Female,Division X,0
d102,c102,s108,p106,Kayunga,Ntenjeru,2022,Kayunga,Nsotoka,Namulanda RC Primary School,Government,Male,Division 1,0
d102,c102,s108,p106,Kayunga,Ntenjeru,2022,Kayunga,Nsotoka,Namulanda RC Primary School,Government,Female,Division 1,0
d102,c102,s108,p106,Kayunga,Ntenjeru,2022,Kayunga,Nsotoka,Namulanda RC Primary School,Government,Male,Division 2,1
d102,c102,s108,p106,Kayunga,Ntenjeru,2022,Kayunga,Nsotoka,Namulanda RC Primary School,Government,Female,Division 2,5
d102,c102,s108,p106,Kayunga,Ntenjeru,2022,Kayunga,Nsotoka,Namulanda RC Primary School,Government,Male,Division 3,0
d102,c102,s108,p106,Kayunga,Ntenjeru,2022,Kayunga,Nsotoka,Namulanda RC Primary School,Government,Female,Division 3,2
d102,c102,s108,p106,Kayunga,Ntenjeru,2022,Kayunga,Nsotoka,Namulanda RC Primary School,Government,Male,Division 4,2
d102,c102,s108,p106,Kayunga,Ntenjeru,2022,Kayunga,Nsotoka,Namulanda RC Primary School,Government,Female,Division 4,4
d102,c102,s108,p106,Kayunga,Ntenjeru,2022,Kayunga,Nsotoka,Namulanda RC Primary School,Government,Male,Division U,0
d102,c102,s108,p106,Kayunga,Ntenjeru,2022,Kayunga,Nsotoka,Namulanda RC Primary School,Government,Female,Division U,6
d102,c102,s108,p106,Kayunga,Ntenjeru,2022,Kayunga,Nsotoka,Namulanda RC Primary School,Government,Male,Division X,0
d102,c102,s108,p106,Kayunga,Ntenjeru,2022,Kayunga,Nsotoka,Namulanda RC Primary School,Government,Female,Division X,0
d102,c102,s108,p103,Kayunga,Ntenjeru,2022,Kayunga,Bukolooto,Nawandagala RC Primary School,Government,Male,Division 1,0
d102,c102,s108,p103,Kayunga,Ntenjeru,2022,Kayunga,Bukolooto,Nawandagala RC Primary School,Government,Female,Division 1,0
d102,c102,s108,p103,Kayunga,Ntenjeru,2022,Kayunga,Bukolooto,Nawandagala RC Primary School,Government,Male,Division 2,0
d102,c102,s108,p103,Kayunga,Ntenjeru,2022,Kayunga,Bukolooto,Nawandagala RC Primary School,Government,Female,Division 2,0
d102,c102,s108,p103,Kayunga,Ntenjeru,2022,Kayunga,Bukolooto,Nawandagala RC Primary School,Government,Male,Division 3,0
d102,c102,s108,p103,Kayunga,Ntenjeru,2022,Kayunga,Bukolooto,Nawandagala RC Primary School,Government,Female,Division 3,4
d102,c102,s108,p103,Kayunga,Ntenjeru,2022,Kayunga,Bukolooto,Nawandagala RC Primary School,Government,Male,Division 4,1
d102,c102,s108,p103,Kayunga,Ntenjeru,2022,Kayunga,Bukolooto,Nawandagala RC Primary School,Government,Female,Division 4,7
d102,c102,s108,p103,Kayunga,Ntenjeru,2022,Kayunga,Bukolooto,Nawandagala RC Primary School,Government,Male,Division U,8
d102,c102,s108,p103,Kayunga,Ntenjeru,2022,Kayunga,Bukolooto,Nawandagala RC Primary School,Government,Female,Division U,4
d102,c102,s108,p103,Kayunga,Ntenjeru,2022,Kayunga,Bukolooto,Nawandagala RC Primary School,Government,Male,Division X,1
d102,c102,s108,p103,Kayunga,Ntenjeru,2022,Kayunga,Bukolooto,Nawandagala RC Primary School,Government,Female,Division X,2
d102,c102,s108,p106,Kayunga,Ntenjeru,2022,Kayunga,Nsotoka,Nsotoka Islamic Primary School,Private,Male,Division 1,1
d102,c102,s108,p106,Kayunga,Ntenjeru,2022,Kayunga,Nsotoka,Nsotoka Islamic Primary School,Private,Female,Division 1,1
d102,c102,s108,p106,Kayunga,Ntenjeru,2022,Kayunga,Nsotoka,Nsotoka Islamic Primary School,Private,Male,Division 2,24
d102,c102,s108,p106,Kayunga,Ntenjeru,2022,Kayunga,Nsotoka,Nsotoka Islamic Primary School,Private,Female,Division 2,16
d102,c102,s108,p106,Kayunga,Ntenjeru,2022,Kayunga,Nsotoka,Nsotoka Islamic Primary School,Private,Male,Division 3,10
d102,c102,s108,p106,Kayunga,Ntenjeru,2022,Kayunga,Nsotoka,Nsotoka Islamic Primary School,Private,Female,Division 3,5
d102,c102,s108,p106,Kayunga,Ntenjeru,2022,Kayunga,Nsotoka,Nsotoka Islamic Primary School,Private,Male,Division 4,2
d102,c102,s108,p106,Kayunga,Ntenjeru,2022,Kayunga,Nsotoka,Nsotoka Islamic Primary School,Private,Female,Division 4,0
d102,c102,s108,p106,Kayunga,Ntenjeru,2022,Kayunga,Nsotoka,Nsotoka Islamic Primary School,Private,Male,Division U,0
d102,c102,s108,p106,Kayunga,Ntenjeru,2022,Kayunga,Nsotoka,Nsotoka Islamic Primary School,Private,Female,Division U,0
d102,c102,s108,p106,Kayunga,Ntenjeru,2022,Kayunga,Nsotoka,Nsotoka Islamic Primary School,Private,Male,Division X,1
d102,c102,s108,p106,Kayunga,Ntenjeru,2022,Kayunga,Nsotoka,Nsotoka Islamic Primary School,Private,Female,Division X,0
d102,c102,s108,p106,Kayunga,Ntenjeru,2022,Kayunga,Nsotoka,Obadia Sajjabi Community Primary School,Private,Male,Division 1,0
d102,c102,s108,p106,Kayunga,Ntenjeru,2022,Kayunga,Nsotoka,Obadia Sajjabi Community Primary School,Private,Female,Division 1,1
d102,c102,s108,p106,Kayunga,Ntenjeru,2022,Kayunga,Nsotoka,Obadia Sajjabi Community Primary School,Private,Male,Division 2,6
d102,c102,s108,p106,Kayunga,Ntenjeru,2022,Kayunga,Nsotoka,Obadia Sajjabi Community Primary School,Private,Female,Division 2,11
d102,c102,s108,p106,Kayunga,Ntenjeru,2022,Kayunga,Nsotoka,Obadia Sajjabi Community Primary School,Private,Male,Division 3,8
d102,c102,s108,p106,Kayunga,Ntenjeru,2022,Kayunga,Nsotoka,Obadia Sajjabi Community Primary School,Private,Female,Division 3,7
d102,c102,s108,p106,Kayunga,Ntenjeru,2022,Kayunga,Nsotoka,Obadia Sajjabi Community Primary School,Private,Male,Division 4,7
d102,c102,s108,p106,Kayunga,Ntenjeru,2022,Kayunga,Nsotoka,Obadia Sajjabi Community Primary School,Private,Female,Division 4,2
d102,c102,s108,p106,Kayunga,Ntenjeru,2022,Kayunga,Nsotoka,Obadia Sajjabi Community Primary School,Private,Male,Division U,3
d102,c102,s108,p106,Kayunga,Ntenjeru,2022,Kayunga,Nsotoka,Obadia Sajjabi Community Primary School,Private,Female,Division U,4
d102,c102,s108,p106,Kayunga,Ntenjeru,2022,Kayunga,Nsotoka,Obadia Sajjabi Community Primary School,Private,Male,Division X,0
d102,c102,s108,p106,Kayunga,Ntenjeru,2022,Kayunga,Nsotoka,Obadia Sajjabi Community Primary School,Private,Female,Division X,1
d102,c102,s108,p108,Kayunga,Ntenjeru,2022,Kayunga,Kiteredde,Ssekagya Islamic Primary School,Government,Male,Division 1,15
d102,c102,s108,p108,Kayunga,Ntenjeru,2022,Kayunga,Kiteredde,Ssekagya Islamic Primary School,Government,Female,Division 1,23
d102,c102,s108,p108,Kayunga,Ntenjeru,2022,Kayunga,Kiteredde,Ssekagya Islamic Primary School,Government,Male,Division 2,23
d102,c102,s108,p108,Kayunga,Ntenjeru,2022,Kayunga,Kiteredde,Ssekagya Islamic Primary School,Government,Female,Division 2,22
d102,c102,s108,p108,Kayunga,Ntenjeru,2022,Kayunga,Kiteredde,Ssekagya Islamic Primary School,Government,Male,Division 3,5
d102,c102,s108,p108,Kayunga,Ntenjeru,2022,Kayunga,Kiteredde,Ssekagya Islamic Primary School,Government,Female,Division 3,4
d102,c102,s108,p108,Kayunga,Ntenjeru,2022,Kayunga,Kiteredde,Ssekagya Islamic Primary School,Government,Male,Division 4,0
d102,c102,s108,p108,Kayunga,Ntenjeru,2022,Kayunga,Kiteredde,Ssekagya Islamic Primary School,Government,Female,Division 4,4
d102,c102,s108,p108,Kayunga,Ntenjeru,2022,Kayunga,Kiteredde,Ssekagya Islamic Primary School,Government,Male,Division U,0
d102,c102,s108,p108,Kayunga,Ntenjeru,2022,Kayunga,Kiteredde,Ssekagya Islamic Primary School,Government,Female,Division U,1
d102,c102,s108,p108,Kayunga,Ntenjeru,2022,Kayunga,Kiteredde,Ssekagya Islamic Primary School,Government,Male,Division X,2
d102,c102,s108,p108,Kayunga,Ntenjeru,2022,Kayunga,Kiteredde,Ssekagya Islamic Primary School,Government,Female,Division X,0
d102,c102,s108,p103,Kayunga,Ntenjeru,2022,Kayunga,Bukolooto,Ssezibwa CU Primary School,Government,Male,Division 1,12
d102,c102,s108,p103,Kayunga,Ntenjeru,2022,Kayunga,Bukolooto,Ssezibwa CU Primary School,Government,Female,Division 1,11
d102,c102,s108,p103,Kayunga,Ntenjeru,2022,Kayunga,Bukolooto,Ssezibwa CU Primary School,Government,Male,Division 2,16
d102,c102,s108,p103,Kayunga,Ntenjeru,2022,Kayunga,Bukolooto,Ssezibwa CU Primary School,Government,Female,Division 2,19
d102,c102,s108,p103,Kayunga,Ntenjeru,2022,Kayunga,Bukolooto,Ssezibwa CU Primary School,Government,Male,Division 3,4
d102,c102,s108,p103,Kayunga,Ntenjeru,2022,Kayunga,Bukolooto,Ssezibwa CU Primary School,Government,Female,Division 3,5
d102,c102,s108,p103,Kayunga,Ntenjeru,2022,Kayunga,Bukolooto,Ssezibwa CU Primary School,Government,Male,Division 4,1
d102,c102,s108,p103,Kayunga,Ntenjeru,2022,Kayunga,Bukolooto,Ssezibwa CU Primary School,Government,Female,Division 4,1
d102,c102,s108,p103,Kayunga,Ntenjeru,2022,Kayunga,Bukolooto,Ssezibwa CU Primary School,Government,Male,Division U,0
d102,c102,s108,p103,Kayunga,Ntenjeru,2022,Kayunga,Bukolooto,Ssezibwa CU Primary School,Government,Female,Division U,0
d102,c102,s108,p103,Kayunga,Ntenjeru,2022,Kayunga,Bukolooto,Ssezibwa CU Primary School,Government,Male,Division X,0
d102,c102,s108,p103,Kayunga,Ntenjeru,2022,Kayunga,Bukolooto,Ssezibwa CU Primary School,Government,Female,Division X,2
d102,c102,s108,p103,Kayunga,Ntenjeru,2022,Kayunga,Bukolooto,St Anthony Junior School,Private,Male,Division 1,14
d102,c102,s108,p103,Kayunga,Ntenjeru,2022,Kayunga,Bukolooto,St Anthony Junior School,Private,Female,Division 1,15
d102,c102,s108,p103,Kayunga,Ntenjeru,2022,Kayunga,Bukolooto,St Anthony Junior School,Private,Male,Division 2,13
d102,c102,s108,p103,Kayunga,Ntenjeru,2022,Kayunga,Bukolooto,St Anthony Junior School,Private,Female,Division 2,16
d102,c102,s108,p103,Kayunga,Ntenjeru,2022,Kayunga,Bukolooto,St Anthony Junior School,Private,Male,Division 3,1
d102,c102,s108,p103,Kayunga,Ntenjeru,2022,Kayunga,Bukolooto,St Anthony Junior School,Private,Female,Division 3,4
d102,c102,s108,p103,Kayunga,Ntenjeru,2022,Kayunga,Bukolooto,St Anthony Junior School,Private,Male,Division 4,1
d102,c102,s108,p103,Kayunga,Ntenjeru,2022,Kayunga,Bukolooto,St Anthony Junior School,Private,Female,Division 4,1
d102,c102,s108,p103,Kayunga,Ntenjeru,2022,Kayunga,Bukolooto,St Anthony Junior School,Private,Male,Division U,0
d102,c102,s108,p103,Kayunga,Ntenjeru,2022,Kayunga,Bukolooto,St Anthony Junior School,Private,Female,Division U,1
d102,c102,s108,p103,Kayunga,Ntenjeru,2022,Kayunga,Bukolooto,St Anthony Junior School,Private,Male,Division X,0
d102,c102,s108,p103,Kayunga,Ntenjeru,2022,Kayunga,Bukolooto,St Anthony Junior School,Private,Female,Division X,0
d102,c102,s109,p145,Kayunga,Ntenjeru,2022,Kayunga Town Council,Bukolooto Ward,Aunt Vicky Primary School,Private,Male,Division 1,1
d102,c102,s109,p145,Kayunga,Ntenjeru,2022,Kayunga Town Council,Bukolooto Ward,Aunt Vicky Primary School,Private,Female,Division 1,1
d102,c102,s109,p145,Kayunga,Ntenjeru,2022,Kayunga Town Council,Bukolooto Ward,Aunt Vicky Primary School,Private,Male,Division 2,6
d102,c102,s109,p145,Kayunga,Ntenjeru,2022,Kayunga Town Council,Bukolooto Ward,Aunt Vicky Primary School,Private,Female,Division 2,18
d102,c102,s109,p145,Kayunga,Ntenjeru,2022,Kayunga Town Council,Bukolooto Ward,Aunt Vicky Primary School,Private,Male,Division 3,0
d102,c102,s109,p145,Kayunga,Ntenjeru,2022,Kayunga Town Council,Bukolooto Ward,Aunt Vicky Primary School,Private,Female,Division 3,4
d102,c102,s109,p145,Kayunga,Ntenjeru,2022,Kayunga Town Council,Bukolooto Ward,Aunt Vicky Primary School,Private,Male,Division 4,1
d102,c102,s109,p145,Kayunga,Ntenjeru,2022,Kayunga Town Council,Bukolooto Ward,Aunt Vicky Primary School,Private,Female,Division 4,3
d102,c102,s109,p145,Kayunga,Ntenjeru,2022,Kayunga Town Council,Bukolooto Ward,Aunt Vicky Primary School,Private,Male,Division U,3
d102,c102,s109,p145,Kayunga,Ntenjeru,2022,Kayunga Town Council,Bukolooto Ward,Aunt Vicky Primary School,Private,Female,Division U,3
d102,c102,s109,p145,Kayunga,Ntenjeru,2022,Kayunga Town Council,Bukolooto Ward,Aunt Vicky Primary School,Private,Male,Division X,1
d102,c102,s109,p145,Kayunga,Ntenjeru,2022,Kayunga Town Council,Bukolooto Ward,Aunt Vicky Primary School,Private,Female,Division X,2
d102,c102,s109,p148,Kayunga,Ntenjeru,2022,Kayunga Town Council,Namagabi Ward,Gospel Valley Nursery And Primary School,Private,Male,Division 1,14
d102,c102,s109,p148,Kayunga,Ntenjeru,2022,Kayunga Town Council,Namagabi Ward,Gospel Valley Nursery And Primary School,Private,Female,Division 1,15
d102,c102,s109,p148,Kayunga,Ntenjeru,2022,Kayunga Town Council,Namagabi Ward,Gospel Valley Nursery And Primary School,Private,Male,Division 2,1
d102,c102,s109,p148,Kayunga,Ntenjeru,2022,Kayunga Town Council,Namagabi Ward,Gospel Valley Nursery And Primary School,Private,Female,Division 2,0
d102,c102,s109,p148,Kayunga,Ntenjeru,2022,Kayunga Town Council,Namagabi Ward,Gospel Valley Nursery And Primary School,Private,Male,Division 3,0
d102,c102,s109,p148,Kayunga,Ntenjeru,2022,Kayunga Town Council,Namagabi Ward,Gospel Valley Nursery And Primary School,Private,Female,Division 3,0
d102,c102,s109,p148,Kayunga,Ntenjeru,2022,Kayunga Town Council,Namagabi Ward,Gospel Valley Nursery And Primary School,Private,Male,Division 4,0
d102,c102,s109,p148,Kayunga,Ntenjeru,2022,Kayunga Town Council,Namagabi Ward,Gospel Valley Nursery And Primary School,Private,Female,Division 4,0
d102,c102,s109,p148,Kayunga,Ntenjeru,2022,Kayunga Town Council,Namagabi Ward,Gospel Valley Nursery And Primary School,Private,Male,Division U,0
d102,c102,s109,p148,Kayunga,Ntenjeru,2022,Kayunga Town Council,Namagabi Ward,Gospel Valley Nursery And Primary School,Private,Female,Division U,0
d102,c102,s109,p148,Kayunga,Ntenjeru,2022,Kayunga Town Council,Namagabi Ward,Gospel Valley Nursery And Primary School,Private,Male,Division X,0
d102,c102,s109,p148,Kayunga,Ntenjeru,2022,Kayunga Town Council,Namagabi Ward,Gospel Valley Nursery And Primary School,Private,Female,Division X,0
d102,c102,s109,,Kayunga,Ntenjeru,2022,Kayunga Town Council,,Hope Primary School,Private,Male,Division 1,4
d102,c102,s109,,Kayunga,Ntenjeru,2022,Kayunga Town Council,,Hope Primary School,Private,Female,Division 1,13
d102,c102,s109,,Kayunga,Ntenjeru,2022,Kayunga Town Council,,Hope Primary School,Private,Male,Division 2,1
d102,c102,s109,,Kayunga,Ntenjeru,2022,Kayunga Town Council,,Hope Primary School,Private,Female,Division 2,8
d102,c102,s109,,Kayunga,Ntenjeru,2022,Kayunga Town Council,,Hope Primary School,Private,Male,Division 3,0
d102,c102,s109,,Kayunga,Ntenjeru,2022,Kayunga Town Council,,Hope Primary School,Private,Female,Division 3,0
d102,c102,s109,,Kayunga,Ntenjeru,2022,Kayunga Town Council,,Hope Primary School,Private,Male,Division 4,0
d102,c102,s109,,Kayunga,Ntenjeru,2022,Kayunga Town Council,,Hope Primary School,Private,Female,Division 4,0
d102,c102,s109,,Kayunga,Ntenjeru,2022,Kayunga Town Council,,Hope Primary School,Private,Male,Division U,0
d102,c102,s109,,Kayunga,Ntenjeru,2022,Kayunga Town Council,,Hope Primary School,Private,Female,Division U,0
d102,c102,s109,,Kayunga,Ntenjeru,2022,Kayunga Town Council,,Hope Primary School,Private,Male,Division X,1
d102,c102,s109,,Kayunga,Ntenjeru,2022,Kayunga Town Council,,Hope Primary School,Private,Female,Division X,0
d102,c102,s109,p148,Kayunga,Ntenjeru,2022,Kayunga Town Council,Namagabi Ward,Kayunga Girls Primary School,Government,Male,Division 1,5
d102,c102,s109,p148,Kayunga,Ntenjeru,2022,Kayunga Town Council,Namagabi Ward,Kayunga Girls Primary School,Government,Female,Division 1,4
d102,c102,s109,p148,Kayunga,Ntenjeru,2022,Kayunga Town Council,Namagabi Ward,Kayunga Girls Primary School,Government,Male,Division 2,20
d102,c102,s109,p148,Kayunga,Ntenjeru,2022,Kayunga Town Council,Namagabi Ward,Kayunga Girls Primary School,Government,Female,Division 2,20
d102,c102,s109,p148,Kayunga,Ntenjeru,2022,Kayunga Town Council,Namagabi Ward,Kayunga Girls Primary School,Government,Male,Division 3,0
d102,c102,s109,p148,Kayunga,Ntenjeru,2022,Kayunga Town Council,Namagabi Ward,Kayunga Girls Primary School,Government,Female,Division 3,6
d102,c102,s109,p148,Kayunga,Ntenjeru,2022,Kayunga Town Council,Namagabi Ward,Kayunga Girls Primary School,Government,Male,Division 4,0
d102,c102,s109,p148,Kayunga,Ntenjeru,2022,Kayunga Town Council,Namagabi Ward,Kayunga Girls Primary School,Government,Female,Division 4,0
d102,c102,s109,p148,Kayunga,Ntenjeru,2022,Kayunga Town Council,Namagabi Ward,Kayunga Girls Primary School,Government,Male,Division U,0
d102,c102,s109,p148,Kayunga,Ntenjeru,2022,Kayunga Town Council,Namagabi Ward,Kayunga Girls Primary School,Government,Female,Division U,0
d102,c102,s109,p148,Kayunga,Ntenjeru,2022,Kayunga Town Council,Namagabi Ward,Kayunga Girls Primary School,Government,Male,Division X,
d102,c102,s109,p148,Kayunga,Ntenjeru,2022,Kayunga Town Council,Namagabi Ward,Kayunga Girls Primary School,Government,Female,Division X,0
d102,c102,s109,p148,Kayunga,Ntenjeru,2022,Kayunga Town Council,Namagabi Ward,Kayunga Mixed Primary School,Government,Male,Division 1,1
d102,c102,s109,p148,Kayunga,Ntenjeru,2022,Kayunga Town Council,Namagabi Ward,Kayunga Mixed Primary School,Government,Female,Division 1,0
d102,c102,s109,p148,Kayunga,Ntenjeru,2022,Kayunga Town Council,Namagabi Ward,Kayunga Mixed Primary School,Government,Male,Division 2,12
d102,c102,s109,p148,Kayunga,Ntenjeru,2022,Kayunga Town Council,Namagabi Ward,Kayunga Mixed Primary School,Government,Female,Division 2,21
d102,c102,s109,p148,Kayunga,Ntenjeru,2022,Kayunga Town Council,Namagabi Ward,Kayunga Mixed Primary School,Government,Male,Division 3,2
d102,c102,s109,p148,Kayunga,Ntenjeru,2022,Kayunga Town Council,Namagabi Ward,Kayunga Mixed Primary School,Government,Female,Division 3,5
d102,c102,s109,p148,Kayunga,Ntenjeru,2022,Kayunga Town Council,Namagabi Ward,Kayunga Mixed Primary School,Government,Male,Division 4,1
d102,c102,s109,p148,Kayunga,Ntenjeru,2022,Kayunga Town Council,Namagabi Ward,Kayunga Mixed Primary School,Government,Female,Division 4,3
d102,c102,s109,p148,Kayunga,Ntenjeru,2022,Kayunga Town Council,Namagabi Ward,Kayunga Mixed Primary School,Government,Male,Division U,1
d102,c102,s109,p148,Kayunga,Ntenjeru,2022,Kayunga Town Council,Namagabi Ward,Kayunga Mixed Primary School,Government,Female,Division U,0
d102,c102,s109,p148,Kayunga,Ntenjeru,2022,Kayunga Town Council,Namagabi Ward,Kayunga Mixed Primary School,Government,Male,Division X,1
d102,c102,s109,p148,Kayunga,Ntenjeru,2022,Kayunga Town Council,Namagabi Ward,Kayunga Mixed Primary School,Government,Female,Division X,3
d102,c102,s109,p145,Kayunga,Ntenjeru,2022,Kayunga Town Council,Bukolooto Ward,Lion of Judah Primary School,Private,Male,Division 1,6
d102,c102,s109,p145,Kayunga,Ntenjeru,2022,Kayunga Town Council,Bukolooto Ward,Lion of Judah Primary School,Private,Female,Division 1,10
d102,c102,s109,p145,Kayunga,Ntenjeru,2022,Kayunga Town Council,Bukolooto Ward,Lion of Judah Primary School,Private,Male,Division 2,0
d102,c102,s109,p145,Kayunga,Ntenjeru,2022,Kayunga Town Council,Bukolooto Ward,Lion of Judah Primary School,Private,Female,Division 2,0
d102,c102,s109,p145,Kayunga,Ntenjeru,2022,Kayunga Town Council,Bukolooto Ward,Lion of Judah Primary School,Private,Male,Division 3,0
d102,c102,s109,p145,Kayunga,Ntenjeru,2022,Kayunga Town Council,Bukolooto Ward,Lion of Judah Primary School,Private,Female,Division 3,0
d102,c102,s109,p145,Kayunga,Ntenjeru,2022,Kayunga Town Council,Bukolooto Ward,Lion of Judah Primary School,Private,Male,Division 4,0
d102,c102,s109,p145,Kayunga,Ntenjeru,2022,Kayunga Town Council,Bukolooto Ward,Lion of Judah Primary School,Private,Female,Division 4,0
d102,c102,s109,p145,Kayunga,Ntenjeru,2022,Kayunga Town Council,Bukolooto Ward,Lion of Judah Primary School,Private,Male,Division U,0
d102,c102,s109,p145,Kayunga,Ntenjeru,2022,Kayunga Town Council,Bukolooto Ward,Lion of Judah Primary School,Private,Female,Division U,0
d102,c102,s109,p145,Kayunga,Ntenjeru,2022,Kayunga Town Council,Bukolooto Ward,Lion of Judah Primary School,Private,Male,Division X,0
d102,c102,s109,p145,Kayunga,Ntenjeru,2022,Kayunga Town Council,Bukolooto Ward,Lion of Judah Primary School,Private,Female,Division X,0
d102,c102,s109,p148,Kayunga,Ntenjeru,2022,Kayunga Town Council,Namagabi Ward,Namagabi Bishop Brown Primary School,Government,Male,Division 1,1
d102,c102,s109,p148,Kayunga,Ntenjeru,2022,Kayunga Town Council,Namagabi Ward,Namagabi Bishop Brown Primary School,Government,Female,Division 1,5
d102,c102,s109,p148,Kayunga,Ntenjeru,2022,Kayunga Town Council,Namagabi Ward,Namagabi Bishop Brown Primary School,Government,Male,Division 2,7
d102,c102,s109,p148,Kayunga,Ntenjeru,2022,Kayunga Town Council,Namagabi Ward,Namagabi Bishop Brown Primary School,Government,Female,Division 2,27
d102,c102,s109,p148,Kayunga,Ntenjeru,2022,Kayunga Town Council,Namagabi Ward,Namagabi Bishop Brown Primary School,Government,Male,Division 3,2
d102,c102,s109,p148,Kayunga,Ntenjeru,2022,Kayunga Town Council,Namagabi Ward,Namagabi Bishop Brown Primary School,Government,Female,Division 3,4
d102,c102,s109,p148,Kayunga,Ntenjeru,2022,Kayunga Town Council,Namagabi Ward,Namagabi Bishop Brown Primary School,Government,Male,Division 4,0
d102,c102,s109,p148,Kayunga,Ntenjeru,2022,Kayunga Town Council,Namagabi Ward,Namagabi Bishop Brown Primary School,Government,Female,Division 4,3
d102,c102,s109,p148,Kayunga,Ntenjeru,2022,Kayunga Town Council,Namagabi Ward,Namagabi Bishop Brown Primary School,Government,Male,Division U,0
d102,c102,s109,p148,Kayunga,Ntenjeru,2022,Kayunga Town Council,Namagabi Ward,Namagabi Bishop Brown Primary School,Government,Female,Division U,1
d102,c102,s109,p148,Kayunga,Ntenjeru,2022,Kayunga Town Council,Namagabi Ward,Namagabi Bishop Brown Primary School,Government,Male,Division X,1
d102,c102,s109,p148,Kayunga,Ntenjeru,2022,Kayunga Town Council,Namagabi Ward,Namagabi Bishop Brown Primary School,Government,Female,Division X,2
d102,c102,s109,p148,Kayunga,Ntenjeru,2022,Kayunga Town Council,Namagabi Ward,Namagabi UMEA Primary School,Government,Male,Division 1,9
d102,c102,s109,p148,Kayunga,Ntenjeru,2022,Kayunga Town Council,Namagabi Ward,Namagabi UMEA Primary School,Government,Female,Division 1,6
d102,c102,s109,p148,Kayunga,Ntenjeru,2022,Kayunga Town Council,Namagabi Ward,Namagabi UMEA Primary School,Government,Male,Division 2,59
d102,c102,s109,p148,Kayunga,Ntenjeru,2022,Kayunga Town Council,Namagabi Ward,Namagabi UMEA Primary School,Government,Female,Division 2,46
d102,c102,s109,p148,Kayunga,Ntenjeru,2022,Kayunga Town Council,Namagabi Ward,Namagabi UMEA Primary School,Government,Male,Division 3,12
d102,c102,s109,p148,Kayunga,Ntenjeru,2022,Kayunga Town Council,Namagabi Ward,Namagabi UMEA Primary School,Government,Female,Division 3,10
d102,c102,s109,p148,Kayunga,Ntenjeru,2022,Kayunga Town Council,Namagabi Ward,Namagabi UMEA Primary School,Government,Male,Division 4,4
d102,c102,s109,p148,Kayunga,Ntenjeru,2022,Kayunga Town Council,Namagabi Ward,Namagabi UMEA Primary School,Government,Female,Division 4,4
d102,c102,s109,p148,Kayunga,Ntenjeru,2022,Kayunga Town Council,Namagabi Ward,Namagabi UMEA Primary School,Government,Male,Division U,0
d102,c102,s109,p148,Kayunga,Ntenjeru,2022,Kayunga Town Council,Namagabi Ward,Namagabi UMEA Primary School,Government,Female,Division U,0
d102,c102,s109,p148,Kayunga,Ntenjeru,2022,Kayunga Town Council,Namagabi Ward,Namagabi UMEA Primary School,Government,Male,Division X,0
d102,c102,s109,p148,Kayunga,Ntenjeru,2022,Kayunga Town Council,Namagabi Ward,Namagabi UMEA Primary School,Government,Female,Division X,0
d102,c102,s109,p145,Kayunga,Ntenjeru,2022,Kayunga Town Council,Bukolooto Ward,Ndeeba CU Primary School,Government,Male,Division 1,0
d102,c102,s109,p145,Kayunga,Ntenjeru,2022,Kayunga Town Council,Bukolooto Ward,Ndeeba CU Primary School,Government,Female,Division 1,3
d102,c102,s109,p145,Kayunga,Ntenjeru,2022,Kayunga Town Council,Bukolooto Ward,Ndeeba CU Primary School,Government,Male,Division 2,20
d102,c102,s109,p145,Kayunga,Ntenjeru,2022,Kayunga Town Council,Bukolooto Ward,Ndeeba CU Primary School,Government,Female,Division 2,32
d102,c102,s109,p145,Kayunga,Ntenjeru,2022,Kayunga Town Council,Bukolooto Ward,Ndeeba CU Primary School,Government,Male,Division 3,5
d102,c102,s109,p145,Kayunga,Ntenjeru,2022,Kayunga Town Council,Bukolooto Ward,Ndeeba CU Primary School,Government,Female,Division 3,3
d102,c102,s109,p145,Kayunga,Ntenjeru,2022,Kayunga Town Council,Bukolooto Ward,Ndeeba CU Primary School,Government,Male,Division 4,3
d102,c102,s109,p145,Kayunga,Ntenjeru,2022,Kayunga Town Council,Bukolooto Ward,Ndeeba CU Primary School,Government,Female,Division 4,4
d102,c102,s109,p145,Kayunga,Ntenjeru,2022,Kayunga Town Council,Bukolooto Ward,Ndeeba CU Primary School,Government,Male,Division U,1
d102,c102,s109,p145,Kayunga,Ntenjeru,2022,Kayunga Town Council,Bukolooto Ward,Ndeeba CU Primary School,Government,Female,Division U,2
d102,c102,s109,p145,Kayunga,Ntenjeru,2022,Kayunga Town Council,Bukolooto Ward,Ndeeba CU Primary School,Government,Male,Division X,4
d102,c102,s109,p145,Kayunga,Ntenjeru,2022,Kayunga Town Council,Bukolooto Ward,Ndeeba CU Primary School,Government,Female,Division X,2
d102,c102,s109,p146,Kayunga,Ntenjeru,2022,Kayunga Town Council,Ntenjeru Ward,St Regina Primary School,Private,Male,Division 1,15
d102,c102,s109,p146,Kayunga,Ntenjeru,2022,Kayunga Town Council,Ntenjeru Ward,St Regina Primary School,Private,Female,Division 1,19
d102,c102,s109,p146,Kayunga,Ntenjeru,2022,Kayunga Town Council,Ntenjeru Ward,St Regina Primary School,Private,Male,Division 2,2
d102,c102,s109,p146,Kayunga,Ntenjeru,2022,Kayunga Town Council,Ntenjeru Ward,St Regina Primary School,Private,Female,Division 2,3
d102,c102,s109,p146,Kayunga,Ntenjeru,2022,Kayunga Town Council,Ntenjeru Ward,St Regina Primary School,Private,Male,Division 3,0
d102,c102,s109,p146,Kayunga,Ntenjeru,2022,Kayunga Town Council,Ntenjeru Ward,St Regina Primary School,Private,Female,Division 3,0
d102,c102,s109,p146,Kayunga,Ntenjeru,2022,Kayunga Town Council,Ntenjeru Ward,St Regina Primary School,Private,Male,Division 4,0
d102,c102,s109,p146,Kayunga,Ntenjeru,2022,Kayunga Town Council,Ntenjeru Ward,St Regina Primary School,Private,Female,Division 4,0
d102,c102,s109,p146,Kayunga,Ntenjeru,2022,Kayunga Town Council,Ntenjeru Ward,St Regina Primary School,Private,Male,Division U,0
d102,c102,s109,p146,Kayunga,Ntenjeru,2022,Kayunga Town Council,Ntenjeru Ward,St Regina Primary School,Private,Female,Division U,0
d102,c102,s109,p146,Kayunga,Ntenjeru,2022,Kayunga Town Council,Ntenjeru Ward,St Regina Primary School,Private,Male,Division X,0
d102,c102,s109,p146,Kayunga,Ntenjeru,2022,Kayunga Town Council,Ntenjeru Ward,St Regina Primary School,Private,Female,Division X,0
d102,c102,s109,p145,Kayunga,Ntenjeru,2022,Kayunga Town Council,Bukolooto Ward,Star Academy Primary School,Private,Male,Division 1,1
d102,c102,s109,p145,Kayunga,Ntenjeru,2022,Kayunga Town Council,Bukolooto Ward,Star Academy Primary School,Private,Female,Division 1,4
d102,c102,s109,p145,Kayunga,Ntenjeru,2022,Kayunga Town Council,Bukolooto Ward,Star Academy Primary School,Private,Male,Division 2,11
d102,c102,s109,p145,Kayunga,Ntenjeru,2022,Kayunga Town Council,Bukolooto Ward,Star Academy Primary School,Private,Female,Division 2,15
d102,c102,s109,p145,Kayunga,Ntenjeru,2022,Kayunga Town Council,Bukolooto Ward,Star Academy Primary School,Private,Male,Division 3,1
d102,c102,s109,p145,Kayunga,Ntenjeru,2022,Kayunga Town Council,Bukolooto Ward,Star Academy Primary School,Private,Female,Division 3,1
d102,c102,s109,p145,Kayunga,Ntenjeru,2022,Kayunga Town Council,Bukolooto Ward,Star Academy Primary School,Private,Male,Division 4,0
d102,c102,s109,p145,Kayunga,Ntenjeru,2022,Kayunga Town Council,Bukolooto Ward,Star Academy Primary School,Private,Female,Division 4,0
d102,c102,s109,p145,Kayunga,Ntenjeru,2022,Kayunga Town Council,Bukolooto Ward,Star Academy Primary School,Private,Male,Division U,0
d102,c102,s109,p145,Kayunga,Ntenjeru,2022,Kayunga Town Council,Bukolooto Ward,Star Academy Primary School,Private,Female,Division U,0
d102,c102,s109,p145,Kayunga,Ntenjeru,2022,Kayunga Town Council,Bukolooto Ward,Star Academy Primary School,Private,Male,Division X,1
d102,c102,s109,p145,Kayunga,Ntenjeru,2022,Kayunga Town Council,Bukolooto Ward,Star Academy Primary School,Private,Female,Division X,1
d102,c102,s109,p146,Kayunga,Ntenjeru,2022,Kayunga Town Council,Ntenjeru Ward,Tente Primary School,Government,Male,Division 1,2
d102,c102,s109,p146,Kayunga,Ntenjeru,2022,Kayunga Town Council,Ntenjeru Ward,Tente Primary School,Government,Female,Division 1,6
d102,c102,s109,p146,Kayunga,Ntenjeru,2022,Kayunga Town Council,Ntenjeru Ward,Tente Primary School,Government,Male,Division 2,31
d102,c102,s109,p146,Kayunga,Ntenjeru,2022,Kayunga Town Council,Ntenjeru Ward,Tente Primary School,Government,Female,Division 2,35
d102,c102,s109,p146,Kayunga,Ntenjeru,2022,Kayunga Town Council,Ntenjeru Ward,Tente Primary School,Government,Male,Division 3,3
d102,c102,s109,p146,Kayunga,Ntenjeru,2022,Kayunga Town Council,Ntenjeru Ward,Tente Primary School,Government,Female,Division 3,8
d102,c102,s109,p146,Kayunga,Ntenjeru,2022,Kayunga Town Council,Ntenjeru Ward,Tente Primary School,Government,Male,Division 4,2
d102,c102,s109,p146,Kayunga,Ntenjeru,2022,Kayunga Town Council,Ntenjeru Ward,Tente Primary School,Government,Female,Division 4,1
d102,c102,s109,p146,Kayunga,Ntenjeru,2022,Kayunga Town Council,Ntenjeru Ward,Tente Primary School,Government,Male,Division U,0
d102,c102,s109,p146,Kayunga,Ntenjeru,2022,Kayunga Town Council,Ntenjeru Ward,Tente Primary School,Government,Female,Division U,0
d102,c102,s109,p146,Kayunga,Ntenjeru,2022,Kayunga Town Council,Ntenjeru Ward,Tente Primary School,Government,Male,Division X,2
d102,c102,s109,p146,Kayunga,Ntenjeru,2022,Kayunga Town Council,Ntenjeru Ward,Tente Primary School,Government,Female,Division X,4
d102,c102,s110,p159,Kayunga,Ntenjeru,2022,Busaana Town Council,Kasana Ward,Bugaddu CU Primary School,Government,Male,Division 1,1
d102,c102,s110,p159,Kayunga,Ntenjeru,2022,Busaana Town Council,Kasana Ward,Bugaddu CU Primary School,Government,Female,Division 1,2
d102,c102,s110,p159,Kayunga,Ntenjeru,2022,Busaana Town Council,Kasana Ward,Bugaddu CU Primary School,Government,Male,Division 2,16
d102,c102,s110,p159,Kayunga,Ntenjeru,2022,Busaana Town Council,Kasana Ward,Bugaddu CU Primary School,Government,Female,Division 2,16
d102,c102,s110,p159,Kayunga,Ntenjeru,2022,Busaana Town Council,Kasana Ward,Bugaddu CU Primary School,Government,Male,Division 3,6
d102,c102,s110,p159,Kayunga,Ntenjeru,2022,Busaana Town Council,Kasana Ward,Bugaddu CU Primary School,Government,Female,Division 3,9
d102,c102,s110,p159,Kayunga,Ntenjeru,2022,Busaana Town Council,Kasana Ward,Bugaddu CU Primary School,Government,Male,Division 4,1
d102,c102,s110,p159,Kayunga,Ntenjeru,2022,Busaana Town Council,Kasana Ward,Bugaddu CU Primary School,Government,Female,Division 4,4
d102,c102,s110,p159,Kayunga,Ntenjeru,2022,Busaana Town Council,Kasana Ward,Bugaddu CU Primary School,Government,Male,Division U,0
d102,c102,s110,p159,Kayunga,Ntenjeru,2022,Busaana Town Council,Kasana Ward,Bugaddu CU Primary School,Government,Female,Division U,1
d102,c102,s110,p159,Kayunga,Ntenjeru,2022,Busaana Town Council,Kasana Ward,Bugaddu CU Primary School,Government,Male,Division X,0
d102,c102,s110,p159,Kayunga,Ntenjeru,2022,Busaana Town Council,Kasana Ward,Bugaddu CU Primary School,Government,Female,Division X,0
d102,c102,s110,p159,Kayunga,Ntenjeru,2022,Busaana Town Council,Kasana Ward,Busaana CU Primary School,Government,Male,Division 1,0
d102,c102,s110,p159,Kayunga,Ntenjeru,2022,Busaana Town Council,Kasana Ward,Busaana CU Primary School,Government,Female,Division 1,0
d102,c102,s110,p159,Kayunga,Ntenjeru,2022,Busaana Town Council,Kasana Ward,Busaana CU Primary School,Government,Male,Division 2,12
d102,c102,s110,p159,Kayunga,Ntenjeru,2022,Busaana Town Council,Kasana Ward,Busaana CU Primary School,Government,Female,Division 2,9
d102,c102,s110,p159,Kayunga,Ntenjeru,2022,Busaana Town Council,Kasana Ward,Busaana CU Primary School,Government,Male,Division 3,10
d102,c102,s110,p159,Kayunga,Ntenjeru,2022,Busaana Town Council,Kasana Ward,Busaana CU Primary School,Government,Female,Division 3,12
d102,c102,s110,p159,Kayunga,Ntenjeru,2022,Busaana Town Council,Kasana Ward,Busaana CU Primary School,Government,Male,Division 4,11
d102,c102,s110,p159,Kayunga,Ntenjeru,2022,Busaana Town Council,Kasana Ward,Busaana CU Primary School,Government,Female,Division 4,9
d102,c102,s110,p159,Kayunga,Ntenjeru,2022,Busaana Town Council,Kasana Ward,Busaana CU Primary School,Government,Male,Division U,37
d102,c102,s110,p159,Kayunga,Ntenjeru,2022,Busaana Town Council,Kasana Ward,Busaana CU Primary School,Government,Female,Division U,36
d102,c102,s110,p159,Kayunga,Ntenjeru,2022,Busaana Town Council,Kasana Ward,Busaana CU Primary School,Government,Male,Division X,4
d102,c102,s110,p159,Kayunga,Ntenjeru,2022,Busaana Town Council,Kasana Ward,Busaana CU Primary School,Government,Female,Division X,5
d102,c102,s110,p159,Kayunga,Ntenjeru,2022,Busaana Town Council,Kasana Ward,Busaana Parents Primary School,Private,Male,Division 1,12
d102,c102,s110,p159,Kayunga,Ntenjeru,2022,Busaana Town Council,Kasana Ward,Busaana Parents Primary School,Private,Female,Division 1,10
d102,c102,s110,p159,Kayunga,Ntenjeru,2022,Busaana Town Council,Kasana Ward,Busaana Parents Primary School,Private,Male,Division 2,6
d102,c102,s110,p159,Kayunga,Ntenjeru,2022,Busaana Town Council,Kasana Ward,Busaana Parents Primary School,Private,Female,Division 2,9
d102,c102,s110,p159,Kayunga,Ntenjeru,2022,Busaana Town Council,Kasana Ward,Busaana Parents Primary School,Private,Male,Division 3,1
d102,c102,s110,p159,Kayunga,Ntenjeru,2022,Busaana Town Council,Kasana Ward,Busaana Parents Primary School,Private,Female,Division 3,0
d102,c102,s110,p159,Kayunga,Ntenjeru,2022,Busaana Town Council,Kasana Ward,Busaana Parents Primary School,Private,Male,Division 4,0
d102,c102,s110,p159,Kayunga,Ntenjeru,2022,Busaana Town Council,Kasana Ward,Busaana Parents Primary School,Private,Female,Division 4,0
d102,c102,s110,p159,Kayunga,Ntenjeru,2022,Busaana Town Council,Kasana Ward,Busaana Parents Primary School,Private,Male,Division U,0
d102,c102,s110,p159,Kayunga,Ntenjeru,2022,Busaana Town Council,Kasana Ward,Busaana Parents Primary School,Private,Female,Division U,0
d102,c102,s110,p159,Kayunga,Ntenjeru,2022,Busaana Town Council,Kasana Ward,Busaana Parents Primary School,Private,Male,Division X,0
d102,c102,s110,p159,Kayunga,Ntenjeru,2022,Busaana Town Council,Kasana Ward,Busaana Parents Primary School,Private,Female,Division X,1
d102,c102,s110,p159,Kayunga,Ntenjeru,2022,Busaana Town Council,Kasana Ward,Busaana RC Primary School,Government,Male,Division 1,6
d102,c102,s110,p159,Kayunga,Ntenjeru,2022,Busaana Town Council,Kasana Ward,Busaana RC Primary School,Government,Female,Division 1,11
d102,c102,s110,p159,Kayunga,Ntenjeru,2022,Busaana Town Council,Kasana Ward,Busaana RC Primary School,Government,Male,Division 2,16
d102,c102,s110,p159,Kayunga,Ntenjeru,2022,Busaana Town Council,Kasana Ward,Busaana RC Primary School,Government,Female,Division 2,16
d102,c102,s110,p159,Kayunga,Ntenjeru,2022,Busaana Town Council,Kasana Ward,Busaana RC Primary School,Government,Male,Division 3,4
d102,c102,s110,p159,Kayunga,Ntenjeru,2022,Busaana Town Council,Kasana Ward,Busaana RC Primary School,Government,Female,Division 3,6
d102,c102,s110,p159,Kayunga,Ntenjeru,2022,Busaana Town Council,Kasana Ward,Busaana RC Primary School,Government,Male,Division 4,5
d102,c102,s110,p159,Kayunga,Ntenjeru,2022,Busaana Town Council,Kasana Ward,Busaana RC Primary School,Government,Female,Division 4,6
d102,c102,s110,p159,Kayunga,Ntenjeru,2022,Busaana Town Council,Kasana Ward,Busaana RC Primary School,Government,Male,Division U,7
d102,c102,s110,p159,Kayunga,Ntenjeru,2022,Busaana Town Council,Kasana Ward,Busaana RC Primary School,Government,Female,Division U,12
d102,c102,s110,p159,Kayunga,Ntenjeru,2022,Busaana Town Council,Kasana Ward,Busaana RC Primary School,Government,Male,Division X,5
d102,c102,s110,p159,Kayunga,Ntenjeru,2022,Busaana Town Council,Kasana Ward,Busaana RC Primary School,Government,Female,Division X,8
d102,c102,s110,p159,Kayunga,Ntenjeru,2022,Busaana Town Council,Kasana Ward,Kasana CU Primary School,Government,Male,Division 1,8
d102,c102,s110,p159,Kayunga,Ntenjeru,2022,Busaana Town Council,Kasana Ward,Kasana CU Primary School,Government,Female,Division 1,9
d102,c102,s110,p159,Kayunga,Ntenjeru,2022,Busaana Town Council,Kasana Ward,Kasana CU Primary School,Government,Male,Division 2,29
d102,c102,s110,p159,Kayunga,Ntenjeru,2022,Busaana Town Council,Kasana Ward,Kasana CU Primary School,Government,Female,Division 2,31
d102,c102,s110,p159,Kayunga,Ntenjeru,2022,Busaana Town Council,Kasana Ward,Kasana CU Primary School,Government,Male,Division 3,6
d102,c102,s110,p159,Kayunga,Ntenjeru,2022,Busaana Town Council,Kasana Ward,Kasana CU Primary School,Government,Female,Division 3,10
d102,c102,s110,p159,Kayunga,Ntenjeru,2022,Busaana Town Council,Kasana Ward,Kasana CU Primary School,Government,Male,Division 4,9
d102,c102,s110,p159,Kayunga,Ntenjeru,2022,Busaana Town Council,Kasana Ward,Kasana CU Primary School,Government,Female,Division 4,7
d102,c102,s110,p159,Kayunga,Ntenjeru,2022,Busaana Town Council,Kasana Ward,Kasana CU Primary School,Government,Male,Division U,12
d102,c102,s110,p159,Kayunga,Ntenjeru,2022,Busaana Town Council,Kasana Ward,Kasana CU Primary School,Government,Female,Division U,12
d102,c102,s110,p159,Kayunga,Ntenjeru,2022,Busaana Town Council,Kasana Ward,Kasana CU Primary School,Government,Male,Division X,2
d102,c102,s110,p159,Kayunga,Ntenjeru,2022,Busaana Town Council,Kasana Ward,Kasana CU Primary School,Government,Female,Division X,2
d102,c102,s110,p161,Kayunga,Ntenjeru,2022,Busaana Town Council,Namukuma Ward,Kyayaye RC Primary School,Government,Male,Division 1,0
d102,c102,s110,p161,Kayunga,Ntenjeru,2022,Busaana Town Council,Namukuma Ward,Kyayaye RC Primary School,Government,Female,Division 1,0
d102,c102,s110,p161,Kayunga,Ntenjeru,2022,Busaana Town Council,Namukuma Ward,Kyayaye RC Primary School,Government,Male,Division 2,4
d102,c102,s110,p161,Kayunga,Ntenjeru,2022,Busaana Town Council,Namukuma Ward,Kyayaye RC Primary School,Government,Female,Division 2,4
d102,c102,s110,p161,Kayunga,Ntenjeru,2022,Busaana Town Council,Namukuma Ward,Kyayaye RC Primary School,Government,Male,Division 3,8
d102,c102,s110,p161,Kayunga,Ntenjeru,2022,Busaana Town Council,Namukuma Ward,Kyayaye RC Primary School,Government,Female,Division 3,3
d102,c102,s110,p161,Kayunga,Ntenjeru,2022,Busaana Town Council,Namukuma Ward,Kyayaye RC Primary School,Government,Male,Division 4,5
d102,c102,s110,p161,Kayunga,Ntenjeru,2022,Busaana Town Council,Namukuma Ward,Kyayaye RC Primary School,Government,Female,Division 4,5
d102,c102,s110,p161,Kayunga,Ntenjeru,2022,Busaana Town Council,Namukuma Ward,Kyayaye RC Primary School,Government,Male,Division U,6
d102,c102,s110,p161,Kayunga,Ntenjeru,2022,Busaana Town Council,Namukuma Ward,Kyayaye RC Primary School,Government,Female,Division U,14
d102,c102,s110,p161,Kayunga,Ntenjeru,2022,Busaana Town Council,Namukuma Ward,Kyayaye RC Primary School,Government,Male,Division X,2
d102,c102,s110,p161,Kayunga,Ntenjeru,2022,Busaana Town Council,Namukuma Ward,Kyayaye RC Primary School,Government,Female,Division X,3
d102,c102,s110,p160,Kayunga,Ntenjeru,2022,Busaana Town Council,Lusenke Ward,Kyengera CU Primary School,Government,Male,Division 1,0
d102,c102,s110,p160,Kayunga,Ntenjeru,2022,Busaana Town Council,Lusenke Ward,Kyengera CU Primary School,Government,Female,Division 1,0
d102,c102,s110,p160,Kayunga,Ntenjeru,2022,Busaana Town Council,Lusenke Ward,Kyengera CU Primary School,Government,Male,Division 2,9
d102,c102,s110,p160,Kayunga,Ntenjeru,2022,Busaana Town Council,Lusenke Ward,Kyengera CU Primary School,Government,Female,Division 2,5
d102,c102,s110,p160,Kayunga,Ntenjeru,2022,Busaana Town Council,Lusenke Ward,Kyengera CU Primary School,Government,Male,Division 3,2
d102,c102,s110,p160,Kayunga,Ntenjeru,2022,Busaana Town Council,Lusenke Ward,Kyengera CU Primary School,Government,Female,Division 3,3
d102,c102,s110,p160,Kayunga,Ntenjeru,2022,Busaana Town Council,Lusenke Ward,Kyengera CU Primary School,Government,Male,Division 4,5
d102,c102,s110,p160,Kayunga,Ntenjeru,2022,Busaana Town Council,Lusenke Ward,Kyengera CU Primary School,Government,Female,Division 4,6
d102,c102,s110,p160,Kayunga,Ntenjeru,2022,Busaana Town Council,Lusenke Ward,Kyengera CU Primary School,Government,Male,Division U,4
d102,c102,s110,p160,Kayunga,Ntenjeru,2022,Busaana Town Council,Lusenke Ward,Kyengera CU Primary School,Government,Female,Division U,10
d102,c102,s110,p160,Kayunga,Ntenjeru,2022,Busaana Town Council,Lusenke Ward,Kyengera CU Primary School,Government,Male,Division X,1
d102,c102,s110,p160,Kayunga,Ntenjeru,2022,Busaana Town Council,Lusenke Ward,Kyengera CU Primary School,Government,Female,Division X,5
d102,c102,s110,p159,Kayunga,Ntenjeru,2022,Busaana Town Council,Kasana Ward,Liande Junior School,Private,Male,Division 1,7
d102,c102,s110,p159,Kayunga,Ntenjeru,2022,Busaana Town Council,Kasana Ward,Liande Junior School,Private,Female,Division 1,0
d102,c102,s110,p159,Kayunga,Ntenjeru,2022,Busaana Town Council,Kasana Ward,Liande Junior School,Private,Male,Division 2,14
d102,c102,s110,p159,Kayunga,Ntenjeru,2022,Busaana Town Council,Kasana Ward,Liande Junior School,Private,Female,Division 2,27
d102,c102,s110,p159,Kayunga,Ntenjeru,2022,Busaana Town Council,Kasana Ward,Liande Junior School,Private,Male,Division 3,1
d102,c102,s110,p159,Kayunga,Ntenjeru,2022,Busaana Town Council,Kasana Ward,Liande Junior School,Private,Female,Division 3,5
d102,c102,s110,p159,Kayunga,Ntenjeru,2022,Busaana Town Council,Kasana Ward,Liande Junior School,Private,Male,Division 4,0
d102,c102,s110,p159,Kayunga,Ntenjeru,2022,Busaana Town Council,Kasana Ward,Liande Junior School,Private,Female,Division 4,3
d102,c102,s110,p159,Kayunga,Ntenjeru,2022,Busaana Town Council,Kasana Ward,Liande Junior School,Private,Male,Division U,0
d102,c102,s110,p159,Kayunga,Ntenjeru,2022,Busaana Town Council,Kasana Ward,Liande Junior School,Private,Female,Division U,1
d102,c102,s110,p159,Kayunga,Ntenjeru,2022,Busaana Town Council,Kasana Ward,Liande Junior School,Private,Male,Division X,1
d102,c102,s110,p159,Kayunga,Ntenjeru,2022,Busaana Town Council,Kasana Ward,Liande Junior School,Private,Female,Division X,1
d102,c102,s110,p162,Kayunga,Ntenjeru,2022,Busaana Town Council,Namirembe Ward,Namirembe CU Primary School,Government,Male,Division 1,0
d102,c102,s110,p162,Kayunga,Ntenjeru,2022,Busaana Town Council,Namirembe Ward,Namirembe CU Primary School,Government,Female,Division 1,0
d102,c102,s110,p162,Kayunga,Ntenjeru,2022,Busaana Town Council,Namirembe Ward,Namirembe CU Primary School,Government,Male,Division 2,5
d102,c102,s110,p162,Kayunga,Ntenjeru,2022,Busaana Town Council,Namirembe Ward,Namirembe CU Primary School,Government,Female,Division 2,4
d102,c102,s110,p162,Kayunga,Ntenjeru,2022,Busaana Town Council,Namirembe Ward,Namirembe CU Primary School,Government,Male,Division 3,3
d102,c102,s110,p162,Kayunga,Ntenjeru,2022,Busaana Town Council,Namirembe Ward,Namirembe CU Primary School,Government,Female,Division 3,11
d102,c102,s110,p162,Kayunga,Ntenjeru,2022,Busaana Town Council,Namirembe Ward,Namirembe CU Primary School,Government,Male,Division 4,8
d102,c102,s110,p162,Kayunga,Ntenjeru,2022,Busaana Town Council,Namirembe Ward,Namirembe CU Primary School,Government,Female,Division 4,9
d102,c102,s110,p162,Kayunga,Ntenjeru,2022,Busaana Town Council,Namirembe Ward,Namirembe CU Primary School,Government,Male,Division U,0
d102,c102,s110,p162,Kayunga,Ntenjeru,2022,Busaana Town Council,Namirembe Ward,Namirembe CU Primary School,Government,Female,Division U,1
d102,c102,s110,p162,Kayunga,Ntenjeru,2022,Busaana Town Council,Namirembe Ward,Namirembe CU Primary School,Government,Male,Division X,0
d102,c102,s110,p162,Kayunga,Ntenjeru,2022,Busaana Town Council,Namirembe Ward,Namirembe CU Primary School,Government,Female,Division X,3
d102,c102,s110,p159,Kayunga,Ntenjeru,2022,Busaana Town Council,Kasana Ward,Noble Hill Primary School,Private,Male,Division 1,4
d102,c102,s110,p159,Kayunga,Ntenjeru,2022,Busaana Town Council,Kasana Ward,Noble Hill Primary School,Private,Female,Division 1,1
d102,c102,s110,p159,Kayunga,Ntenjeru,2022,Busaana Town Council,Kasana Ward,Noble Hill Primary School,Private,Male,Division 2,23
d102,c102,s110,p159,Kayunga,Ntenjeru,2022,Busaana Town Council,Kasana Ward,Noble Hill Primary School,Private,Female,Division 2,33
d102,c102,s110,p159,Kayunga,Ntenjeru,2022,Busaana Town Council,Kasana Ward,Noble Hill Primary School,Private,Male,Division 3,6
d102,c102,s110,p159,Kayunga,Ntenjeru,2022,Busaana Town Council,Kasana Ward,Noble Hill Primary School,Private,Female,Division 3,12
d102,c102,s110,p159,Kayunga,Ntenjeru,2022,Busaana Town Council,Kasana Ward,Noble Hill Primary School,Private,Male,Division 4,0
d102,c102,s110,p159,Kayunga,Ntenjeru,2022,Busaana Town Council,Kasana Ward,Noble Hill Primary School,Private,Female,Division 4,1
d102,c102,s110,p159,Kayunga,Ntenjeru,2022,Busaana Town Council,Kasana Ward,Noble Hill Primary School,Private,Male,Division U,1
d102,c102,s110,p159,Kayunga,Ntenjeru,2022,Busaana Town Council,Kasana Ward,Noble Hill Primary School,Private,Female,Division U,1
d102,c102,s110,p159,Kayunga,Ntenjeru,2022,Busaana Town Council,Kasana Ward,Noble Hill Primary School,Private,Male,Division X,2
d102,c102,s110,p159,Kayunga,Ntenjeru,2022,Busaana Town Council,Kasana Ward,Noble Hill Primary School,Private,Female,Division X,2
d102,c102,s112,p166,Kayunga,Ntenjeru,2022,Kangulumira Town Council,Kangulumira Ward,Catherine Primary School,Private,Male,Division 1,2
d102,c102,s112,p166,Kayunga,Ntenjeru,2022,Kangulumira Town Council,Kangulumira Ward,Catherine Primary School,Private,Female,Division 1,3
d102,c102,s112,p166,Kayunga,Ntenjeru,2022,Kangulumira Town Council,Kangulumira Ward,Catherine Primary School,Private,Male,Division 2,4
d102,c102,s112,p166,Kayunga,Ntenjeru,2022,Kangulumira Town Council,Kangulumira Ward,Catherine Primary School,Private,Female,Division 2,6
d102,c102,s112,p166,Kayunga,Ntenjeru,2022,Kangulumira Town Council,Kangulumira Ward,Catherine Primary School,Private,Male,Division 3,1
d102,c102,s112,p166,Kayunga,Ntenjeru,2022,Kangulumira Town Council,Kangulumira Ward,Catherine Primary School,Private,Female,Division 3,1
d102,c102,s112,p166,Kayunga,Ntenjeru,2022,Kangulumira Town Council,Kangulumira Ward,Catherine Primary School,Private,Male,Division 4,0
d102,c102,s112,p166,Kayunga,Ntenjeru,2022,Kangulumira Town Council,Kangulumira Ward,Catherine Primary School,Private,Female,Division 4,0
d102,c102,s112,p166,Kayunga,Ntenjeru,2022,Kangulumira Town Council,Kangulumira Ward,Catherine Primary School,Private,Male,Division U,1
d102,c102,s112,p166,Kayunga,Ntenjeru,2022,Kangulumira Town Council,Kangulumira Ward,Catherine Primary School,Private,Female,Division U,0
d102,c102,s112,p166,Kayunga,Ntenjeru,2022,Kangulumira Town Council,Kangulumira Ward,Catherine Primary School,Private,Male,Division X,0
d102,c102,s112,p166,Kayunga,Ntenjeru,2022,Kangulumira Town Council,Kangulumira Ward,Catherine Primary School,Private,Female,Division X,0
d102,c102,s112,p168,Kayunga,Ntenjeru,2022,Kangulumira Town Council,Nakatundu Ward,Kamuli UMEA Primary School,Government,Male,Division 1,7
d102,c102,s112,p168,Kayunga,Ntenjeru,2022,Kangulumira Town Council,Nakatundu Ward,Kamuli UMEA Primary School,Government,Female,Division 1,10
d102,c102,s112,p168,Kayunga,Ntenjeru,2022,Kangulumira Town Council,Nakatundu Ward,Kamuli UMEA Primary School,Government,Male,Division 2,61
d102,c102,s112,p168,Kayunga,Ntenjeru,2022,Kangulumira Town Council,Nakatundu Ward,Kamuli UMEA Primary School,Government,Female,Division 2,63
d102,c102,s112,p168,Kayunga,Ntenjeru,2022,Kangulumira Town Council,Nakatundu Ward,Kamuli UMEA Primary School,Government,Male,Division 3,9
d102,c102,s112,p168,Kayunga,Ntenjeru,2022,Kangulumira Town Council,Nakatundu Ward,Kamuli UMEA Primary School,Government,Female,Division 3,17
d102,c102,s112,p168,Kayunga,Ntenjeru,2022,Kangulumira Town Council,Nakatundu Ward,Kamuli UMEA Primary School,Government,Male,Division 4,13
d102,c102,s112,p168,Kayunga,Ntenjeru,2022,Kangulumira Town Council,Nakatundu Ward,Kamuli UMEA Primary School,Government,Female,Division 4,16
d102,c102,s112,p168,Kayunga,Ntenjeru,2022,Kangulumira Town Council,Nakatundu Ward,Kamuli UMEA Primary School,Government,Male,Division U,0
d102,c102,s112,p168,Kayunga,Ntenjeru,2022,Kangulumira Town Council,Nakatundu Ward,Kamuli UMEA Primary School,Government,Female,Division U,0
d102,c102,s112,p168,Kayunga,Ntenjeru,2022,Kangulumira Town Council,Nakatundu Ward,Kamuli UMEA Primary School,Government,Male,Division X,2
d102,c102,s112,p168,Kayunga,Ntenjeru,2022,Kangulumira Town Council,Nakatundu Ward,Kamuli UMEA Primary School,Government,Female,Division X,3
d102,c102,s112,p166,Kayunga,Ntenjeru,2022,Kangulumira Town Council,Kangulumira Ward,Kangulumira CU Primary School,Government,Male,Division 1,2
d102,c102,s112,p166,Kayunga,Ntenjeru,2022,Kangulumira Town Council,Kangulumira Ward,Kangulumira CU Primary School,Government,Female,Division 1,0
d102,c102,s112,p166,Kayunga,Ntenjeru,2022,Kangulumira Town Council,Kangulumira Ward,Kangulumira CU Primary School,Government,Male,Division 2,17
d102,c102,s112,p166,Kayunga,Ntenjeru,2022,Kangulumira Town Council,Kangulumira Ward,Kangulumira CU Primary School,Government,Female,Division 2,21
d102,c102,s112,p166,Kayunga,Ntenjeru,2022,Kangulumira Town Council,Kangulumira Ward,Kangulumira CU Primary School,Government,Male,Division 3,3
d102,c102,s112,p166,Kayunga,Ntenjeru,2022,Kangulumira Town Council,Kangulumira Ward,Kangulumira CU Primary School,Government,Female,Division 3,9
d102,c102,s112,p166,Kayunga,Ntenjeru,2022,Kangulumira Town Council,Kangulumira Ward,Kangulumira CU Primary School,Government,Male,Division 4,9
d102,c102,s112,p166,Kayunga,Ntenjeru,2022,Kangulumira Town Council,Kangulumira Ward,Kangulumira CU Primary School,Government,Female,Division 4,15
d102,c102,s112,p166,Kayunga,Ntenjeru,2022,Kangulumira Town Council,Kangulumira Ward,Kangulumira CU Primary School,Government,Male,Division U,2
d102,c102,s112,p166,Kayunga,Ntenjeru,2022,Kangulumira Town Council,Kangulumira Ward,Kangulumira CU Primary School,Government,Female,Division U,6
d102,c102,s112,p166,Kayunga,Ntenjeru,2022,Kangulumira Town Council,Kangulumira Ward,Kangulumira CU Primary School,Government,Male,Division X,2
d102,c102,s112,p166,Kayunga,Ntenjeru,2022,Kangulumira Town Council,Kangulumira Ward,Kangulumira CU Primary School,Government,Female,Division X,5
d102,c102,s112,p166,Kayunga,Ntenjeru,2022,Kangulumira Town Council,Kangulumira Ward,Kangulumira Muslim Primary School,Government,Male,Division 1,0
d102,c102,s112,p166,Kayunga,Ntenjeru,2022,Kangulumira Town Council,Kangulumira Ward,Kangulumira Muslim Primary School,Government,Female,Division 1,1
d102,c102,s112,p166,Kayunga,Ntenjeru,2022,Kangulumira Town Council,Kangulumira Ward,Kangulumira Muslim Primary School,Government,Male,Division 2,30
d102,c102,s112,p166,Kayunga,Ntenjeru,2022,Kangulumira Town Council,Kangulumira Ward,Kangulumira Muslim Primary School,Government,Female,Division 2,23
d102,c102,s112,p166,Kayunga,Ntenjeru,2022,Kangulumira Town Council,Kangulumira Ward,Kangulumira Muslim Primary School,Government,Male,Division 3,12
d102,c102,s112,p166,Kayunga,Ntenjeru,2022,Kangulumira Town Council,Kangulumira Ward,Kangulumira Muslim Primary School,Government,Female,Division 3,12
d102,c102,s112,p166,Kayunga,Ntenjeru,2022,Kangulumira Town Council,Kangulumira Ward,Kangulumira Muslim Primary School,Government,Male,Division 4,12
d102,c102,s112,p166,Kayunga,Ntenjeru,2022,Kangulumira Town Council,Kangulumira Ward,Kangulumira Muslim Primary School,Government,Female,Division 4,16
d102,c102,s112,p166,Kayunga,Ntenjeru,2022,Kangulumira Town Council,Kangulumira Ward,Kangulumira Muslim Primary School,Government,Male,Division U,5
d102,c102,s112,p166,Kayunga,Ntenjeru,2022,Kangulumira Town Council,Kangulumira Ward,Kangulumira Muslim Primary School,Government,Female,Division U,5
d102,c102,s112,p166,Kayunga,Ntenjeru,2022,Kangulumira Town Council,Kangulumira Ward,Kangulumira Muslim Primary School,Government,Male,Division X,3
d102,c102,s112,p166,Kayunga,Ntenjeru,2022,Kangulumira Town Council,Kangulumira Ward,Kangulumira Muslim Primary School,Government,Female,Division X,7
d102,c102,s112,p166,Kayunga,Ntenjeru,2022,Kangulumira Town Council,Kangulumira Ward,Kangulumira RC Primary School,Government,Male,Division 1,0
d102,c102,s112,p166,Kayunga,Ntenjeru,2022,Kangulumira Town Council,Kangulumira Ward,Kangulumira RC Primary School,Government,Female,Division 1,0
d102,c102,s112,p166,Kayunga,Ntenjeru,2022,Kangulumira Town Council,Kangulumira Ward,Kangulumira RC Primary School,Government,Male,Division 2,16
d102,c102,s112,p166,Kayunga,Ntenjeru,2022,Kangulumira Town Council,Kangulumira Ward,Kangulumira RC Primary School,Government,Female,Division 2,8
d102,c102,s112,p166,Kayunga,Ntenjeru,2022,Kangulumira Town Council,Kangulumira Ward,Kangulumira RC Primary School,Government,Male,Division 3,9
d102,c102,s112,p166,Kayunga,Ntenjeru,2022,Kangulumira Town Council,Kangulumira Ward,Kangulumira RC Primary School,Government,Female,Division 3,12
d102,c102,s112,p166,Kayunga,Ntenjeru,2022,Kangulumira Town Council,Kangulumira Ward,Kangulumira RC Primary School,Government,Male,Division 4,28
d102,c102,s112,p166,Kayunga,Ntenjeru,2022,Kangulumira Town Council,Kangulumira Ward,Kangulumira RC Primary School,Government,Female,Division 4,34
d102,c102,s112,p166,Kayunga,Ntenjeru,2022,Kangulumira Town Council,Kangulumira Ward,Kangulumira RC Primary School,Government,Male,Division U,6
d102,c102,s112,p166,Kayunga,Ntenjeru,2022,Kangulumira Town Council,Kangulumira Ward,Kangulumira RC Primary School,Government,Female,Division U,5
d102,c102,s112,p166,Kayunga,Ntenjeru,2022,Kangulumira Town Council,Kangulumira Ward,Kangulumira RC Primary School,Government,Male,Division X,6
d102,c102,s112,p166,Kayunga,Ntenjeru,2022,Kangulumira Town Council,Kangulumira Ward,Kangulumira RC Primary School,Government,Female,Division X,1
d102,c102,s112,p166,Kayunga,Ntenjeru,2022,Kangulumira Town Council,Kangulumira Ward,Kasambya Moslem Primary School,Government,Male,Division 1,1
d102,c102,s112,p166,Kayunga,Ntenjeru,2022,Kangulumira Town Council,Kangulumira Ward,Kasambya Moslem Primary School,Government,Female,Division 1,0
d102,c102,s112,p166,Kayunga,Ntenjeru,2022,Kangulumira Town Council,Kangulumira Ward,Kasambya Moslem Primary School,Government,Male,Division 2,10
d102,c102,s112,p166,Kayunga,Ntenjeru,2022,Kangulumira Town Council,Kangulumira Ward,Kasambya Moslem Primary School,Government,Female,Division 2,11
d102,c102,s112,p166,Kayunga,Ntenjeru,2022,Kangulumira Town Council,Kangulumira Ward,Kasambya Moslem Primary School,Government,Male,Division 3,5
d102,c102,s112,p166,Kayunga,Ntenjeru,2022,Kangulumira Town Council,Kangulumira Ward,Kasambya Moslem Primary School,Government,Female,Division 3,2
d102,c102,s112,p166,Kayunga,Ntenjeru,2022,Kangulumira Town Council,Kangulumira Ward,Kasambya Moslem Primary School,Government,Male,Division 4,7
d102,c102,s112,p166,Kayunga,Ntenjeru,2022,Kangulumira Town Council,Kangulumira Ward,Kasambya Moslem Primary School,Government,Female,Division 4,7
d102,c102,s112,p166,Kayunga,Ntenjeru,2022,Kangulumira Town Council,Kangulumira Ward,Kasambya Moslem Primary School,Government,Male,Division U,1
d102,c102,s112,p166,Kayunga,Ntenjeru,2022,Kangulumira Town Council,Kangulumira Ward,Kasambya Moslem Primary School,Government,Female,Division U,1
d102,c102,s112,p166,Kayunga,Ntenjeru,2022,Kangulumira Town Council,Kangulumira Ward,Kasambya Moslem Primary School,Government,Male,Division X,0
d102,c102,s112,p166,Kayunga,Ntenjeru,2022,Kangulumira Town Council,Kangulumira Ward,Kasambya Moslem Primary School,Government,Female,Division X,1
d102,c102,s112,p167,Kayunga,Ntenjeru,2022,Kangulumira Town Council,Kigayaza Ward,Kigayaza CU Primary School,Government,Male,Division 1,1
d102,c102,s112,p167,Kayunga,Ntenjeru,2022,Kangulumira Town Council,Kigayaza Ward,Kigayaza CU Primary School,Government,Female,Division 1,2
d102,c102,s112,p167,Kayunga,Ntenjeru,2022,Kangulumira Town Council,Kigayaza Ward,Kigayaza CU Primary School,Government,Male,Division 2,14
d102,c102,s112,p167,Kayunga,Ntenjeru,2022,Kangulumira Town Council,Kigayaza Ward,Kigayaza CU Primary School,Government,Female,Division 2,17
d102,c102,s112,p167,Kayunga,Ntenjeru,2022,Kangulumira Town Council,Kigayaza Ward,Kigayaza CU Primary School,Government,Male,Division 3,2
d102,c102,s112,p167,Kayunga,Ntenjeru,2022,Kangulumira Town Council,Kigayaza Ward,Kigayaza CU Primary School,Government,Female,Division 3,6
d102,c102,s112,p167,Kayunga,Ntenjeru,2022,Kangulumira Town Council,Kigayaza Ward,Kigayaza CU Primary School,Government,Male,Division 4,1
d102,c102,s112,p167,Kayunga,Ntenjeru,2022,Kangulumira Town Council,Kigayaza Ward,Kigayaza CU Primary School,Government,Female,Division 4,5
d102,c102,s112,p167,Kayunga,Ntenjeru,2022,Kangulumira Town Council,Kigayaza Ward,Kigayaza CU Primary School,Government,Male,Division U,0
d102,c102,s112,p167,Kayunga,Ntenjeru,2022,Kangulumira Town Council,Kigayaza Ward,Kigayaza CU Primary School,Government,Female,Division U,2
d102,c102,s112,p167,Kayunga,Ntenjeru,2022,Kangulumira Town Council,Kigayaza Ward,Kigayaza CU Primary School,Government,Male,Division X,3
d102,c102,s112,p167,Kayunga,Ntenjeru,2022,Kangulumira Town Council,Kigayaza Ward,Kigayaza CU Primary School,Government,Female,Division X,7
d102,c102,s112,p166,Kayunga,Ntenjeru,2022,Kangulumira Town Council,Kangulumira Ward,Mother Theresa Primary School,Private,Male,Division 1,6
d102,c102,s112,p166,Kayunga,Ntenjeru,2022,Kangulumira Town Council,Kangulumira Ward,Mother Theresa Primary School,Private,Female,Division 1,3
d102,c102,s112,p166,Kayunga,Ntenjeru,2022,Kangulumira Town Council,Kangulumira Ward,Mother Theresa Primary School,Private,Male,Division 2,3
d102,c102,s112,p166,Kayunga,Ntenjeru,2022,Kangulumira Town Council,Kangulumira Ward,Mother Theresa Primary School,Private,Female,Division 2,4
d102,c102,s112,p166,Kayunga,Ntenjeru,2022,Kangulumira Town Council,Kangulumira Ward,Mother Theresa Primary School,Private,Male,Division 3,0
d102,c102,s112,p166,Kayunga,Ntenjeru,2022,Kangulumira Town Council,Kangulumira Ward,Mother Theresa Primary School,Private,Female,Division 3,0
d102,c102,s112,p166,Kayunga,Ntenjeru,2022,Kangulumira Town Council,Kangulumira Ward,Mother Theresa Primary School,Private,Male,Division 4,0
d102,c102,s112,p166,Kayunga,Ntenjeru,2022,Kangulumira Town Council,Kangulumira Ward,Mother Theresa Primary School,Private,Female,Division 4,0
d102,c102,s112,p166,Kayunga,Ntenjeru,2022,Kangulumira Town Council,Kangulumira Ward,Mother Theresa Primary School,Private,Male,Division U,0
d102,c102,s112,p166,Kayunga,Ntenjeru,2022,Kangulumira Town Council,Kangulumira Ward,Mother Theresa Primary School,Private,Female,Division U,0
d102,c102,s112,p166,Kayunga,Ntenjeru,2022,Kangulumira Town Council,Kangulumira Ward,Mother Theresa Primary School,Private,Male,Division X,0
d102,c102,s112,p166,Kayunga,Ntenjeru,2022,Kangulumira Town Council,Kangulumira Ward,Mother Theresa Primary School,Private,Female,Division X,0
d102,c102,s112,p166,Kayunga,Ntenjeru,2022,Kangulumira Town Council,Kangulumira Ward,New ABC Devine Foundation,Private,Male,Division 1,43
d102,c102,s112,p166,Kayunga,Ntenjeru,2022,Kangulumira Town Council,Kangulumira Ward,New ABC Devine Foundation,Private,Female,Division 1,73
d102,c102,s112,p166,Kayunga,Ntenjeru,2022,Kangulumira Town Council,Kangulumira Ward,New ABC Devine Foundation,Private,Male,Division 2,58
d102,c102,s112,p166,Kayunga,Ntenjeru,2022,Kangulumira Town Council,Kangulumira Ward,New ABC Devine Foundation,Private,Female,Division 2,66
d102,c102,s112,p166,Kayunga,Ntenjeru,2022,Kangulumira Town Council,Kangulumira Ward,New ABC Devine Foundation,Private,Male,Division 3,2
d102,c102,s112,p166,Kayunga,Ntenjeru,2022,Kangulumira Town Council,Kangulumira Ward,New ABC Devine Foundation,Private,Female,Division 3,1
d102,c102,s112,p166,Kayunga,Ntenjeru,2022,Kangulumira Town Council,Kangulumira Ward,New ABC Devine Foundation,Private,Male,Division 4,0
d102,c102,s112,p166,Kayunga,Ntenjeru,2022,Kangulumira Town Council,Kangulumira Ward,New ABC Devine Foundation,Private,Female,Division 4,0
d102,c102,s112,p166,Kayunga,Ntenjeru,2022,Kangulumira Town Council,Kangulumira Ward,New ABC Devine Foundation,Private,Male,Division U,0
d102,c102,s112,p166,Kayunga,Ntenjeru,2022,Kangulumira Town Council,Kangulumira Ward,New ABC Devine Foundation,Private,Female,Division U,0
d102,c102,s112,p166,Kayunga,Ntenjeru,2022,Kangulumira Town Council,Kangulumira Ward,New ABC Devine Foundation,Private,Male,Division X,0
d102,c102,s112,p166,Kayunga,Ntenjeru,2022,Kangulumira Town Council,Kangulumira Ward,New ABC Devine Foundation,Private,Female,Division X,1
d102,c102,s112,p168,Kayunga,Ntenjeru,2022,Kangulumira Town Council,Nakatundu Ward,Nongo CU Primary School Kangulumira,Government,Male,Division 1,0
d102,c102,s112,p168,Kayunga,Ntenjeru,2022,Kangulumira Town Council,Nakatundu Ward,Nongo CU Primary School Kangulumira,Government,Female,Division 1,0
d102,c102,s112,p168,Kayunga,Ntenjeru,2022,Kangulumira Town Council,Nakatundu Ward,Nongo CU Primary School Kangulumira,Government,Male,Division 2,1
d102,c102,s112,p168,Kayunga,Ntenjeru,2022,Kangulumira Town Council,Nakatundu Ward,Nongo CU Primary School Kangulumira,Government,Female,Division 2,0
d102,c102,s112,p168,Kayunga,Ntenjeru,2022,Kangulumira Town Council,Nakatundu Ward,Nongo CU Primary School Kangulumira,Government,Male,Division 3,6
d102,c102,s112,p168,Kayunga,Ntenjeru,2022,Kangulumira Town Council,Nakatundu Ward,Nongo CU Primary School Kangulumira,Government,Female,Division 3,2
d102,c102,s112,p168,Kayunga,Ntenjeru,2022,Kangulumira Town Council,Nakatundu Ward,Nongo CU Primary School Kangulumira,Government,Male,Division 4,2
d102,c102,s112,p168,Kayunga,Ntenjeru,2022,Kangulumira Town Council,Nakatundu Ward,Nongo CU Primary School Kangulumira,Government,Female,Division 4,1
d102,c102,s112,p168,Kayunga,Ntenjeru,2022,Kangulumira Town Council,Nakatundu Ward,Nongo CU Primary School Kangulumira,Government,Male,Division U,7
d102,c102,s112,p168,Kayunga,Ntenjeru,2022,Kangulumira Town Council,Nakatundu Ward,Nongo CU Primary School Kangulumira,Government,Female,Division U,6
d102,c102,s112,p168,Kayunga,Ntenjeru,2022,Kangulumira Town Council,Nakatundu Ward,Nongo CU Primary School Kangulumira,Government,Male,Division X,3
d102,c102,s112,p168,Kayunga,Ntenjeru,2022,Kangulumira Town Council,Nakatundu Ward,Nongo CU Primary School Kangulumira,Government,Female,Division X,1
d102,c102,s112,p168,Kayunga,Ntenjeru,2022,Kangulumira Town Council,Nakatundu Ward,St Marys Child Empowerment Primary School,Private,Male,Division 1,4
d102,c102,s112,p168,Kayunga,Ntenjeru,2022,Kangulumira Town Council,Nakatundu Ward,St Marys Child Empowerment Primary School,Private,Female,Division 1,1
d102,c102,s112,p168,Kayunga,Ntenjeru,2022,Kangulumira Town Council,Nakatundu Ward,St Marys Child Empowerment Primary School,Private,Male,Division 2,3
d102,c102,s112,p168,Kayunga,Ntenjeru,2022,Kangulumira Town Council,Nakatundu Ward,St Marys Child Empowerment Primary School,Private,Female,Division 2,13
d102,c102,s112,p168,Kayunga,Ntenjeru,2022,Kangulumira Town Council,Nakatundu Ward,St Marys Child Empowerment Primary School,Private,Male,Division 3,0
d102,c102,s112,p168,Kayunga,Ntenjeru,2022,Kangulumira Town Council,Nakatundu Ward,St Marys Child Empowerment Primary School,Private,Female,Division 3,2
d102,c102,s112,p168,Kayunga,Ntenjeru,2022,Kangulumira Town Council,Nakatundu Ward,St Marys Child Empowerment Primary School,Private,Male,Division 4,0
d102,c102,s112,p168,Kayunga,Ntenjeru,2022,Kangulumira Town Council,Nakatundu Ward,St Marys Child Empowerment Primary School,Private,Female,Division 4,1
d102,c102,s112,p168,Kayunga,Ntenjeru,2022,Kangulumira Town Council,Nakatundu Ward,St Marys Child Empowerment Primary School,Private,Male,Division U,2
d102,c102,s112,p168,Kayunga,Ntenjeru,2022,Kangulumira Town Council,Nakatundu Ward,St Marys Child Empowerment Primary School,Private,Female,Division U,1
d102,c102,s112,p168,Kayunga,Ntenjeru,2022,Kangulumira Town Council,Nakatundu Ward,St Marys Child Empowerment Primary School,Private,Male,Division X,0
d102,c102,s112,p168,Kayunga,Ntenjeru,2022,Kangulumira Town Council,Nakatundu Ward,St Marys Child Empowerment Primary School,Private,Female,Division X,0
d102,c101,s113,p171,Kayunga,Bbaale,2022,Kitimbwa Town Council,Wabuyinja Ward,Kitimbwa CU Primary School,Government,Male,Division 1,0
d102,c101,s113,p171,Kayunga,Bbaale,2022,Kitimbwa Town Council,Wabuyinja Ward,Kitimbwa CU Primary School,Government,Female,Division 1,0
d102,c101,s113,p171,Kayunga,Bbaale,2022,Kitimbwa Town Council,Wabuyinja Ward,Kitimbwa CU Primary School,Government,Male,Division 2,7
d102,c101,s113,p171,Kayunga,Bbaale,2022,Kitimbwa Town Council,Wabuyinja Ward,Kitimbwa CU Primary School,Government,Female,Division 2,16
d102,c101,s113,p171,Kayunga,Bbaale,2022,Kitimbwa Town Council,Wabuyinja Ward,Kitimbwa CU Primary School,Government,Male,Division 3,4
d102,c101,s113,p171,Kayunga,Bbaale,2022,Kitimbwa Town Council,Wabuyinja Ward,Kitimbwa CU Primary School,Government,Female,Division 3,8
d102,c101,s113,p171,Kayunga,Bbaale,2022,Kitimbwa Town Council,Wabuyinja Ward,Kitimbwa CU Primary School,Government,Male,Division 4,0
d102,c101,s113,p171,Kayunga,Bbaale,2022,Kitimbwa Town Council,Wabuyinja Ward,Kitimbwa CU Primary School,Government,Female,Division 4,2
d102,c101,s113,p171,Kayunga,Bbaale,2022,Kitimbwa Town Council,Wabuyinja Ward,Kitimbwa CU Primary School,Government,Male,Division U,0
d102,c101,s113,p171,Kayunga,Bbaale,2022,Kitimbwa Town Council,Wabuyinja Ward,Kitimbwa CU Primary School,Government,Female,Division U,0
d102,c101,s113,p171,Kayunga,Bbaale,2022,Kitimbwa Town Council,Wabuyinja Ward,Kitimbwa CU Primary School,Government,Male,Division X,2
d102,c101,s113,p171,Kayunga,Bbaale,2022,Kitimbwa Town Council,Wabuyinja Ward,Kitimbwa CU Primary School,Government,Female,Division X,4
d102,c101,s113,p171,Kayunga,Bbaale,2022,Kitimbwa Town Council,Wabuyinja Ward,Kitimbwa Light SDA Primary School,Government,Male,Division 1,1
d102,c101,s113,p171,Kayunga,Bbaale,2022,Kitimbwa Town Council,Wabuyinja Ward,Kitimbwa Light SDA Primary School,Government,Female,Division 1,0
d102,c101,s113,p171,Kayunga,Bbaale,2022,Kitimbwa Town Council,Wabuyinja Ward,Kitimbwa Light SDA Primary School,Government,Male,Division 2,24
d102,c101,s113,p171,Kayunga,Bbaale,2022,Kitimbwa Town Council,Wabuyinja Ward,Kitimbwa Light SDA Primary School,Government,Female,Division 2,30
d102,c101,s113,p171,Kayunga,Bbaale,2022,Kitimbwa Town Council,Wabuyinja Ward,Kitimbwa Light SDA Primary School,Government,Male,Division 3,10
d102,c101,s113,p171,Kayunga,Bbaale,2022,Kitimbwa Town Council,Wabuyinja Ward,Kitimbwa Light SDA Primary School,Government,Female,Division 3,23
d102,c101,s113,p171,Kayunga,Bbaale,2022,Kitimbwa Town Council,Wabuyinja Ward,Kitimbwa Light SDA Primary School,Government,Male,Division 4,5
d102,c101,s113,p171,Kayunga,Bbaale,2022,Kitimbwa Town Council,Wabuyinja Ward,Kitimbwa Light SDA Primary School,Government,Female,Division 4,19
d102,c101,s113,p171,Kayunga,Bbaale,2022,Kitimbwa Town Council,Wabuyinja Ward,Kitimbwa Light SDA Primary School,Government,Male,Division U,2
d102,c101,s113,p171,Kayunga,Bbaale,2022,Kitimbwa Town Council,Wabuyinja Ward,Kitimbwa Light SDA Primary School,Government,Female,Division U,17
d102,c101,s113,p171,Kayunga,Bbaale,2022,Kitimbwa Town Council,Wabuyinja Ward,Kitimbwa Light SDA Primary School,Government,Male,Division X,0
d102,c101,s113,p171,Kayunga,Bbaale,2022,Kitimbwa Town Council,Wabuyinja Ward,Kitimbwa Light SDA Primary School,Government,Female,Division X,0
d102,c101,s113,p171,Kayunga,Bbaale,2022,Kitimbwa Town Council,Wabuyinja Ward,Kitimbwa RC Primary School,Government,Male,Division 1,0
d102,c101,s113,p171,Kayunga,Bbaale,2022,Kitimbwa Town Council,Wabuyinja Ward,Kitimbwa RC Primary School,Government,Female,Division 1,0
d102,c101,s113,p171,Kayunga,Bbaale,2022,Kitimbwa Town Council,Wabuyinja Ward,Kitimbwa RC Primary School,Government,Male,Division 2,6
d102,c101,s113,p171,Kayunga,Bbaale,2022,Kitimbwa Town Council,Wabuyinja Ward,Kitimbwa RC Primary School,Government,Female,Division 2,13
d102,c101,s113,p171,Kayunga,Bbaale,2022,Kitimbwa Town Council,Wabuyinja Ward,Kitimbwa RC Primary School,Government,Male,Division 3,7
d102,c101,s113,p171,Kayunga,Bbaale,2022,Kitimbwa Town Council,Wabuyinja Ward,Kitimbwa RC Primary School,Government,Female,Division 3,12
d102,c101,s113,p171,Kayunga,Bbaale,2022,Kitimbwa Town Council,Wabuyinja Ward,Kitimbwa RC Primary School,Government,Male,Division 4,4
d102,c101,s113,p171,Kayunga,Bbaale,2022,Kitimbwa Town Council,Wabuyinja Ward,Kitimbwa RC Primary School,Government,Female,Division 4,15
d102,c101,s113,p171,Kayunga,Bbaale,2022,Kitimbwa Town Council,Wabuyinja Ward,Kitimbwa RC Primary School,Government,Male,Division U,8
d102,c101,s113,p171,Kayunga,Bbaale,2022,Kitimbwa Town Council,Wabuyinja Ward,Kitimbwa RC Primary School,Government,Female,Division U,12
d102,c101,s113,p171,Kayunga,Bbaale,2022,Kitimbwa Town Council,Wabuyinja Ward,Kitimbwa RC Primary School,Government,Male,Division X,1
d102,c101,s113,p171,Kayunga,Bbaale,2022,Kitimbwa Town Council,Wabuyinja Ward,Kitimbwa RC Primary School,Government,Female,Division X,1
d102,c101,s113,p171,Kayunga,Bbaale,2022,Kitimbwa Town Council,Wabuyinja Ward,Kitimbwa UMEA Primary School,Government,Male,Division 1,0
d102,c101,s113,p171,Kayunga,Bbaale,2022,Kitimbwa Town Council,Wabuyinja Ward,Kitimbwa UMEA Primary School,Government,Female,Division 1,0
d102,c101,s113,p171,Kayunga,Bbaale,2022,Kitimbwa Town Council,Wabuyinja Ward,Kitimbwa UMEA Primary School,Government,Male,Division 2,1
d102,c101,s113,p171,Kayunga,Bbaale,2022,Kitimbwa Town Council,Wabuyinja Ward,Kitimbwa UMEA Primary School,Government,Female,Division 2,1
d102,c101,s113,p171,Kayunga,Bbaale,2022,Kitimbwa Town Council,Wabuyinja Ward,Kitimbwa UMEA Primary School,Government,Male,Division 3,5
d102,c101,s113,p171,Kayunga,Bbaale,2022,Kitimbwa Town Council,Wabuyinja Ward,Kitimbwa UMEA Primary School,Government,Female,Division 3,3
d102,c101,s113,p171,Kayunga,Bbaale,2022,Kitimbwa Town Council,Wabuyinja Ward,Kitimbwa UMEA Primary School,Government,Male,Division 4,0
d102,c101,s113,p171,Kayunga,Bbaale,2022,Kitimbwa Town Council,Wabuyinja Ward,Kitimbwa UMEA Primary School,Government,Female,Division 4,1
d102,c101,s113,p171,Kayunga,Bbaale,2022,Kitimbwa Town Council,Wabuyinja Ward,Kitimbwa UMEA Primary School,Government,Male,Division U,4
d102,c101,s113,p171,Kayunga,Bbaale,2022,Kitimbwa Town Council,Wabuyinja Ward,Kitimbwa UMEA Primary School,Government,Female,Division U,2
d102,c101,s113,p171,Kayunga,Bbaale,2022,Kitimbwa Town Council,Wabuyinja Ward,Kitimbwa UMEA Primary School,Government,Male,Division X,0
d102,c101,s113,p171,Kayunga,Bbaale,2022,Kitimbwa Town Council,Wabuyinja Ward,Kitimbwa UMEA Primary School,Government,Female,Division X,0
d102,c101,s113,p169,Kayunga,Bbaale,2022,Kitimbwa Town Council,Kyerima Ward,Kyerima CU Primary School,Government,Male,Division 1,1
d102,c101,s113,p169,Kayunga,Bbaale,2022,Kitimbwa Town Council,Kyerima Ward,Kyerima CU Primary School,Government,Female,Division 1,3
d102,c101,s113,p169,Kayunga,Bbaale,2022,Kitimbwa Town Council,Kyerima Ward,Kyerima CU Primary School,Government,Male,Division 2,11
d102,c101,s113,p169,Kayunga,Bbaale,2022,Kitimbwa Town Council,Kyerima Ward,Kyerima CU Primary School,Government,Female,Division 2,12
d102,c101,s113,p169,Kayunga,Bbaale,2022,Kitimbwa Town Council,Kyerima Ward,Kyerima CU Primary School,Government,Male,Division 3,5
d102,c101,s113,p169,Kayunga,Bbaale,2022,Kitimbwa Town Council,Kyerima Ward,Kyerima CU Primary School,Government,Female,Division 3,12
d102,c101,s113,p169,Kayunga,Bbaale,2022,Kitimbwa Town Council,Kyerima Ward,Kyerima CU Primary School,Government,Male,Division 4,6
d102,c101,s113,p169,Kayunga,Bbaale,2022,Kitimbwa Town Council,Kyerima Ward,Kyerima CU Primary School,Government,Female,Division 4,7
d102,c101,s113,p169,Kayunga,Bbaale,2022,Kitimbwa Town Council,Kyerima Ward,Kyerima CU Primary School,Government,Male,Division U,1
d102,c101,s113,p169,Kayunga,Bbaale,2022,Kitimbwa Town Council,Kyerima Ward,Kyerima CU Primary School,Government,Female,Division U,13
d102,c101,s113,p169,Kayunga,Bbaale,2022,Kitimbwa Town Council,Kyerima Ward,Kyerima CU Primary School,Government,Male,Division X,2
d102,c101,s113,p169,Kayunga,Bbaale,2022,Kitimbwa Town Council,Kyerima Ward,Kyerima CU Primary School,Government,Female,Division X,1
d102,c101,s113,p169,Kayunga,Bbaale,2022,Kitimbwa Town Council,Kyerima Ward,Kyerima UMEA Primary School,Government,Male,Division 1,0
d102,c101,s113,p169,Kayunga,Bbaale,2022,Kitimbwa Town Council,Kyerima Ward,Kyerima UMEA Primary School,Government,Female,Division 1,0
d102,c101,s113,p169,Kayunga,Bbaale,2022,Kitimbwa Town Council,Kyerima Ward,Kyerima UMEA Primary School,Government,Male,Division 2,2
d102,c101,s113,p169,Kayunga,Bbaale,2022,Kitimbwa Town Council,Kyerima Ward,Kyerima UMEA Primary School,Government,Female,Division 2,13
d102,c101,s113,p169,Kayunga,Bbaale,2022,Kitimbwa Town Council,Kyerima Ward,Kyerima UMEA Primary School,Government,Male,Division 3,4
d102,c101,s113,p169,Kayunga,Bbaale,2022,Kitimbwa Town Council,Kyerima Ward,Kyerima UMEA Primary School,Government,Female,Division 3,5
d102,c101,s113,p169,Kayunga,Bbaale,2022,Kitimbwa Town Council,Kyerima Ward,Kyerima UMEA Primary School,Government,Male,Division 4,0
d102,c101,s113,p169,Kayunga,Bbaale,2022,Kitimbwa Town Council,Kyerima Ward,Kyerima UMEA Primary School,Government,Female,Division 4,0
d102,c101,s113,p169,Kayunga,Bbaale,2022,Kitimbwa Town Council,Kyerima Ward,Kyerima UMEA Primary School,Government,Male,Division U,0
d102,c101,s113,p169,Kayunga,Bbaale,2022,Kitimbwa Town Council,Kyerima Ward,Kyerima UMEA Primary School,Government,Female,Division U,0
d102,c101,s113,p169,Kayunga,Bbaale,2022,Kitimbwa Town Council,Kyerima Ward,Kyerima UMEA Primary School,Government,Male,Division X,0
d102,c101,s113,p169,Kayunga,Bbaale,2022,Kitimbwa Town Council,Kyerima Ward,Kyerima UMEA Primary School,Government,Female,Division X,0
d102,c101,s113,p171,Kayunga,Bbaale,2022,Kitimbwa Town Council,Wabuyinja Ward,Kyetume High Primary School,Government,Male,Division 1,0
d102,c101,s113,p171,Kayunga,Bbaale,2022,Kitimbwa Town Council,Wabuyinja Ward,Kyetume High Primary School,Government,Female,Division 1,0
d102,c101,s113,p171,Kayunga,Bbaale,2022,Kitimbwa Town Council,Wabuyinja Ward,Kyetume High Primary School,Government,Male,Division 2,4
d102,c101,s113,p171,Kayunga,Bbaale,2022,Kitimbwa Town Council,Wabuyinja Ward,Kyetume High Primary School,Government,Female,Division 2,0
d102,c101,s113,p171,Kayunga,Bbaale,2022,Kitimbwa Town Council,Wabuyinja Ward,Kyetume High Primary School,Government,Male,Division 3,8
d102,c101,s113,p171,Kayunga,Bbaale,2022,Kitimbwa Town Council,Wabuyinja Ward,Kyetume High Primary School,Government,Female,Division 3,2
d102,c101,s113,p171,Kayunga,Bbaale,2022,Kitimbwa Town Council,Wabuyinja Ward,Kyetume High Primary School,Government,Male,Division 4,7
d102,c101,s113,p171,Kayunga,Bbaale,2022,Kitimbwa Town Council,Wabuyinja Ward,Kyetume High Primary School,Government,Female,Division 4,6
d102,c101,s113,p171,Kayunga,Bbaale,2022,Kitimbwa Town Council,Wabuyinja Ward,Kyetume High Primary School,Government,Male,Division U,8
d102,c101,s113,p171,Kayunga,Bbaale,2022,Kitimbwa Town Council,Wabuyinja Ward,Kyetume High Primary School,Government,Female,Division U,5
d102,c101,s113,p171,Kayunga,Bbaale,2022,Kitimbwa Town Council,Wabuyinja Ward,Kyetume High Primary School,Government,Male,Division X,0
d102,c101,s113,p171,Kayunga,Bbaale,2022,Kitimbwa Town Council,Wabuyinja Ward,Kyetume High Primary School,Government,Female,Division X,1
d102,c101,s113,p171,Kayunga,Bbaale,2022,Kitimbwa Town Council,Wabuyinja Ward,Kyetume Kabaganda Primary School,Government,Male,Division 1,0
d102,c101,s113,p171,Kayunga,Bbaale,2022,Kitimbwa Town Council,Wabuyinja Ward,Kyetume Kabaganda Primary School,Government,Female,Division 1,0
d102,c101,s113,p171,Kayunga,Bbaale,2022,Kitimbwa Town Council,Wabuyinja Ward,Kyetume Kabaganda Primary School,Government,Male,Division 2,1
d102,c101,s113,p171,Kayunga,Bbaale,2022,Kitimbwa Town Council,Wabuyinja Ward,Kyetume Kabaganda Primary School,Government,Female,Division 2,0
d102,c101,s113,p171,Kayunga,Bbaale,2022,Kitimbwa Town Council,Wabuyinja Ward,Kyetume Kabaganda Primary School,Government,Male,Division 3,5
d102,c101,s113,p171,Kayunga,Bbaale,2022,Kitimbwa Town Council,Wabuyinja Ward,Kyetume Kabaganda Primary School,Government,Female,Division 3,0
d102,c101,s113,p171,Kayunga,Bbaale,2022,Kitimbwa Town Council,Wabuyinja Ward,Kyetume Kabaganda Primary School,Government,Male,Division 4,1
d102,c101,s113,p171,Kayunga,Bbaale,2022,Kitimbwa Town Council,Wabuyinja Ward,Kyetume Kabaganda Primary School,Government,Female,Division 4,1
d102,c101,s113,p171,Kayunga,Bbaale,2022,Kitimbwa Town Council,Wabuyinja Ward,Kyetume Kabaganda Primary School,Government,Male,Division U,3
d102,c101,s113,p171,Kayunga,Bbaale,2022,Kitimbwa Town Council,Wabuyinja Ward,Kyetume Kabaganda Primary School,Government,Female,Division U,2
d102,c101,s113,p171,Kayunga,Bbaale,2022,Kitimbwa Town Council,Wabuyinja Ward,Kyetume Kabaganda Primary School,Government,Male,Division X,0
d102,c101,s113,p171,Kayunga,Bbaale,2022,Kitimbwa Town Council,Wabuyinja Ward,Kyetume Kabaganda Primary School,Government,Female,Division X,3
d102,c101,s101,p123,Kayunga,Bbaale,2020,Galiraya,Galiraya,Galiraya CU Primary School,Government,Male,Division 1,2
d102,c101,s101,p123,Kayunga,Bbaale,2020,Galiraya,Galiraya,Galiraya CU Primary School,Government,Female,Division 1,1
d102,c101,s101,p123,Kayunga,Bbaale,2020,Galiraya,Galiraya,Galiraya CU Primary School,Government,Male,Division 2,14
d102,c101,s101,p123,Kayunga,Bbaale,2020,Galiraya,Galiraya,Galiraya CU Primary School,Government,Female,Division 2,13
d102,c101,s101,p123,Kayunga,Bbaale,2020,Galiraya,Galiraya,Galiraya CU Primary School,Government,Male,Division 3,9
d102,c101,s101,p123,Kayunga,Bbaale,2020,Galiraya,Galiraya,Galiraya CU Primary School,Government,Female,Division 3,9
d102,c101,s101,p123,Kayunga,Bbaale,2020,Galiraya,Galiraya,Galiraya CU Primary School,Government,Male,Division 4,7
d102,c101,s101,p123,Kayunga,Bbaale,2020,Galiraya,Galiraya,Galiraya CU Primary School,Government,Female,Division 4,7
d102,c101,s101,p123,Kayunga,Bbaale,2020,Galiraya,Galiraya,Galiraya CU Primary School,Government,Male,Division U,7
d102,c101,s101,p123,Kayunga,Bbaale,2020,Galiraya,Galiraya,Galiraya CU Primary School,Government,Female,Division U,4
d102,c101,s101,p123,Kayunga,Bbaale,2020,Galiraya,Galiraya,Galiraya CU Primary School,Government,Male,Division X,1
d102,c101,s101,p123,Kayunga,Bbaale,2020,Galiraya,Galiraya,Galiraya CU Primary School,Government,Female,Division X,0
d102,c101,s101,p125,Kayunga,Bbaale,2020,Galiraya,Kasokwe,Kasokwe CU Primary School,Government,Male,Division 1,3
d102,c101,s101,p125,Kayunga,Bbaale,2020,Galiraya,Kasokwe,Kasokwe CU Primary School,Government,Female,Division 1,2
d102,c101,s101,p125,Kayunga,Bbaale,2020,Galiraya,Kasokwe,Kasokwe CU Primary School,Government,Male,Division 2,4
d102,c101,s101,p125,Kayunga,Bbaale,2020,Galiraya,Kasokwe,Kasokwe CU Primary School,Government,Female,Division 2,10
d102,c101,s101,p125,Kayunga,Bbaale,2020,Galiraya,Kasokwe,Kasokwe CU Primary School,Government,Male,Division 3,5
d102,c101,s101,p125,Kayunga,Bbaale,2020,Galiraya,Kasokwe,Kasokwe CU Primary School,Government,Female,Division 3,5
d102,c101,s101,p125,Kayunga,Bbaale,2020,Galiraya,Kasokwe,Kasokwe CU Primary School,Government,Male,Division 4,5
d102,c101,s101,p125,Kayunga,Bbaale,2020,Galiraya,Kasokwe,Kasokwe CU Primary School,Government,Female,Division 4,4
d102,c101,s101,p125,Kayunga,Bbaale,2020,Galiraya,Kasokwe,Kasokwe CU Primary School,Government,Male,Division U,10
d102,c101,s101,p125,Kayunga,Bbaale,2020,Galiraya,Kasokwe,Kasokwe CU Primary School,Government,Female,Division U,8
d102,c101,s101,p125,Kayunga,Bbaale,2020,Galiraya,Kasokwe,Kasokwe CU Primary School,Government,Male,Division X,0
d102,c101,s101,p125,Kayunga,Bbaale,2020,Galiraya,Kasokwe,Kasokwe CU Primary School,Government,Female,Division X,1
d102,c101,s101,p127,Kayunga,Bbaale,2020,Galiraya,Kirasa,Kirasa CU Primary School,Government,Male,Division 1,0
d102,c101,s101,p127,Kayunga,Bbaale,2020,Galiraya,Kirasa,Kirasa CU Primary School,Government,Female,Division 1,2
d102,c101,s101,p127,Kayunga,Bbaale,2020,Galiraya,Kirasa,Kirasa CU Primary School,Government,Male,Division 2,2
d102,c101,s101,p127,Kayunga,Bbaale,2020,Galiraya,Kirasa,Kirasa CU Primary School,Government,Female,Division 2,0
d102,c101,s101,p127,Kayunga,Bbaale,2020,Galiraya,Kirasa,Kirasa CU Primary School,Government,Male,Division 3,3
d102,c101,s101,p127,Kayunga,Bbaale,2020,Galiraya,Kirasa,Kirasa CU Primary School,Government,Female,Division 3,0
d102,c101,s101,p127,Kayunga,Bbaale,2020,Galiraya,Kirasa,Kirasa CU Primary School,Government,Male,Division 4,2
d102,c101,s101,p127,Kayunga,Bbaale,2020,Galiraya,Kirasa,Kirasa CU Primary School,Government,Female,Division 4,1
d102,c101,s101,p127,Kayunga,Bbaale,2020,Galiraya,Kirasa,Kirasa CU Primary School,Government,Male,Division U,3
d102,c101,s101,p127,Kayunga,Bbaale,2020,Galiraya,Kirasa,Kirasa CU Primary School,Government,Female,Division U,5
d102,c101,s101,p127,Kayunga,Bbaale,2020,Galiraya,Kirasa,Kirasa CU Primary School,Government,Male,Division X,0
d102,c101,s101,p127,Kayunga,Bbaale,2020,Galiraya,Kirasa,Kirasa CU Primary School,Government,Female,Division X,0
d102,c101,s101,p126,Kayunga,Bbaale,2020,Galiraya,Namayuge,Nakatuli RC Primary School,Government,Male,Division 1,0
d102,c101,s101,p126,Kayunga,Bbaale,2020,Galiraya,Namayuge,Nakatuli RC Primary School,Government,Female,Division 1,0
d102,c101,s101,p126,Kayunga,Bbaale,2020,Galiraya,Namayuge,Nakatuli RC Primary School,Government,Male,Division 2,0
d102,c101,s101,p126,Kayunga,Bbaale,2020,Galiraya,Namayuge,Nakatuli RC Primary School,Government,Female,Division 2,1
d102,c101,s101,p126,Kayunga,Bbaale,2020,Galiraya,Namayuge,Nakatuli RC Primary School,Government,Male,Division 3,1
d102,c101,s101,p126,Kayunga,Bbaale,2020,Galiraya,Namayuge,Nakatuli RC Primary School,Government,Female,Division 3,6
d102,c101,s101,p126,Kayunga,Bbaale,2020,Galiraya,Namayuge,Nakatuli RC Primary School,Government,Male,Division 4,1
d102,c101,s101,p126,Kayunga,Bbaale,2020,Galiraya,Namayuge,Nakatuli RC Primary School,Government,Female,Division 4,1
d102,c101,s101,p126,Kayunga,Bbaale,2020,Galiraya,Namayuge,Nakatuli RC Primary School,Government,Male,Division U,3
d102,c101,s101,p126,Kayunga,Bbaale,2020,Galiraya,Namayuge,Nakatuli RC Primary School,Government,Female,Division U,3
d102,c101,s101,p126,Kayunga,Bbaale,2020,Galiraya,Namayuge,Nakatuli RC Primary School,Government,Male,Division X,0
d102,c101,s101,p126,Kayunga,Bbaale,2020,Galiraya,Namayuge,Nakatuli RC Primary School,Government,Female,Division X,1
d102,c101,s101,p124,Kayunga,Bbaale,2020,Galiraya,Namalere,Namalere Primary School,Government,Male,Division 1,4
d102,c101,s101,p124,Kayunga,Bbaale,2020,Galiraya,Namalere,Namalere Primary School,Government,Female,Division 1,3
d102,c101,s101,p124,Kayunga,Bbaale,2020,Galiraya,Namalere,Namalere Primary School,Government,Male,Division 2,32
d102,c101,s101,p124,Kayunga,Bbaale,2020,Galiraya,Namalere,Namalere Primary School,Government,Female,Division 2,28
d102,c101,s101,p124,Kayunga,Bbaale,2020,Galiraya,Namalere,Namalere Primary School,Government,Male,Division 3,7
d102,c101,s101,p124,Kayunga,Bbaale,2020,Galiraya,Namalere,Namalere Primary School,Government,Female,Division 3,6
d102,c101,s101,p124,Kayunga,Bbaale,2020,Galiraya,Namalere,Namalere Primary School,Government,Male,Division 4,1
d102,c101,s101,p124,Kayunga,Bbaale,2020,Galiraya,Namalere,Namalere Primary School,Government,Female,Division 4,0
d102,c101,s101,p124,Kayunga,Bbaale,2020,Galiraya,Namalere,Namalere Primary School,Government,Male,Division U,0
d102,c101,s101,p124,Kayunga,Bbaale,2020,Galiraya,Namalere,Namalere Primary School,Government,Female,Division U,0
d102,c101,s101,p124,Kayunga,Bbaale,2020,Galiraya,Namalere,Namalere Primary School,Government,Male,Division X,0
d102,c101,s101,p124,Kayunga,Bbaale,2020,Galiraya,Namalere,Namalere Primary School,Government,Female,Division X,0
d102,c101,s101,p126,Kayunga,Bbaale,2020,Galiraya,Namayuge,Namayuge Primary School,Government,Male,Division 1,0
d102,c101,s101,p126,Kayunga,Bbaale,2020,Galiraya,Namayuge,Namayuge Primary School,Government,Female,Division 1,0
d102,c101,s101,p126,Kayunga,Bbaale,2020,Galiraya,Namayuge,Namayuge Primary School,Government,Male,Division 2,1
d102,c101,s101,p126,Kayunga,Bbaale,2020,Galiraya,Namayuge,Namayuge Primary School,Government,Female,Division 2,6
d102,c101,s101,p126,Kayunga,Bbaale,2020,Galiraya,Namayuge,Namayuge Primary School,Government,Male,Division 3,9
d102,c101,s101,p126,Kayunga,Bbaale,2020,Galiraya,Namayuge,Namayuge Primary School,Government,Female,Division 3,17
d102,c101,s101,p126,Kayunga,Bbaale,2020,Galiraya,Namayuge,Namayuge Primary School,Government,Male,Division 4,6
d102,c101,s101,p126,Kayunga,Bbaale,2020,Galiraya,Namayuge,Namayuge Primary School,Government,Female,Division 4,2
d102,c101,s101,p126,Kayunga,Bbaale,2020,Galiraya,Namayuge,Namayuge Primary School,Government,Male,Division U,13
d102,c101,s101,p126,Kayunga,Bbaale,2020,Galiraya,Namayuge,Namayuge Primary School,Government,Female,Division U,7
d102,c101,s101,p126,Kayunga,Bbaale,2020,Galiraya,Namayuge,Namayuge Primary School,Government,Male,Division X,1
d102,c101,s101,p126,Kayunga,Bbaale,2020,Galiraya,Namayuge,Namayuge Primary School,Government,Female,Division X,1
d102,c101,s101,p128,Kayunga,Bbaale,2020,Galiraya,Ntimba,Ntimba Primary School,Government,Male,Division 1,0
d102,c101,s101,p128,Kayunga,Bbaale,2020,Galiraya,Ntimba,Ntimba Primary School,Government,Female,Division 1,0
d102,c101,s101,p128,Kayunga,Bbaale,2020,Galiraya,Ntimba,Ntimba Primary School,Government,Male,Division 2,6
d102,c101,s101,p128,Kayunga,Bbaale,2020,Galiraya,Ntimba,Ntimba Primary School,Government,Female,Division 2,4
d102,c101,s101,p128,Kayunga,Bbaale,2020,Galiraya,Ntimba,Ntimba Primary School,Government,Male,Division 3,10
d102,c101,s101,p128,Kayunga,Bbaale,2020,Galiraya,Ntimba,Ntimba Primary School,Government,Female,Division 3,7
d102,c101,s101,p128,Kayunga,Bbaale,2020,Galiraya,Ntimba,Ntimba Primary School,Government,Male,Division 4,9
d102,c101,s101,p128,Kayunga,Bbaale,2020,Galiraya,Ntimba,Ntimba Primary School,Government,Female,Division 4,6
d102,c101,s101,p128,Kayunga,Bbaale,2020,Galiraya,Ntimba,Ntimba Primary School,Government,Male,Division U,11
d102,c101,s101,p128,Kayunga,Bbaale,2020,Galiraya,Ntimba,Ntimba Primary School,Government,Female,Division U,11
d102,c101,s101,p128,Kayunga,Bbaale,2020,Galiraya,Ntimba,Ntimba Primary School,Government,Male,Division X,0
d102,c101,s101,p128,Kayunga,Bbaale,2020,Galiraya,Ntimba,Ntimba Primary School,Government,Female,Division X,1
d102,c101,s101,p123,Kayunga,Bbaale,2020,Galiraya,Galiraya,St Kizito Kidibya Primary School,Government,Male,Division 1,0
d102,c101,s101,p123,Kayunga,Bbaale,2020,Galiraya,Galiraya,St Kizito Kidibya Primary School,Government,Female,Division 1,0
d102,c101,s101,p123,Kayunga,Bbaale,2020,Galiraya,Galiraya,St Kizito Kidibya Primary School,Government,Male,Division 2,4
d102,c101,s101,p123,Kayunga,Bbaale,2020,Galiraya,Galiraya,St Kizito Kidibya Primary School,Government,Female,Division 2,4
d102,c101,s101,p123,Kayunga,Bbaale,2020,Galiraya,Galiraya,St Kizito Kidibya Primary School,Government,Male,Division 3,10
d102,c101,s101,p123,Kayunga,Bbaale,2020,Galiraya,Galiraya,St Kizito Kidibya Primary School,Government,Female,Division 3,9
d102,c101,s101,p123,Kayunga,Bbaale,2020,Galiraya,Galiraya,St Kizito Kidibya Primary School,Government,Male,Division 4,5
d102,c101,s101,p123,Kayunga,Bbaale,2020,Galiraya,Galiraya,St Kizito Kidibya Primary School,Government,Female,Division 4,3
d102,c101,s101,p123,Kayunga,Bbaale,2020,Galiraya,Galiraya,St Kizito Kidibya Primary School,Government,Male,Division U,8
d102,c101,s101,p123,Kayunga,Bbaale,2020,Galiraya,Galiraya,St Kizito Kidibya Primary School,Government,Female,Division U,5
d102,c101,s101,p123,Kayunga,Bbaale,2020,Galiraya,Galiraya,St Kizito Kidibya Primary School,Government,Male,Division X,1
d102,c101,s101,p123,Kayunga,Bbaale,2020,Galiraya,Galiraya,St Kizito Kidibya Primary School,Government,Female,Division X,0
d102,c101,s102,p109,Kayunga,Bbaale,2020,Bbaale,Bbaale,Bbaale CU Primary School,Government,Male,Division 1,2
d102,c101,s102,p109,Kayunga,Bbaale,2020,Bbaale,Bbaale,Bbaale CU Primary School,Government,Female,Division 1,0
d102,c101,s102,p109,Kayunga,Bbaale,2020,Bbaale,Bbaale,Bbaale CU Primary School,Government,Male,Division 2,27
d102,c101,s102,p109,Kayunga,Bbaale,2020,Bbaale,Bbaale,Bbaale CU Primary School,Government,Female,Division 2,20
d102,c101,s102,p109,Kayunga,Bbaale,2020,Bbaale,Bbaale,Bbaale CU Primary School,Government,Male,Division 3,10
d102,c101,s102,p109,Kayunga,Bbaale,2020,Bbaale,Bbaale,Bbaale CU Primary School,Government,Female,Division 3,12
d102,c101,s102,p109,Kayunga,Bbaale,2020,Bbaale,Bbaale,Bbaale CU Primary School,Government,Male,Division 4,4
d102,c101,s102,p109,Kayunga,Bbaale,2020,Bbaale,Bbaale,Bbaale CU Primary School,Government,Female,Division 4,4
d102,c101,s102,p109,Kayunga,Bbaale,2020,Bbaale,Bbaale,Bbaale CU Primary School,Government,Male,Division U,5
d102,c101,s102,p109,Kayunga,Bbaale,2020,Bbaale,Bbaale,Bbaale CU Primary School,Government,Female,Division U,5
d102,c101,s102,p109,Kayunga,Bbaale,2020,Bbaale,Bbaale,Bbaale CU Primary School,Government,Male,Division X,0
d102,c101,s102,p109,Kayunga,Bbaale,2020,Bbaale,Bbaale,Bbaale CU Primary School,Government,Female,Division X,0
d102,c101,s102,p111,Kayunga,Bbaale,2020,Bbaale,Kavule,Gayaza CU Primary School,Government,Male,Division 1,1
d102,c101,s102,p111,Kayunga,Bbaale,2020,Bbaale,Kavule,Gayaza CU Primary School,Government,Female,Division 1,0
d102,c101,s102,p111,Kayunga,Bbaale,2020,Bbaale,Kavule,Gayaza CU Primary School,Government,Male,Division 2,14
d102,c101,s102,p111,Kayunga,Bbaale,2020,Bbaale,Kavule,Gayaza CU Primary School,Government,Female,Division 2,11
d102,c101,s102,p111,Kayunga,Bbaale,2020,Bbaale,Kavule,Gayaza CU Primary School,Government,Male,Division 3,10
d102,c101,s102,p111,Kayunga,Bbaale,2020,Bbaale,Kavule,Gayaza CU Primary School,Government,Female,Division 3,5
d102,c101,s102,p111,Kayunga,Bbaale,2020,Bbaale,Kavule,Gayaza CU Primary School,Government,Male,Division 4,3
d102,c101,s102,p111,Kayunga,Bbaale,2020,Bbaale,Kavule,Gayaza CU Primary School,Government,Female,Division 4,2
d102,c101,s102,p111,Kayunga,Bbaale,2020,Bbaale,Kavule,Gayaza CU Primary School,Government,Male,Division U,3
d102,c101,s102,p111,Kayunga,Bbaale,2020,Bbaale,Kavule,Gayaza CU Primary School,Government,Female,Division U,1
d102,c101,s102,p111,Kayunga,Bbaale,2020,Bbaale,Kavule,Gayaza CU Primary School,Government,Male,Division X,1
d102,c101,s102,p111,Kayunga,Bbaale,2020,Bbaale,Kavule,Gayaza CU Primary School,Government,Female,Division X,2
d102,c101,s102,p110,Kayunga,Bbaale,2020,Bbaale,Misanga,Misanga CU Primary School,Government,Male,Division 1,0
d102,c101,s102,p110,Kayunga,Bbaale,2020,Bbaale,Misanga,Misanga CU Primary School,Government,Female,Division 1,0
d102,c101,s102,p110,Kayunga,Bbaale,2020,Bbaale,Misanga,Misanga CU Primary School,Government,Male,Division 2,1
d102,c101,s102,p110,Kayunga,Bbaale,2020,Bbaale,Misanga,Misanga CU Primary School,Government,Female,Division 2,4
d102,c101,s102,p110,Kayunga,Bbaale,2020,Bbaale,Misanga,Misanga CU Primary School,Government,Male,Division 3,0
d102,c101,s102,p110,Kayunga,Bbaale,2020,Bbaale,Misanga,Misanga CU Primary School,Government,Female,Division 3,3
d102,c101,s102,p110,Kayunga,Bbaale,2020,Bbaale,Misanga,Misanga CU Primary School,Government,Male,Division 4,3
d102,c101,s102,p110,Kayunga,Bbaale,2020,Bbaale,Misanga,Misanga CU Primary School,Government,Female,Division 4,2
d102,c101,s102,p110,Kayunga,Bbaale,2020,Bbaale,Misanga,Misanga CU Primary School,Government,Male,Division U,0
d102,c101,s102,p110,Kayunga,Bbaale,2020,Bbaale,Misanga,Misanga CU Primary School,Government,Female,Division U,0
d102,c101,s102,p110,Kayunga,Bbaale,2020,Bbaale,Misanga,Misanga CU Primary School,Government,Male,Division X,2
d102,c101,s102,p110,Kayunga,Bbaale,2020,Bbaale,Misanga,Misanga CU Primary School,Government,Female,Division X,3
d102,c101,s102,p112,Kayunga,Bbaale,2020,Bbaale,Mugongo,Mugongo Primary School,Government,Male,Division 1,0
d102,c101,s102,p112,Kayunga,Bbaale,2020,Bbaale,Mugongo,Mugongo Primary School,Government,Female,Division 1,0
d102,c101,s102,p112,Kayunga,Bbaale,2020,Bbaale,Mugongo,Mugongo Primary School,Government,Male,Division 2,1
d102,c101,s102,p112,Kayunga,Bbaale,2020,Bbaale,Mugongo,Mugongo Primary School,Government,Female,Division 2,4
d102,c101,s102,p112,Kayunga,Bbaale,2020,Bbaale,Mugongo,Mugongo Primary School,Government,Male,Division 3,0
d102,c101,s102,p112,Kayunga,Bbaale,2020,Bbaale,Mugongo,Mugongo Primary School,Government,Female,Division 3,3
d102,c101,s102,p112,Kayunga,Bbaale,2020,Bbaale,Mugongo,Mugongo Primary School,Government,Male,Division 4,3
d102,c101,s102,p112,Kayunga,Bbaale,2020,Bbaale,Mugongo,Mugongo Primary School,Government,Female,Division 4,2
d102,c101,s102,p112,Kayunga,Bbaale,2020,Bbaale,Mugongo,Mugongo Primary School,Government,Male,Division U,0
d102,c101,s102,p112,Kayunga,Bbaale,2020,Bbaale,Mugongo,Mugongo Primary School,Government,Female,Division U,0
d102,c101,s102,p112,Kayunga,Bbaale,2020,Bbaale,Mugongo,Mugongo Primary School,Government,Male,Division X,2
d102,c101,s102,p112,Kayunga,Bbaale,2020,Bbaale,Mugongo,Mugongo Primary School,Government,Female,Division X,3
d102,c101,s102,p111,Kayunga,Bbaale,2020,Bbaale,Kavule,Namataala Primary School,Government,Male,Division 1,1
d102,c101,s102,p111,Kayunga,Bbaale,2020,Bbaale,Kavule,Namataala Primary School,Government,Female,Division 1,0
d102,c101,s102,p111,Kayunga,Bbaale,2020,Bbaale,Kavule,Namataala Primary School,Government,Male,Division 2,6
d102,c101,s102,p111,Kayunga,Bbaale,2020,Bbaale,Kavule,Namataala Primary School,Government,Female,Division 2,3
d102,c101,s102,p111,Kayunga,Bbaale,2020,Bbaale,Kavule,Namataala Primary School,Government,Male,Division 3,10
d102,c101,s102,p111,Kayunga,Bbaale,2020,Bbaale,Kavule,Namataala Primary School,Government,Female,Division 3,6
d102,c101,s102,p111,Kayunga,Bbaale,2020,Bbaale,Kavule,Namataala Primary School,Government,Male,Division 4,10
d102,c101,s102,p111,Kayunga,Bbaale,2020,Bbaale,Kavule,Namataala Primary School,Government,Female,Division 4,9
d102,c101,s102,p111,Kayunga,Bbaale,2020,Bbaale,Kavule,Namataala Primary School,Government,Male,Division U,11
d102,c101,s102,p111,Kayunga,Bbaale,2020,Bbaale,Kavule,Namataala Primary School,Government,Female,Division U,9
d102,c101,s102,p111,Kayunga,Bbaale,2020,Bbaale,Kavule,Namataala Primary School,Government,Male,Division X,3
d102,c101,s102,p111,Kayunga,Bbaale,2020,Bbaale,Kavule,Namataala Primary School,Government,Female,Division X,4
d102,c101,s102,p111,Kayunga,Bbaale,2020,Bbaale,Kavule,Star Academy Primary School,Private,Male,Division 1,1
d102,c101,s102,p111,Kayunga,Bbaale,2020,Bbaale,Kavule,Star Academy Primary School,Private,Female,Division 1,1
d102,c101,s102,p111,Kayunga,Bbaale,2020,Bbaale,Kavule,Star Academy Primary School,Private,Male,Division 2,13
d102,c101,s102,p111,Kayunga,Bbaale,2020,Bbaale,Kavule,Star Academy Primary School,Private,Female,Division 2,10
d102,c101,s102,p111,Kayunga,Bbaale,2020,Bbaale,Kavule,Star Academy Primary School,Private,Male,Division 3,2
d102,c101,s102,p111,Kayunga,Bbaale,2020,Bbaale,Kavule,Star Academy Primary School,Private,Female,Division 3,0
d102,c101,s102,p111,Kayunga,Bbaale,2020,Bbaale,Kavule,Star Academy Primary School,Private,Male,Division 4,2
d102,c101,s102,p111,Kayunga,Bbaale,2020,Bbaale,Kavule,Star Academy Primary School,Private,Female,Division 4,2
d102,c101,s102,p111,Kayunga,Bbaale,2020,Bbaale,Kavule,Star Academy Primary School,Private,Male,Division U,0
d102,c101,s102,p111,Kayunga,Bbaale,2020,Bbaale,Kavule,Star Academy Primary School,Private,Female,Division U,1
d102,c101,s102,p111,Kayunga,Bbaale,2020,Bbaale,Kavule,Star Academy Primary School,Private,Male,Division X,2
d102,c101,s102,p111,Kayunga,Bbaale,2020,Bbaale,Kavule,Star Academy Primary School,Private,Female,Division X,0
d102,c101,s103,p152,Kayunga,Bbaale,2020,Kayonza,Kamusabi,Bugatto RC Primary School,Government,Male,Division 1,1
d102,c101,s103,p152,Kayunga,Bbaale,2020,Kayonza,Kamusabi,Bugatto RC Primary School,Government,Female,Division 1,0
d102,c101,s103,p152,Kayunga,Bbaale,2020,Kayonza,Kamusabi,Bugatto RC Primary School,Government,Male,Division 2,9
d102,c101,s103,p152,Kayunga,Bbaale,2020,Kayonza,Kamusabi,Bugatto RC Primary School,Government,Female,Division 2,4
d102,c101,s103,p152,Kayunga,Bbaale,2020,Kayonza,Kamusabi,Bugatto RC Primary School,Government,Male,Division 3,10
d102,c101,s103,p152,Kayunga,Bbaale,2020,Kayonza,Kamusabi,Bugatto RC Primary School,Government,Female,Division 3,3
d102,c101,s103,p152,Kayunga,Bbaale,2020,Kayonza,Kamusabi,Bugatto RC Primary School,Government,Male,Division 4,3
d102,c101,s103,p152,Kayunga,Bbaale,2020,Kayonza,Kamusabi,Bugatto RC Primary School,Government,Female,Division 4,3
d102,c101,s103,p152,Kayunga,Bbaale,2020,Kayonza,Kamusabi,Bugatto RC Primary School,Government,Male,Division U,4
d102,c101,s103,p152,Kayunga,Bbaale,2020,Kayonza,Kamusabi,Bugatto RC Primary School,Government,Female,Division U,4
d102,c101,s103,p152,Kayunga,Bbaale,2020,Kayonza,Kamusabi,Bugatto RC Primary School,Government,Male,Division X,0
d102,c101,s103,p152,Kayunga,Bbaale,2020,Kayonza,Kamusabi,Bugatto RC Primary School,Government,Female,Division X,0
d102,c101,s103,p154,Kayunga,Bbaale,2020,Kayonza,Kitwe,Bugoma Primary School,Government,Male,Division 1,0
d102,c101,s103,p154,Kayunga,Bbaale,2020,Kayonza,Kitwe,Bugoma Primary School,Government,Female,Division 1,0
d102,c101,s103,p154,Kayunga,Bbaale,2020,Kayonza,Kitwe,Bugoma Primary School,Government,Male,Division 2,0
d102,c101,s103,p154,Kayunga,Bbaale,2020,Kayonza,Kitwe,Bugoma Primary School,Government,Female,Division 2,0
d102,c101,s103,p154,Kayunga,Bbaale,2020,Kayonza,Kitwe,Bugoma Primary School,Government,Male,Division 3,0
d102,c101,s103,p154,Kayunga,Bbaale,2020,Kayonza,Kitwe,Bugoma Primary School,Government,Female,Division 3,0
d102,c101,s103,p154,Kayunga,Bbaale,2020,Kayonza,Kitwe,Bugoma Primary School,Government,Male,Division 4,3
d102,c101,s103,p154,Kayunga,Bbaale,2020,Kayonza,Kitwe,Bugoma Primary School,Government,Female,Division 4,2
d102,c101,s103,p154,Kayunga,Bbaale,2020,Kayonza,Kitwe,Bugoma Primary School,Government,Male,Division U,4
d102,c101,s103,p154,Kayunga,Bbaale,2020,Kayonza,Kitwe,Bugoma Primary School,Government,Female,Division U,1
d102,c101,s103,p154,Kayunga,Bbaale,2020,Kayonza,Kitwe,Bugoma Primary School,Government,Male,Division X,3
d102,c101,s103,p154,Kayunga,Bbaale,2020,Kayonza,Kitwe,Bugoma Primary School,Government,Female,Division X,3
d102,c101,s103,p158,Kayunga,Bbaale,2020,Kayonza,Namizo,Bujwaya CU Primary School,Government,Male,Division 1,0
d102,c101,s103,p158,Kayunga,Bbaale,2020,Kayonza,Namizo,Bujwaya CU Primary School,Government,Female,Division 1,0
d102,c101,s103,p158,Kayunga,Bbaale,2020,Kayonza,Namizo,Bujwaya CU Primary School,Government,Male,Division 2,1
d102,c101,s103,p158,Kayunga,Bbaale,2020,Kayonza,Namizo,Bujwaya CU Primary School,Government,Female,Division 2,2
d102,c101,s103,p158,Kayunga,Bbaale,2020,Kayonza,Namizo,Bujwaya CU Primary School,Government,Male,Division 3,1
d102,c101,s103,p158,Kayunga,Bbaale,2020,Kayonza,Namizo,Bujwaya CU Primary School,Government,Female,Division 3,1
d102,c101,s103,p158,Kayunga,Bbaale,2020,Kayonza,Namizo,Bujwaya CU Primary School,Government,Male,Division 4,3
d102,c101,s103,p158,Kayunga,Bbaale,2020,Kayonza,Namizo,Bujwaya CU Primary School,Government,Female,Division 4,3
d102,c101,s103,p158,Kayunga,Bbaale,2020,Kayonza,Namizo,Bujwaya CU Primary School,Government,Male,Division U,4
d102,c101,s103,p158,Kayunga,Bbaale,2020,Kayonza,Namizo,Bujwaya CU Primary School,Government,Female,Division U,6
d102,c101,s103,p158,Kayunga,Bbaale,2020,Kayonza,Namizo,Bujwaya CU Primary School,Government,Male,Division X,0
d102,c101,s103,p158,Kayunga,Bbaale,2020,Kayonza,Namizo,Bujwaya CU Primary School,Government,Female,Division X,0
d102,c101,s103,p150,Kayunga,Bbaale,2020,Kayonza,Balisanga,Bwalala Primary School,Government,Male,Division 1,0
d102,c101,s103,p150,Kayunga,Bbaale,2020,Kayonza,Balisanga,Bwalala Primary School,Government,Female,Division 1,0
d102,c101,s103,p150,Kayunga,Bbaale,2020,Kayonza,Balisanga,Bwalala Primary School,Government,Male,Division 2,13
d102,c101,s103,p150,Kayunga,Bbaale,2020,Kayonza,Balisanga,Bwalala Primary School,Government,Female,Division 2,7
d102,c101,s103,p150,Kayunga,Bbaale,2020,Kayonza,Balisanga,Bwalala Primary School,Government,Male,Division 3,1
d102,c101,s103,p150,Kayunga,Bbaale,2020,Kayonza,Balisanga,Bwalala Primary School,Government,Female,Division 3,0
d102,c101,s103,p150,Kayunga,Bbaale,2020,Kayonza,Balisanga,Bwalala Primary School,Government,Male,Division 4,0
d102,c101,s103,p150,Kayunga,Bbaale,2020,Kayonza,Balisanga,Bwalala Primary School,Government,Female,Division 4,1
d102,c101,s103,p150,Kayunga,Bbaale,2020,Kayonza,Balisanga,Bwalala Primary School,Government,Male,Division U,0
d102,c101,s103,p150,Kayunga,Bbaale,2020,Kayonza,Balisanga,Bwalala Primary School,Government,Female,Division U,0
d102,c101,s103,p150,Kayunga,Bbaale,2020,Kayonza,Balisanga,Bwalala Primary School,Government,Male,Division X,0
d102,c101,s103,p150,Kayunga,Bbaale,2020,Kayonza,Balisanga,Bwalala Primary School,Government,Female,Division X,1
d102,c101,s103,p152,Kayunga,Bbaale,2020,Kayonza,Kamusabi,Kamusabi Primary School,Government,Male,Division 1,0
d102,c101,s103,p152,Kayunga,Bbaale,2020,Kayonza,Kamusabi,Kamusabi Primary School,Government,Female,Division 1,0
d102,c101,s103,p152,Kayunga,Bbaale,2020,Kayonza,Kamusabi,Kamusabi Primary School,Government,Male,Division 2,1
d102,c101,s103,p152,Kayunga,Bbaale,2020,Kayonza,Kamusabi,Kamusabi Primary School,Government,Female,Division 2,1
d102,c101,s103,p152,Kayunga,Bbaale,2020,Kayonza,Kamusabi,Kamusabi Primary School,Government,Male,Division 3,1
d102,c101,s103,p152,Kayunga,Bbaale,2020,Kayonza,Kamusabi,Kamusabi Primary School,Government,Female,Division 3,1
d102,c101,s103,p152,Kayunga,Bbaale,2020,Kayonza,Kamusabi,Kamusabi Primary School,Government,Male,Division 4,5
d102,c101,s103,p152,Kayunga,Bbaale,2020,Kayonza,Kamusabi,Kamusabi Primary School,Government,Female,Division 4,4
d102,c101,s103,p152,Kayunga,Bbaale,2020,Kayonza,Kamusabi,Kamusabi Primary School,Government,Male,Division U,2
d102,c101,s103,p152,Kayunga,Bbaale,2020,Kayonza,Kamusabi,Kamusabi Primary School,Government,Female,Division U,4
d102,c101,s103,p152,Kayunga,Bbaale,2020,Kayonza,Kamusabi,Kamusabi Primary School,Government,Male,Division X,0
d102,c101,s103,p152,Kayunga,Bbaale,2020,Kayonza,Kamusabi,Kamusabi Primary School,Government,Female,Division X,1
d102,c101,s103,p157,Kayunga,Bbaale,2020,Kayonza,Namaliri,Kawolokota CU Primary School,Government,Male,Division 1,0
d102,c101,s103,p157,Kayunga,Bbaale,2020,Kayonza,Namaliri,Kawolokota CU Primary School,Government,Female,Division 1,0
d102,c101,s103,p157,Kayunga,Bbaale,2020,Kayonza,Namaliri,Kawolokota CU Primary School,Government,Male,Division 2,4
d102,c101,s103,p157,Kayunga,Bbaale,2020,Kayonza,Namaliri,Kawolokota CU Primary School,Government,Female,Division 2,2
d102,c101,s103,p157,Kayunga,Bbaale,2020,Kayonza,Namaliri,Kawolokota CU Primary School,Government,Male,Division 3,10
d102,c101,s103,p157,Kayunga,Bbaale,2020,Kayonza,Namaliri,Kawolokota CU Primary School,Government,Female,Division 3,6
d102,c101,s103,p157,Kayunga,Bbaale,2020,Kayonza,Namaliri,Kawolokota CU Primary School,Government,Male,Division 4,10
d102,c101,s103,p157,Kayunga,Bbaale,2020,Kayonza,Namaliri,Kawolokota CU Primary School,Government,Female,Division 4,8
d102,c101,s103,p157,Kayunga,Bbaale,2020,Kayonza,Namaliri,Kawolokota CU Primary School,Government,Male,Division U,11
d102,c101,s103,p157,Kayunga,Bbaale,2020,Kayonza,Namaliri,Kawolokota CU Primary School,Government,Female,Division U,5
d102,c101,s103,p157,Kayunga,Bbaale,2020,Kayonza,Namaliri,Kawolokota CU Primary School,Government,Male,Division X,1
d102,c101,s103,p157,Kayunga,Bbaale,2020,Kayonza,Namaliri,Kawolokota CU Primary School,Government,Female,Division X,2
d102,c101,s103,p157,Kayunga,Bbaale,2020,Kayonza,Namaliri,Kawolokota RC Primary School,Government,Male,Division 1,0
d102,c101,s103,p157,Kayunga,Bbaale,2020,Kayonza,Namaliri,Kawolokota RC Primary School,Government,Female,Division 1,0
d102,c101,s103,p157,Kayunga,Bbaale,2020,Kayonza,Namaliri,Kawolokota RC Primary School,Government,Male,Division 2,9
d102,c101,s103,p157,Kayunga,Bbaale,2020,Kayonza,Namaliri,Kawolokota RC Primary School,Government,Female,Division 2,7
d102,c101,s103,p157,Kayunga,Bbaale,2020,Kayonza,Namaliri,Kawolokota RC Primary School,Government,Male,Division 3,5
d102,c101,s103,p157,Kayunga,Bbaale,2020,Kayonza,Namaliri,Kawolokota RC Primary School,Government,Female,Division 3,9
d102,c101,s103,p157,Kayunga,Bbaale,2020,Kayonza,Namaliri,Kawolokota RC Primary School,Government,Male,Division 4,7
d102,c101,s103,p157,Kayunga,Bbaale,2020,Kayonza,Namaliri,Kawolokota RC Primary School,Government,Female,Division 4,10
d102,c101,s103,p157,Kayunga,Bbaale,2020,Kayonza,Namaliri,Kawolokota RC Primary School,Government,Male,Division U,3
d102,c101,s103,p157,Kayunga,Bbaale,2020,Kayonza,Namaliri,Kawolokota RC Primary School,Government,Female,Division U,22
d102,c101,s103,p157,Kayunga,Bbaale,2020,Kayonza,Namaliri,Kawolokota RC Primary School,Government,Male,Division X,0
d102,c101,s103,p157,Kayunga,Bbaale,2020,Kayonza,Namaliri,Kawolokota RC Primary School,Government,Female,Division X,4
d102,c101,s103,p157,Kayunga,Bbaale,2020,Kayonza,Namaliri,Kayonza Primary School,Government,Male,Division 1,
d102,c101,s103,p157,Kayunga,Bbaale,2020,Kayonza,Namaliri,Kayonza Primary School,Government,Female,Division 1,
d102,c101,s103,p157,Kayunga,Bbaale,2020,Kayonza,Namaliri,Kayonza Primary School,Government,Male,Division 2,
d102,c101,s103,p157,Kayunga,Bbaale,2020,Kayonza,Namaliri,Kayonza Primary School,Government,Female,Division 2,
d102,c101,s103,p157,Kayunga,Bbaale,2020,Kayonza,Namaliri,Kayonza Primary School,Government,Male,Division 3,
d102,c101,s103,p157,Kayunga,Bbaale,2020,Kayonza,Namaliri,Kayonza Primary School,Government,Female,Division 3,
d102,c101,s103,p157,Kayunga,Bbaale,2020,Kayonza,Namaliri,Kayonza Primary School,Government,Male,Division 4,
d102,c101,s103,p157,Kayunga,Bbaale,2020,Kayonza,Namaliri,Kayonza Primary School,Government,Female,Division 4,
d102,c101,s103,p157,Kayunga,Bbaale,2020,Kayonza,Namaliri,Kayonza Primary School,Government,Male,Division U,
d102,c101,s103,p157,Kayunga,Bbaale,2020,Kayonza,Namaliri,Kayonza Primary School,Government,Female,Division U,
d102,c101,s103,p157,Kayunga,Bbaale,2020,Kayonza,Namaliri,Kayonza Primary School,Government,Male,Division X,
d102,c101,s103,p157,Kayunga,Bbaale,2020,Kayonza,Namaliri,Kayonza Primary School,Government,Female,Division X,
d102,c101,s103,p156,Kayunga,Bbaale,2020,Kayonza,Nakyesanja,Kirimantoogo RC Primary School,Government,Male,Division 1,0
d102,c101,s103,p156,Kayunga,Bbaale,2020,Kayonza,Nakyesanja,Kirimantoogo RC Primary School,Government,Female,Division 1,0
d102,c101,s103,p156,Kayunga,Bbaale,2020,Kayonza,Nakyesanja,Kirimantoogo RC Primary School,Government,Male,Division 2,1
d102,c101,s103,p156,Kayunga,Bbaale,2020,Kayonza,Nakyesanja,Kirimantoogo RC Primary School,Government,Female,Division 2,0
d102,c101,s103,p156,Kayunga,Bbaale,2020,Kayonza,Nakyesanja,Kirimantoogo RC Primary School,Government,Male,Division 3,3
d102,c101,s103,p156,Kayunga,Bbaale,2020,Kayonza,Nakyesanja,Kirimantoogo RC Primary School,Government,Female,Division 3,1
d102,c101,s103,p156,Kayunga,Bbaale,2020,Kayonza,Nakyesanja,Kirimantoogo RC Primary School,Government,Male,Division 4,9
d102,c101,s103,p156,Kayunga,Bbaale,2020,Kayonza,Nakyesanja,Kirimantoogo RC Primary School,Government,Female,Division 4,2
d102,c101,s103,p156,Kayunga,Bbaale,2020,Kayonza,Nakyesanja,Kirimantoogo RC Primary School,Government,Male,Division U,9
d102,c101,s103,p156,Kayunga,Bbaale,2020,Kayonza,Nakyesanja,Kirimantoogo RC Primary School,Government,Female,Division U,6
d102,c101,s103,p156,Kayunga,Bbaale,2020,Kayonza,Nakyesanja,Kirimantoogo RC Primary School,Government,Male,Division X,1
d102,c101,s103,p156,Kayunga,Bbaale,2020,Kayonza,Nakyesanja,Kirimantoogo RC Primary School,Government,Female,Division X,1
d102,c101,s103,p154,Kayunga,Bbaale,2020,Kayonza,Kitwe,Kitwe RC Primary School,Government,Male,Division 1,
d102,c101,s103,p154,Kayunga,Bbaale,2020,Kayonza,Kitwe,Kitwe RC Primary School,Government,Female,Division 1,
d102,c101,s103,p154,Kayunga,Bbaale,2020,Kayonza,Kitwe,Kitwe RC Primary School,Government,Male,Division 2,
d102,c101,s103,p154,Kayunga,Bbaale,2020,Kayonza,Kitwe,Kitwe RC Primary School,Government,Female,Division 2,
d102,c101,s103,p154,Kayunga,Bbaale,2020,Kayonza,Kitwe,Kitwe RC Primary School,Government,Male,Division 3,
d102,c101,s103,p154,Kayunga,Bbaale,2020,Kayonza,Kitwe,Kitwe RC Primary School,Government,Female,Division 3,
d102,c101,s103,p154,Kayunga,Bbaale,2020,Kayonza,Kitwe,Kitwe RC Primary School,Government,Male,Division 4,
d102,c101,s103,p154,Kayunga,Bbaale,2020,Kayonza,Kitwe,Kitwe RC Primary School,Government,Female,Division 4,
d102,c101,s103,p154,Kayunga,Bbaale,2020,Kayonza,Kitwe,Kitwe RC Primary School,Government,Male,Division U,
d102,c101,s103,p154,Kayunga,Bbaale,2020,Kayonza,Kitwe,Kitwe RC Primary School,Government,Female,Division U,
d102,c101,s103,p154,Kayunga,Bbaale,2020,Kayonza,Kitwe,Kitwe RC Primary School,Government,Male,Division X,
d102,c101,s103,p154,Kayunga,Bbaale,2020,Kayonza,Kitwe,Kitwe RC Primary School,Government,Female,Division X,
d102,c101,s103,p158,Kayunga,Bbaale,2020,Kayonza,Namizo,Kyebuye RC Primary School,Government,Male,Division 1,0
d102,c101,s103,p158,Kayunga,Bbaale,2020,Kayonza,Namizo,Kyebuye RC Primary School,Government,Female,Division 1,0
d102,c101,s103,p158,Kayunga,Bbaale,2020,Kayonza,Namizo,Kyebuye RC Primary School,Government,Male,Division 2,3
d102,c101,s103,p158,Kayunga,Bbaale,2020,Kayonza,Namizo,Kyebuye RC Primary School,Government,Female,Division 2,2
d102,c101,s103,p158,Kayunga,Bbaale,2020,Kayonza,Namizo,Kyebuye RC Primary School,Government,Male,Division 3,4
d102,c101,s103,p158,Kayunga,Bbaale,2020,Kayonza,Namizo,Kyebuye RC Primary School,Government,Female,Division 3,3
d102,c101,s103,p158,Kayunga,Bbaale,2020,Kayonza,Namizo,Kyebuye RC Primary School,Government,Male,Division 4,7
d102,c101,s103,p158,Kayunga,Bbaale,2020,Kayonza,Namizo,Kyebuye RC Primary School,Government,Female,Division 4,8
d102,c101,s103,p158,Kayunga,Bbaale,2020,Kayonza,Namizo,Kyebuye RC Primary School,Government,Male,Division U,3
d102,c101,s103,p158,Kayunga,Bbaale,2020,Kayonza,Namizo,Kyebuye RC Primary School,Government,Female,Division U,3
d102,c101,s103,p158,Kayunga,Bbaale,2020,Kayonza,Namizo,Kyebuye RC Primary School,Government,Male,Division X,0
d102,c101,s103,p158,Kayunga,Bbaale,2020,Kayonza,Namizo,Kyebuye RC Primary School,Government,Female,Division X,4
d102,c101,s103,p157,Kayunga,Bbaale,2020,Kayonza,Namaliri,Lugasa Primary School,Government,Male,Division 1,1
d102,c101,s103,p157,Kayunga,Bbaale,2020,Kayonza,Namaliri,Lugasa Primary School,Government,Female,Division 1,0
d102,c101,s103,p157,Kayunga,Bbaale,2020,Kayonza,Namaliri,Lugasa Primary School,Government,Male,Division 2,9
d102,c101,s103,p157,Kayunga,Bbaale,2020,Kayonza,Namaliri,Lugasa Primary School,Government,Female,Division 2,7
d102,c101,s103,p157,Kayunga,Bbaale,2020,Kayonza,Namaliri,Lugasa Primary School,Government,Male,Division 3,5
d102,c101,s103,p157,Kayunga,Bbaale,2020,Kayonza,Namaliri,Lugasa Primary School,Government,Female,Division 3,4
d102,c101,s103,p157,Kayunga,Bbaale,2020,Kayonza,Namaliri,Lugasa Primary School,Government,Male,Division 4,4
d102,c101,s103,p157,Kayunga,Bbaale,2020,Kayonza,Namaliri,Lugasa Primary School,Government,Female,Division 4,2
d102,c101,s103,p157,Kayunga,Bbaale,2020,Kayonza,Namaliri,Lugasa Primary School,Government,Male,Division U,0
d102,c101,s103,p157,Kayunga,Bbaale,2020,Kayonza,Namaliri,Lugasa Primary School,Government,Female,Division U,1
d102,c101,s103,p157,Kayunga,Bbaale,2020,Kayonza,Namaliri,Lugasa Primary School,Government,Male,Division X,0
d102,c101,s103,p157,Kayunga,Bbaale,2020,Kayonza,Namaliri,Lugasa Primary School,Government,Female,Division X,0
d102,c101,s103,p152,Kayunga,Bbaale,2020,Kayonza,Kamusabi,Lukonda Public Primary School,Government,Male,Division 1,0
d102,c101,s103,p152,Kayunga,Bbaale,2020,Kayonza,Kamusabi,Lukonda Public Primary School,Government,Female,Division 1,0
d102,c101,s103,p152,Kayunga,Bbaale,2020,Kayonza,Kamusabi,Lukonda Public Primary School,Government,Male,Division 2,1
d102,c101,s103,p152,Kayunga,Bbaale,2020,Kayonza,Kamusabi,Lukonda Public Primary School,Government,Female,Division 2,0
d102,c101,s103,p152,Kayunga,Bbaale,2020,Kayonza,Kamusabi,Lukonda Public Primary School,Government,Male,Division 3,2
d102,c101,s103,p152,Kayunga,Bbaale,2020,Kayonza,Kamusabi,Lukonda Public Primary School,Government,Female,Division 3,2
d102,c101,s103,p152,Kayunga,Bbaale,2020,Kayonza,Kamusabi,Lukonda Public Primary School,Government,Male,Division 4,1
d102,c101,s103,p152,Kayunga,Bbaale,2020,Kayonza,Kamusabi,Lukonda Public Primary School,Government,Female,Division 4,1
d102,c101,s103,p152,Kayunga,Bbaale,2020,Kayonza,Kamusabi,Lukonda Public Primary School,Government,Male,Division U,4
d102,c101,s103,p152,Kayunga,Bbaale,2020,Kayonza,Kamusabi,Lukonda Public Primary School,Government,Female,Division U,5
d102,c101,s103,p152,Kayunga,Bbaale,2020,Kayonza,Kamusabi,Lukonda Public Primary School,Government,Male,Division X,0
d102,c101,s103,p152,Kayunga,Bbaale,2020,Kayonza,Kamusabi,Lukonda Public Primary School,Government,Female,Division X,1
d102,c101,s103,p153,Kayunga,Bbaale,2020,Kayonza,Kanywero,Lwabyata Parents Primary School,Government,Male,Division 1,0
d102,c101,s103,p153,Kayunga,Bbaale,2020,Kayonza,Kanywero,Lwabyata Parents Primary School,Government,Female,Division 1,0
d102,c101,s103,p153,Kayunga,Bbaale,2020,Kayonza,Kanywero,Lwabyata Parents Primary School,Government,Male,Division 2,4
d102,c101,s103,p153,Kayunga,Bbaale,2020,Kayonza,Kanywero,Lwabyata Parents Primary School,Government,Female,Division 2,3
d102,c101,s103,p153,Kayunga,Bbaale,2020,Kayonza,Kanywero,Lwabyata Parents Primary School,Government,Male,Division 3,5
d102,c101,s103,p153,Kayunga,Bbaale,2020,Kayonza,Kanywero,Lwabyata Parents Primary School,Government,Female,Division 3,3
d102,c101,s103,p153,Kayunga,Bbaale,2020,Kayonza,Kanywero,Lwabyata Parents Primary School,Government,Male,Division 4,4
d102,c101,s103,p153,Kayunga,Bbaale,2020,Kayonza,Kanywero,Lwabyata Parents Primary School,Government,Female,Division 4,3
d102,c101,s103,p153,Kayunga,Bbaale,2020,Kayonza,Kanywero,Lwabyata Parents Primary School,Government,Male,Division U,8
d102,c101,s103,p153,Kayunga,Bbaale,2020,Kayonza,Kanywero,Lwabyata Parents Primary School,Government,Female,Division U,7
d102,c101,s103,p153,Kayunga,Bbaale,2020,Kayonza,Kanywero,Lwabyata Parents Primary School,Government,Male,Division X,1
d102,c101,s103,p153,Kayunga,Bbaale,2020,Kayonza,Kanywero,Lwabyata Parents Primary School,Government,Female,Division X,0
d102,c101,s103,p155,Kayunga,Bbaale,2020,Kayonza,Nakyesa,Nakyessa Bright Future Primary School,Government,Male,Division 1,1
d102,c101,s103,p155,Kayunga,Bbaale,2020,Kayonza,Nakyesa,Nakyessa Bright Future Primary School,Government,Female,Division 1,0
d102,c101,s103,p155,Kayunga,Bbaale,2020,Kayonza,Nakyesa,Nakyessa Bright Future Primary School,Government,Male,Division 2,13
d102,c101,s103,p155,Kayunga,Bbaale,2020,Kayonza,Nakyesa,Nakyessa Bright Future Primary School,Government,Female,Division 2,10
d102,c101,s103,p155,Kayunga,Bbaale,2020,Kayonza,Nakyesa,Nakyessa Bright Future Primary School,Government,Male,Division 3,7
d102,c101,s103,p155,Kayunga,Bbaale,2020,Kayonza,Nakyesa,Nakyessa Bright Future Primary School,Government,Female,Division 3,8
d102,c101,s103,p155,Kayunga,Bbaale,2020,Kayonza,Nakyesa,Nakyessa Bright Future Primary School,Government,Male,Division 4,3
d102,c101,s103,p155,Kayunga,Bbaale,2020,Kayonza,Nakyesa,Nakyessa Bright Future Primary School,Government,Female,Division 4,6
d102,c101,s103,p155,Kayunga,Bbaale,2020,Kayonza,Nakyesa,Nakyessa Bright Future Primary School,Government,Male,Division U,2
d102,c101,s103,p155,Kayunga,Bbaale,2020,Kayonza,Nakyesa,Nakyessa Bright Future Primary School,Government,Female,Division U,3
d102,c101,s103,p155,Kayunga,Bbaale,2020,Kayonza,Nakyesa,Nakyessa Bright Future Primary School,Government,Male,Division X,1
d102,c101,s103,p155,Kayunga,Bbaale,2020,Kayonza,Nakyesa,Nakyessa Bright Future Primary School,Government,Female,Division X,0
d102,c101,s103,p155,Kayunga,Bbaale,2020,Kayonza,Nakyesa,Nakyessa Day And Boarding Primary School,Private,Male,Division 1,0
d102,c101,s103,p155,Kayunga,Bbaale,2020,Kayonza,Nakyesa,Nakyessa Day And Boarding Primary School,Private,Female,Division 1,0
d102,c101,s103,p155,Kayunga,Bbaale,2020,Kayonza,Nakyesa,Nakyessa Day And Boarding Primary School,Private,Male,Division 2,4
d102,c101,s103,p155,Kayunga,Bbaale,2020,Kayonza,Nakyesa,Nakyessa Day And Boarding Primary School,Private,Female,Division 2,8
d102,c101,s103,p155,Kayunga,Bbaale,2020,Kayonza,Nakyesa,Nakyessa Day And Boarding Primary School,Private,Male,Division 3,3
d102,c101,s103,p155,Kayunga,Bbaale,2020,Kayonza,Nakyesa,Nakyessa Day And Boarding Primary School,Private,Female,Division 3,2
d102,c101,s103,p155,Kayunga,Bbaale,2020,Kayonza,Nakyesa,Nakyessa Day And Boarding Primary School,Private,Male,Division 4,4
d102,c101,s103,p155,Kayunga,Bbaale,2020,Kayonza,Nakyesa,Nakyessa Day And Boarding Primary School,Private,Female,Division 4,4
d102,c101,s103,p155,Kayunga,Bbaale,2020,Kayonza,Nakyesa,Nakyessa Day And Boarding Primary School,Private,Male,Division U,0
d102,c101,s103,p155,Kayunga,Bbaale,2020,Kayonza,Nakyesa,Nakyessa Day And Boarding Primary School,Private,Female,Division U,0
d102,c101,s103,p155,Kayunga,Bbaale,2020,Kayonza,Nakyesa,Nakyessa Day And Boarding Primary School,Private,Male,Division X,0
d102,c101,s103,p155,Kayunga,Bbaale,2020,Kayonza,Nakyesa,Nakyessa Day And Boarding Primary School,Private,Female,Division X,1
d102,c101,s103,p155,Kayunga,Bbaale,2020,Kayonza,Nakyesa,Nakyessa Moslem Primary School,Government,Male,Division 1,0
d102,c101,s103,p155,Kayunga,Bbaale,2020,Kayonza,Nakyesa,Nakyessa Moslem Primary School,Government,Female,Division 1,0
d102,c101,s103,p155,Kayunga,Bbaale,2020,Kayonza,Nakyesa,Nakyessa Moslem Primary School,Government,Male,Division 2,5
d102,c101,s103,p155,Kayunga,Bbaale,2020,Kayonza,Nakyesa,Nakyessa Moslem Primary School,Government,Female,Division 2,3
d102,c101,s103,p155,Kayunga,Bbaale,2020,Kayonza,Nakyesa,Nakyessa Moslem Primary School,Government,Male,Division 3,6
d102,c101,s103,p155,Kayunga,Bbaale,2020,Kayonza,Nakyesa,Nakyessa Moslem Primary School,Government,Female,Division 3,3
d102,c101,s103,p155,Kayunga,Bbaale,2020,Kayonza,Nakyesa,Nakyessa Moslem Primary School,Government,Male,Division 4,15
d102,c101,s103,p155,Kayunga,Bbaale,2020,Kayonza,Nakyesa,Nakyessa Moslem Primary School,Government,Female,Division 4,16
d102,c101,s103,p155,Kayunga,Bbaale,2020,Kayonza,Nakyesa,Nakyessa Moslem Primary School,Government,Male,Division U,7
d102,c101,s103,p155,Kayunga,Bbaale,2020,Kayonza,Nakyesa,Nakyessa Moslem Primary School,Government,Female,Division U,18
d102,c101,s103,p155,Kayunga,Bbaale,2020,Kayonza,Nakyesa,Nakyessa Moslem Primary School,Government,Male,Division X,0
d102,c101,s103,p155,Kayunga,Bbaale,2020,Kayonza,Nakyesa,Nakyessa Moslem Primary School,Government,Female,Division X,2
d102,c101,s103,p155,Kayunga,Bbaale,2020,Kayonza,Nakyesa,Namatogonya CU Primary School,Government,Male,Division 1,0
d102,c101,s103,p155,Kayunga,Bbaale,2020,Kayonza,Nakyesa,Namatogonya CU Primary School,Government,Female,Division 1,0
d102,c101,s103,p155,Kayunga,Bbaale,2020,Kayonza,Nakyesa,Namatogonya CU Primary School,Government,Male,Division 2,0
d102,c101,s103,p155,Kayunga,Bbaale,2020,Kayonza,Nakyesa,Namatogonya CU Primary School,Government,Female,Division 2,0
d102,c101,s103,p155,Kayunga,Bbaale,2020,Kayonza,Nakyesa,Namatogonya CU Primary School,Government,Male,Division 3,1
d102,c101,s103,p155,Kayunga,Bbaale,2020,Kayonza,Nakyesa,Namatogonya CU Primary School,Government,Female,Division 3,0
d102,c101,s103,p155,Kayunga,Bbaale,2020,Kayonza,Nakyesa,Namatogonya CU Primary School,Government,Male,Division 4,7
d102,c101,s103,p155,Kayunga,Bbaale,2020,Kayonza,Nakyesa,Namatogonya CU Primary School,Government,Female,Division 4,3
d102,c101,s103,p155,Kayunga,Bbaale,2020,Kayonza,Nakyesa,Namatogonya CU Primary School,Government,Male,Division U,6
d102,c101,s103,p155,Kayunga,Bbaale,2020,Kayonza,Nakyesa,Namatogonya CU Primary School,Government,Female,Division U,13
d102,c101,s103,p155,Kayunga,Bbaale,2020,Kayonza,Nakyesa,Namatogonya CU Primary School,Government,Male,Division X,0
d102,c101,s103,p155,Kayunga,Bbaale,2020,Kayonza,Nakyesa,Namatogonya CU Primary School,Government,Female,Division X,2
d102,c101,s103,p158,Kayunga,Bbaale,2020,Kayonza,Namizo,Namavundu RC Primary School,Government,Male,Division 1,0
d102,c101,s103,p158,Kayunga,Bbaale,2020,Kayonza,Namizo,Namavundu RC Primary School,Government,Female,Division 1,0
d102,c101,s103,p158,Kayunga,Bbaale,2020,Kayonza,Namizo,Namavundu RC Primary School,Government,Male,Division 2,2
d102,c101,s103,p158,Kayunga,Bbaale,2020,Kayonza,Namizo,Namavundu RC Primary School,Government,Female,Division 2,0
d102,c101,s103,p158,Kayunga,Bbaale,2020,Kayonza,Namizo,Namavundu RC Primary School,Government,Male,Division 3,2
d102,c101,s103,p158,Kayunga,Bbaale,2020,Kayonza,Namizo,Namavundu RC Primary School,Government,Female,Division 3,8
d102,c101,s103,p158,Kayunga,Bbaale,2020,Kayonza,Namizo,Namavundu RC Primary School,Government,Male,Division 4,4
d102,c101,s103,p158,Kayunga,Bbaale,2020,Kayonza,Namizo,Namavundu RC Primary School,Government,Female,Division 4,8
d102,c101,s103,p158,Kayunga,Bbaale,2020,Kayonza,Namizo,Namavundu RC Primary School,Government,Male,Division U,3
d102,c101,s103,p158,Kayunga,Bbaale,2020,Kayonza,Namizo,Namavundu RC Primary School,Government,Female,Division U,7
d102,c101,s103,p158,Kayunga,Bbaale,2020,Kayonza,Namizo,Namavundu RC Primary School,Government,Male,Division X,0
d102,c101,s103,p158,Kayunga,Bbaale,2020,Kayonza,Namizo,Namavundu RC Primary School,Government,Female,Division X,0
d102,c101,s103,p158,Kayunga,Bbaale,2020,Kayonza,Namizo,Namizo UMEA Primary School,Government,Male,Division 1,0
d102,c101,s103,p158,Kayunga,Bbaale,2020,Kayonza,Namizo,Namizo UMEA Primary School,Government,Female,Division 1,0
d102,c101,s103,p158,Kayunga,Bbaale,2020,Kayonza,Namizo,Namizo UMEA Primary School,Government,Male,Division 2,3
d102,c101,s103,p158,Kayunga,Bbaale,2020,Kayonza,Namizo,Namizo UMEA Primary School,Government,Female,Division 2,0
d102,c101,s103,p158,Kayunga,Bbaale,2020,Kayonza,Namizo,Namizo UMEA Primary School,Government,Male,Division 3,3
d102,c101,s103,p158,Kayunga,Bbaale,2020,Kayonza,Namizo,Namizo UMEA Primary School,Government,Female,Division 3,8
d102,c101,s103,p158,Kayunga,Bbaale,2020,Kayonza,Namizo,Namizo UMEA Primary School,Government,Male,Division 4,1
d102,c101,s103,p158,Kayunga,Bbaale,2020,Kayonza,Namizo,Namizo UMEA Primary School,Government,Female,Division 4,3
d102,c101,s103,p158,Kayunga,Bbaale,2020,Kayonza,Namizo,Namizo UMEA Primary School,Government,Male,Division U,3
d102,c101,s103,p158,Kayunga,Bbaale,2020,Kayonza,Namizo,Namizo UMEA Primary School,Government,Female,Division U,5
d102,c101,s103,p158,Kayunga,Bbaale,2020,Kayonza,Namizo,Namizo UMEA Primary School,Government,Male,Division X,0
d102,c101,s103,p158,Kayunga,Bbaale,2020,Kayonza,Namizo,Namizo UMEA Primary School,Government,Female,Division X,1
d102,c101,s103,p151,Kayunga,Bbaale,2020,Kayonza,Kafumba,Nyondo RC Primary School,Government,Male,Division 1,0
d102,c101,s103,p151,Kayunga,Bbaale,2020,Kayonza,Kafumba,Nyondo RC Primary School,Government,Female,Division 1,0
d102,c101,s103,p151,Kayunga,Bbaale,2020,Kayonza,Kafumba,Nyondo RC Primary School,Government,Male,Division 2,0
d102,c101,s103,p151,Kayunga,Bbaale,2020,Kayonza,Kafumba,Nyondo RC Primary School,Government,Female,Division 2,0
d102,c101,s103,p151,Kayunga,Bbaale,2020,Kayonza,Kafumba,Nyondo RC Primary School,Government,Male,Division 3,2
d102,c101,s103,p151,Kayunga,Bbaale,2020,Kayonza,Kafumba,Nyondo RC Primary School,Government,Female,Division 3,3
d102,c101,s103,p151,Kayunga,Bbaale,2020,Kayonza,Kafumba,Nyondo RC Primary School,Government,Male,Division 4,6
d102,c101,s103,p151,Kayunga,Bbaale,2020,Kayonza,Kafumba,Nyondo RC Primary School,Government,Female,Division 4,2
d102,c101,s103,p151,Kayunga,Bbaale,2020,Kayonza,Kafumba,Nyondo RC Primary School,Government,Male,Division U,3
d102,c101,s103,p151,Kayunga,Bbaale,2020,Kayonza,Kafumba,Nyondo RC Primary School,Government,Female,Division U,0
d102,c101,s103,p151,Kayunga,Bbaale,2020,Kayonza,Kafumba,Nyondo RC Primary School,Government,Male,Division X,0
d102,c101,s103,p151,Kayunga,Bbaale,2020,Kayonza,Kafumba,Nyondo RC Primary School,Government,Female,Division X,0
d102,c101,s103,p157,Kayunga,Bbaale,2020,Kayonza,Namaliri,St Jude Kayonza RC Primary School,Government,Male,Division 1,0
d102,c101,s103,p157,Kayunga,Bbaale,2020,Kayonza,Namaliri,St Jude Kayonza RC Primary School,Government,Female,Division 1,0
d102,c101,s103,p157,Kayunga,Bbaale,2020,Kayonza,Namaliri,St Jude Kayonza RC Primary School,Government,Male,Division 2,4
d102,c101,s103,p157,Kayunga,Bbaale,2020,Kayonza,Namaliri,St Jude Kayonza RC Primary School,Government,Female,Division 2,2
d102,c101,s103,p157,Kayunga,Bbaale,2020,Kayonza,Namaliri,St Jude Kayonza RC Primary School,Government,Male,Division 3,1
d102,c101,s103,p157,Kayunga,Bbaale,2020,Kayonza,Namaliri,St Jude Kayonza RC Primary School,Government,Female,Division 3,1
d102,c101,s103,p157,Kayunga,Bbaale,2020,Kayonza,Namaliri,St Jude Kayonza RC Primary School,Government,Male,Division 4,3
d102,c101,s103,p157,Kayunga,Bbaale,2020,Kayonza,Namaliri,St Jude Kayonza RC Primary School,Government,Female,Division 4,2
d102,c101,s103,p157,Kayunga,Bbaale,2020,Kayonza,Namaliri,St Jude Kayonza RC Primary School,Government,Male,Division U,5
d102,c101,s103,p157,Kayunga,Bbaale,2020,Kayonza,Namaliri,St Jude Kayonza RC Primary School,Government,Female,Division U,3
d102,c101,s103,p157,Kayunga,Bbaale,2020,Kayonza,Namaliri,St Jude Kayonza RC Primary School,Government,Male,Division X,0
d102,c101,s103,p157,Kayunga,Bbaale,2020,Kayonza,Namaliri,St Jude Kayonza RC Primary School,Government,Female,Division X,0
d102,c101,s103,p153,Kayunga,Bbaale,2020,Kayonza,Kanywero,Wabunyonyi CU Primary School,Government,Male,Division 1,0
d102,c101,s103,p153,Kayunga,Bbaale,2020,Kayonza,Kanywero,Wabunyonyi CU Primary School,Government,Female,Division 1,1
d102,c101,s103,p153,Kayunga,Bbaale,2020,Kayonza,Kanywero,Wabunyonyi CU Primary School,Government,Male,Division 2,3
d102,c101,s103,p153,Kayunga,Bbaale,2020,Kayonza,Kanywero,Wabunyonyi CU Primary School,Government,Female,Division 2,4
d102,c101,s103,p153,Kayunga,Bbaale,2020,Kayonza,Kanywero,Wabunyonyi CU Primary School,Government,Male,Division 3,6
d102,c101,s103,p153,Kayunga,Bbaale,2020,Kayonza,Kanywero,Wabunyonyi CU Primary School,Government,Female,Division 3,4
d102,c101,s103,p153,Kayunga,Bbaale,2020,Kayonza,Kanywero,Wabunyonyi CU Primary School,Government,Male,Division 4,5
d102,c101,s103,p153,Kayunga,Bbaale,2020,Kayonza,Kanywero,Wabunyonyi CU Primary School,Government,Female,Division 4,3
d102,c101,s103,p153,Kayunga,Bbaale,2020,Kayonza,Kanywero,Wabunyonyi CU Primary School,Government,Male,Division U,15
d102,c101,s103,p153,Kayunga,Bbaale,2020,Kayonza,Kanywero,Wabunyonyi CU Primary School,Government,Female,Division U,5
d102,c101,s103,p153,Kayunga,Bbaale,2020,Kayonza,Kanywero,Wabunyonyi CU Primary School,Government,Male,Division X,0
d102,c101,s103,p153,Kayunga,Bbaale,2020,Kayonza,Kanywero,Wabunyonyi CU Primary School,Government,Female,Division X,0
d102,c101,s103,p153,Kayunga,Bbaale,2020,Kayonza,Kanywero,Wunga Primary School,Government,Male,Division 1,0
d102,c101,s103,p153,Kayunga,Bbaale,2020,Kayonza,Kanywero,Wunga Primary School,Government,Female,Division 1,0
d102,c101,s103,p153,Kayunga,Bbaale,2020,Kayonza,Kanywero,Wunga Primary School,Government,Male,Division 2,0
d102,c101,s103,p153,Kayunga,Bbaale,2020,Kayonza,Kanywero,Wunga Primary School,Government,Female,Division 2,3
d102,c101,s103,p153,Kayunga,Bbaale,2020,Kayonza,Kanywero,Wunga Primary School,Government,Male,Division 3,2
d102,c101,s103,p153,Kayunga,Bbaale,2020,Kayonza,Kanywero,Wunga Primary School,Government,Female,Division 3,9
d102,c101,s103,p153,Kayunga,Bbaale,2020,Kayonza,Kanywero,Wunga Primary School,Government,Male,Division 4,5
d102,c101,s103,p153,Kayunga,Bbaale,2020,Kayonza,Kanywero,Wunga Primary School,Government,Female,Division 4,5
d102,c101,s103,p153,Kayunga,Bbaale,2020,Kayonza,Kanywero,Wunga Primary School,Government,Male,Division U,3
d102,c101,s103,p153,Kayunga,Bbaale,2020,Kayonza,Kanywero,Wunga Primary School,Government,Female,Division U,26
d102,c101,s103,p153,Kayunga,Bbaale,2020,Kayonza,Kanywero,Wunga Primary School,Government,Male,Division X,1
d102,c101,s103,p153,Kayunga,Bbaale,2020,Kayonza,Kanywero,Wunga Primary School,Government,Female,Division X,3
d102,c101,s104,p144,Kayunga,Bbaale,2020,Kitimbwa,Nakivubo,Bisaka Primary School,Government,Male,Division 1,0
d102,c101,s104,p144,Kayunga,Bbaale,2020,Kitimbwa,Nakivubo,Bisaka Primary School,Government,Female,Division 1,0
d102,c101,s104,p144,Kayunga,Bbaale,2020,Kitimbwa,Nakivubo,Bisaka Primary School,Government,Male,Division 2,2
d102,c101,s104,p144,Kayunga,Bbaale,2020,Kitimbwa,Nakivubo,Bisaka Primary School,Government,Female,Division 2,1
d102,c101,s104,p144,Kayunga,Bbaale,2020,Kitimbwa,Nakivubo,Bisaka Primary School,Government,Male,Division 3,8
d102,c101,s104,p144,Kayunga,Bbaale,2020,Kitimbwa,Nakivubo,Bisaka Primary School,Government,Female,Division 3,6
d102,c101,s104,p144,Kayunga,Bbaale,2020,Kitimbwa,Nakivubo,Bisaka Primary School,Government,Male,Division 4,1
d102,c101,s104,p144,Kayunga,Bbaale,2020,Kitimbwa,Nakivubo,Bisaka Primary School,Government,Female,Division 4,2
d102,c101,s104,p144,Kayunga,Bbaale,2020,Kitimbwa,Nakivubo,Bisaka Primary School,Government,Male,Division U,6
d102,c101,s104,p144,Kayunga,Bbaale,2020,Kitimbwa,Nakivubo,Bisaka Primary School,Government,Female,Division U,7
d102,c101,s104,p144,Kayunga,Bbaale,2020,Kitimbwa,Nakivubo,Bisaka Primary School,Government,Male,Division X,0
d102,c101,s104,p144,Kayunga,Bbaale,2020,Kitimbwa,Nakivubo,Bisaka Primary School,Government,Female,Division X,0
d102,c101,s104,p143,Kayunga,Bbaale,2020,Kitimbwa,Nkokonjeru,Bulawula Primary School,Government,Male,Division 1,1
d102,c101,s104,p143,Kayunga,Bbaale,2020,Kitimbwa,Nkokonjeru,Bulawula Primary School,Government,Female,Division 1,0
d102,c101,s104,p143,Kayunga,Bbaale,2020,Kitimbwa,Nkokonjeru,Bulawula Primary School,Government,Male,Division 2,2
d102,c101,s104,p143,Kayunga,Bbaale,2020,Kitimbwa,Nkokonjeru,Bulawula Primary School,Government,Female,Division 2,0
d102,c101,s104,p143,Kayunga,Bbaale,2020,Kitimbwa,Nkokonjeru,Bulawula Primary School,Government,Male,Division 3,4
d102,c101,s104,p143,Kayunga,Bbaale,2020,Kitimbwa,Nkokonjeru,Bulawula Primary School,Government,Female,Division 3,4
d102,c101,s104,p143,Kayunga,Bbaale,2020,Kitimbwa,Nkokonjeru,Bulawula Primary School,Government,Male,Division 4,3
d102,c101,s104,p143,Kayunga,Bbaale,2020,Kitimbwa,Nkokonjeru,Bulawula Primary School,Government,Female,Division 4,2
d102,c101,s104,p143,Kayunga,Bbaale,2020,Kitimbwa,Nkokonjeru,Bulawula Primary School,Government,Male,Division U,7
d102,c101,s104,p143,Kayunga,Bbaale,2020,Kitimbwa,Nkokonjeru,Bulawula Primary School,Government,Female,Division U,8
d102,c101,s104,p143,Kayunga,Bbaale,2020,Kitimbwa,Nkokonjeru,Bulawula Primary School,Government,Male,Division X,1
d102,c101,s104,p143,Kayunga,Bbaale,2020,Kitimbwa,Nkokonjeru,Bulawula Primary School,Government,Female,Division X,2
d102,c101,s104,p139,Kayunga,Bbaale,2020,Kitimbwa,Kitatya,Kitatya CU Primary School,Government,Male,Division 1,2
d102,c101,s104,p139,Kayunga,Bbaale,2020,Kitimbwa,Kitatya,Kitatya CU Primary School,Government,Female,Division 1,1
d102,c101,s104,p139,Kayunga,Bbaale,2020,Kitimbwa,Kitatya,Kitatya CU Primary School,Government,Male,Division 2,20
d102,c101,s104,p139,Kayunga,Bbaale,2020,Kitimbwa,Kitatya,Kitatya CU Primary School,Government,Female,Division 2,13
d102,c101,s104,p139,Kayunga,Bbaale,2020,Kitimbwa,Kitatya,Kitatya CU Primary School,Government,Male,Division 3,9
d102,c101,s104,p139,Kayunga,Bbaale,2020,Kitimbwa,Kitatya,Kitatya CU Primary School,Government,Female,Division 3,9
d102,c101,s104,p139,Kayunga,Bbaale,2020,Kitimbwa,Kitatya,Kitatya CU Primary School,Government,Male,Division 4,12
d102,c101,s104,p139,Kayunga,Bbaale,2020,Kitimbwa,Kitatya,Kitatya CU Primary School,Government,Female,Division 4,8
d102,c101,s104,p139,Kayunga,Bbaale,2020,Kitimbwa,Kitatya,Kitatya CU Primary School,Government,Male,Division U,13
d102,c101,s104,p139,Kayunga,Bbaale,2020,Kitimbwa,Kitatya,Kitatya CU Primary School,Government,Female,Division U,10
d102,c101,s104,p139,Kayunga,Bbaale,2020,Kitimbwa,Kitatya,Kitatya CU Primary School,Government,Male,Division X,3
d102,c101,s104,p139,Kayunga,Bbaale,2020,Kitimbwa,Kitatya,Kitatya CU Primary School,Government,Female,Division X,4
d102,c101,s104,p139,Kayunga,Bbaale,2020,Kitimbwa,Kitatya,Kitatya RC Primary School,Government,Male,Division 1,0
d102,c101,s104,p139,Kayunga,Bbaale,2020,Kitimbwa,Kitatya,Kitatya RC Primary School,Government,Female,Division 1,0
d102,c101,s104,p139,Kayunga,Bbaale,2020,Kitimbwa,Kitatya,Kitatya RC Primary School,Government,Male,Division 2,15
d102,c101,s104,p139,Kayunga,Bbaale,2020,Kitimbwa,Kitatya,Kitatya RC Primary School,Government,Female,Division 2,13
d102,c101,s104,p139,Kayunga,Bbaale,2020,Kitimbwa,Kitatya,Kitatya RC Primary School,Government,Male,Division 3,14
d102,c101,s104,p139,Kayunga,Bbaale,2020,Kitimbwa,Kitatya,Kitatya RC Primary School,Government,Female,Division 3,13
d102,c101,s104,p139,Kayunga,Bbaale,2020,Kitimbwa,Kitatya,Kitatya RC Primary School,Government,Male,Division 4,5
d102,c101,s104,p139,Kayunga,Bbaale,2020,Kitimbwa,Kitatya,Kitatya RC Primary School,Government,Female,Division 4,2
d102,c101,s104,p139,Kayunga,Bbaale,2020,Kitimbwa,Kitatya,Kitatya RC Primary School,Government,Male,Division U,4
d102,c101,s104,p139,Kayunga,Bbaale,2020,Kitimbwa,Kitatya,Kitatya RC Primary School,Government,Female,Division U,2
d102,c101,s104,p139,Kayunga,Bbaale,2020,Kitimbwa,Kitatya,Kitatya RC Primary School,Government,Male,Division X,0
d102,c101,s104,p139,Kayunga,Bbaale,2020,Kitimbwa,Kitatya,Kitatya RC Primary School,Government,Female,Division X,0
d102,c101,s104,p142,Kayunga,Bbaale,2020,Kitimbwa,Kyerima,Mt Carmel Primary School,Private,Male,Division 1,2
d102,c101,s104,p142,Kayunga,Bbaale,2020,Kitimbwa,Kyerima,Mt Carmel Primary School,Private,Female,Division 1,1
d102,c101,s104,p142,Kayunga,Bbaale,2020,Kitimbwa,Kyerima,Mt Carmel Primary School,Private,Male,Division 2,23
d102,c101,s104,p142,Kayunga,Bbaale,2020,Kitimbwa,Kyerima,Mt Carmel Primary School,Private,Female,Division 2,20
d102,c101,s104,p142,Kayunga,Bbaale,2020,Kitimbwa,Kyerima,Mt Carmel Primary School,Private,Male,Division 3,20
d102,c101,s104,p142,Kayunga,Bbaale,2020,Kitimbwa,Kyerima,Mt Carmel Primary School,Private,Female,Division 3,16
d102,c101,s104,p142,Kayunga,Bbaale,2020,Kitimbwa,Kyerima,Mt Carmel Primary School,Private,Male,Division 4,6
d102,c101,s104,p142,Kayunga,Bbaale,2020,Kitimbwa,Kyerima,Mt Carmel Primary School,Private,Female,Division 4,5
d102,c101,s104,p142,Kayunga,Bbaale,2020,Kitimbwa,Kyerima,Mt Carmel Primary School,Private,Male,Division U,10
d102,c101,s104,p142,Kayunga,Bbaale,2020,Kitimbwa,Kyerima,Mt Carmel Primary School,Private,Female,Division U,15
d102,c101,s104,p142,Kayunga,Bbaale,2020,Kitimbwa,Kyerima,Mt Carmel Primary School,Private,Male,Division X,2
d102,c101,s104,p142,Kayunga,Bbaale,2020,Kitimbwa,Kyerima,Mt Carmel Primary School,Private,Female,Division X,2
d102,c101,s104,p142,Kayunga,Bbaale,2020,Kitimbwa,Kyerima,Nakaseeta CU Primary School,Government,Male,Division 1,0
d102,c101,s104,p142,Kayunga,Bbaale,2020,Kitimbwa,Kyerima,Nakaseeta CU Primary School,Government,Female,Division 1,0
d102,c101,s104,p142,Kayunga,Bbaale,2020,Kitimbwa,Kyerima,Nakaseeta CU Primary School,Government,Male,Division 2,0
d102,c101,s104,p142,Kayunga,Bbaale,2020,Kitimbwa,Kyerima,Nakaseeta CU Primary School,Government,Female,Division 2,0
d102,c101,s104,p142,Kayunga,Bbaale,2020,Kitimbwa,Kyerima,Nakaseeta CU Primary School,Government,Male,Division 3,1
d102,c101,s104,p142,Kayunga,Bbaale,2020,Kitimbwa,Kyerima,Nakaseeta CU Primary School,Government,Female,Division 3,1
d102,c101,s104,p142,Kayunga,Bbaale,2020,Kitimbwa,Kyerima,Nakaseeta CU Primary School,Government,Male,Division 4,1
d102,c101,s104,p142,Kayunga,Bbaale,2020,Kitimbwa,Kyerima,Nakaseeta CU Primary School,Government,Female,Division 4,1
d102,c101,s104,p142,Kayunga,Bbaale,2020,Kitimbwa,Kyerima,Nakaseeta CU Primary School,Government,Male,Division U,6
d102,c101,s104,p142,Kayunga,Bbaale,2020,Kitimbwa,Kyerima,Nakaseeta CU Primary School,Government,Female,Division U,4
d102,c101,s104,p142,Kayunga,Bbaale,2020,Kitimbwa,Kyerima,Nakaseeta CU Primary School,Government,Male,Division X,0
d102,c101,s104,p142,Kayunga,Bbaale,2020,Kitimbwa,Kyerima,Nakaseeta CU Primary School,Government,Female,Division X,1
d102,c101,s104,p144,Kayunga,Bbaale,2020,Kitimbwa,Nakivubo,Nakivubo CU Primary School,Government,Male,Division 1,0
d102,c101,s104,p144,Kayunga,Bbaale,2020,Kitimbwa,Nakivubo,Nakivubo CU Primary School,Government,Female,Division 1,0
d102,c101,s104,p144,Kayunga,Bbaale,2020,Kitimbwa,Nakivubo,Nakivubo CU Primary School,Government,Male,Division 2,4
d102,c101,s104,p144,Kayunga,Bbaale,2020,Kitimbwa,Nakivubo,Nakivubo CU Primary School,Government,Female,Division 2,4
d102,c101,s104,p144,Kayunga,Bbaale,2020,Kitimbwa,Nakivubo,Nakivubo CU Primary School,Government,Male,Division 3,6
d102,c101,s104,p144,Kayunga,Bbaale,2020,Kitimbwa,Nakivubo,Nakivubo CU Primary School,Government,Female,Division 3,5
d102,c101,s104,p144,Kayunga,Bbaale,2020,Kitimbwa,Nakivubo,Nakivubo CU Primary School,Government,Male,Division 4,4
d102,c101,s104,p144,Kayunga,Bbaale,2020,Kitimbwa,Nakivubo,Nakivubo CU Primary School,Government,Female,Division 4,10
d102,c101,s104,p144,Kayunga,Bbaale,2020,Kitimbwa,Nakivubo,Nakivubo CU Primary School,Government,Male,Division U,25
d102,c101,s104,p144,Kayunga,Bbaale,2020,Kitimbwa,Nakivubo,Nakivubo CU Primary School,Government,Female,Division U,26
d102,c101,s104,p144,Kayunga,Bbaale,2020,Kitimbwa,Nakivubo,Nakivubo CU Primary School,Government,Male,Division X,7
d102,c101,s104,p144,Kayunga,Bbaale,2020,Kitimbwa,Nakivubo,Nakivubo CU Primary School,Government,Female,Division X,5
d102,c101,s104,p144,Kayunga,Bbaale,2020,Kitimbwa,Nakivubo,Nakivubo UMEA Primary School,Government,Male,Division 1,
d102,c101,s104,p144,Kayunga,Bbaale,2020,Kitimbwa,Nakivubo,Nakivubo UMEA Primary School,Government,Female,Division 1,
d102,c101,s104,p144,Kayunga,Bbaale,2020,Kitimbwa,Nakivubo,Nakivubo UMEA Primary School,Government,Male,Division 2,
d102,c101,s104,p144,Kayunga,Bbaale,2020,Kitimbwa,Nakivubo,Nakivubo UMEA Primary School,Government,Female,Division 2,
d102,c101,s104,p144,Kayunga,Bbaale,2020,Kitimbwa,Nakivubo,Nakivubo UMEA Primary School,Government,Male,Division 3,
d102,c101,s104,p144,Kayunga,Bbaale,2020,Kitimbwa,Nakivubo,Nakivubo UMEA Primary School,Government,Female,Division 3,
d102,c101,s104,p144,Kayunga,Bbaale,2020,Kitimbwa,Nakivubo,Nakivubo UMEA Primary School,Government,Male,Division 4,
d102,c101,s104,p144,Kayunga,Bbaale,2020,Kitimbwa,Nakivubo,Nakivubo UMEA Primary School,Government,Female,Division 4,
d102,c101,s104,p144,Kayunga,Bbaale,2020,Kitimbwa,Nakivubo,Nakivubo UMEA Primary School,Government,Male,Division U,
d102,c101,s104,p144,Kayunga,Bbaale,2020,Kitimbwa,Nakivubo,Nakivubo UMEA Primary School,Government,Female,Division U,
d102,c101,s104,p144,Kayunga,Bbaale,2020,Kitimbwa,Nakivubo,Nakivubo UMEA Primary School,Government,Male,Division X,
d102,c101,s104,p144,Kayunga,Bbaale,2020,Kitimbwa,Nakivubo,Nakivubo UMEA Primary School,Government,Female,Division X,
d102,c101,s104,p142,Kayunga,Bbaale,2020,Kitimbwa,Kyerima,Namabuga RC Primary School,Government,Male,Division 1,0
d102,c101,s104,p142,Kayunga,Bbaale,2020,Kitimbwa,Kyerima,Namabuga RC Primary School,Government,Female,Division 1,0
d102,c101,s104,p142,Kayunga,Bbaale,2020,Kitimbwa,Kyerima,Namabuga RC Primary School,Government,Male,Division 2,2
d102,c101,s104,p142,Kayunga,Bbaale,2020,Kitimbwa,Kyerima,Namabuga RC Primary School,Government,Female,Division 2,1
d102,c101,s104,p142,Kayunga,Bbaale,2020,Kitimbwa,Kyerima,Namabuga RC Primary School,Government,Male,Division 3,3
d102,c101,s104,p142,Kayunga,Bbaale,2020,Kitimbwa,Kyerima,Namabuga RC Primary School,Government,Female,Division 3,1
d102,c101,s104,p142,Kayunga,Bbaale,2020,Kitimbwa,Kyerima,Namabuga RC Primary School,Government,Male,Division 4,3
d102,c101,s104,p142,Kayunga,Bbaale,2020,Kitimbwa,Kyerima,Namabuga RC Primary School,Government,Female,Division 4,0
d102,c101,s104,p142,Kayunga,Bbaale,2020,Kitimbwa,Kyerima,Namabuga RC Primary School,Government,Male,Division U,8
d102,c101,s104,p142,Kayunga,Bbaale,2020,Kitimbwa,Kyerima,Namabuga RC Primary School,Government,Female,Division U,6
d102,c101,s104,p142,Kayunga,Bbaale,2020,Kitimbwa,Kyerima,Namabuga RC Primary School,Government,Male,Division X,0
d102,c101,s104,p142,Kayunga,Bbaale,2020,Kitimbwa,Kyerima,Namabuga RC Primary School,Government,Female,Division X,5
d102,c101,s104,p140,Kayunga,Bbaale,2020,Kitimbwa,Namulaba,Namulaba CU Primary School,Government,Male,Division 1,0
d102,c101,s104,p140,Kayunga,Bbaale,2020,Kitimbwa,Namulaba,Namulaba CU Primary School,Government,Female,Division 1,0
d102,c101,s104,p140,Kayunga,Bbaale,2020,Kitimbwa,Namulaba,Namulaba CU Primary School,Government,Male,Division 2,2
d102,c101,s104,p140,Kayunga,Bbaale,2020,Kitimbwa,Namulaba,Namulaba CU Primary School,Government,Female,Division 2,1
d102,c101,s104,p140,Kayunga,Bbaale,2020,Kitimbwa,Namulaba,Namulaba CU Primary School,Government,Male,Division 3,3
d102,c101,s104,p140,Kayunga,Bbaale,2020,Kitimbwa,Namulaba,Namulaba CU Primary School,Government,Female,Division 3,1
d102,c101,s104,p140,Kayunga,Bbaale,2020,Kitimbwa,Namulaba,Namulaba CU Primary School,Government,Male,Division 4,3
d102,c101,s104,p140,Kayunga,Bbaale,2020,Kitimbwa,Namulaba,Namulaba CU Primary School,Government,Female,Division 4,0
d102,c101,s104,p140,Kayunga,Bbaale,2020,Kitimbwa,Namulaba,Namulaba CU Primary School,Government,Male,Division U,8
d102,c101,s104,p140,Kayunga,Bbaale,2020,Kitimbwa,Namulaba,Namulaba CU Primary School,Government,Female,Division U,6
d102,c101,s104,p140,Kayunga,Bbaale,2020,Kitimbwa,Namulaba,Namulaba CU Primary School,Government,Male,Division X,0
d102,c101,s104,p140,Kayunga,Bbaale,2020,Kitimbwa,Namulaba,Namulaba CU Primary School,Government,Female,Division X,5
d102,c101,s104,p140,Kayunga,Bbaale,2020,Kitimbwa,Namulaba,Namulaba UMEA Primary School,Government,Male,Division 1,0
d102,c101,s104,p140,Kayunga,Bbaale,2020,Kitimbwa,Namulaba,Namulaba UMEA Primary School,Government,Female,Division 1,0
d102,c101,s104,p140,Kayunga,Bbaale,2020,Kitimbwa,Namulaba,Namulaba UMEA Primary School,Government,Male,Division 2,8
d102,c101,s104,p140,Kayunga,Bbaale,2020,Kitimbwa,Namulaba,Namulaba UMEA Primary School,Government,Female,Division 2,7
d102,c101,s104,p140,Kayunga,Bbaale,2020,Kitimbwa,Namulaba,Namulaba UMEA Primary School,Government,Male,Division 3,7
d102,c101,s104,p140,Kayunga,Bbaale,2020,Kitimbwa,Namulaba,Namulaba UMEA Primary School,Government,Female,Division 3,5
d102,c101,s104,p140,Kayunga,Bbaale,2020,Kitimbwa,Namulaba,Namulaba UMEA Primary School,Government,Male,Division 4,3
d102,c101,s104,p140,Kayunga,Bbaale,2020,Kitimbwa,Namulaba,Namulaba UMEA Primary School,Government,Female,Division 4,2
d102,c101,s104,p140,Kayunga,Bbaale,2020,Kitimbwa,Namulaba,Namulaba UMEA Primary School,Government,Male,Division U,0
d102,c101,s104,p140,Kayunga,Bbaale,2020,Kitimbwa,Namulaba,Namulaba UMEA Primary School,Government,Female,Division U,0
d102,c101,s104,p140,Kayunga,Bbaale,2020,Kitimbwa,Namulaba,Namulaba UMEA Primary School,Government,Male,Division X,0
d102,c101,s104,p140,Kayunga,Bbaale,2020,Kitimbwa,Namulaba,Namulaba UMEA Primary School,Government,Female,Division X,9
d102,c101,s104,p142,Kayunga,Bbaale,2020,Kitimbwa,Kyerima,Nanjwenge CU Primary School,Government,Male,Division 1,0
d102,c101,s104,p142,Kayunga,Bbaale,2020,Kitimbwa,Kyerima,Nanjwenge CU Primary School,Government,Female,Division 1,0
d102,c101,s104,p142,Kayunga,Bbaale,2020,Kitimbwa,Kyerima,Nanjwenge CU Primary School,Government,Male,Division 2,1
d102,c101,s104,p142,Kayunga,Bbaale,2020,Kitimbwa,Kyerima,Nanjwenge CU Primary School,Government,Female,Division 2,0
d102,c101,s104,p142,Kayunga,Bbaale,2020,Kitimbwa,Kyerima,Nanjwenge CU Primary School,Government,Male,Division 3,1
d102,c101,s104,p142,Kayunga,Bbaale,2020,Kitimbwa,Kyerima,Nanjwenge CU Primary School,Government,Female,Division 3,1
d102,c101,s104,p142,Kayunga,Bbaale,2020,Kitimbwa,Kyerima,Nanjwenge CU Primary School,Government,Male,Division 4,2
d102,c101,s104,p142,Kayunga,Bbaale,2020,Kitimbwa,Kyerima,Nanjwenge CU Primary School,Government,Female,Division 4,2
d102,c101,s104,p142,Kayunga,Bbaale,2020,Kitimbwa,Kyerima,Nanjwenge CU Primary School,Government,Male,Division U,7
d102,c101,s104,p142,Kayunga,Bbaale,2020,Kitimbwa,Kyerima,Nanjwenge CU Primary School,Government,Female,Division U,5
d102,c101,s104,p142,Kayunga,Bbaale,2020,Kitimbwa,Kyerima,Nanjwenge CU Primary School,Government,Male,Division X,0
d102,c101,s104,p142,Kayunga,Bbaale,2020,Kitimbwa,Kyerima,Nanjwenge CU Primary School,Government,Female,Division X,1
d102,c101,s104,p140,Kayunga,Bbaale,2020,Kitimbwa,Namulaba,Nongo CU Primary School Kitimbwa,Government,Male,Division 1,0
d102,c101,s104,p140,Kayunga,Bbaale,2020,Kitimbwa,Namulaba,Nongo CU Primary School Kitimbwa,Government,Female,Division 1,0
d102,c101,s104,p140,Kayunga,Bbaale,2020,Kitimbwa,Namulaba,Nongo CU Primary School Kitimbwa,Government,Male,Division 2,1
d102,c101,s104,p140,Kayunga,Bbaale,2020,Kitimbwa,Namulaba,Nongo CU Primary School Kitimbwa,Government,Female,Division 2,0
d102,c101,s104,p140,Kayunga,Bbaale,2020,Kitimbwa,Namulaba,Nongo CU Primary School Kitimbwa,Government,Male,Division 3,0
d102,c101,s104,p140,Kayunga,Bbaale,2020,Kitimbwa,Namulaba,Nongo CU Primary School Kitimbwa,Government,Female,Division 3,2
d102,c101,s104,p140,Kayunga,Bbaale,2020,Kitimbwa,Namulaba,Nongo CU Primary School Kitimbwa,Government,Male,Division 4,1
d102,c101,s104,p140,Kayunga,Bbaale,2020,Kitimbwa,Namulaba,Nongo CU Primary School Kitimbwa,Government,Female,Division 4,3
d102,c101,s104,p140,Kayunga,Bbaale,2020,Kitimbwa,Namulaba,Nongo CU Primary School Kitimbwa,Government,Male,Division U,4
d102,c101,s104,p140,Kayunga,Bbaale,2020,Kitimbwa,Namulaba,Nongo CU Primary School Kitimbwa,Government,Female,Division U,4
d102,c101,s104,p140,Kayunga,Bbaale,2020,Kitimbwa,Namulaba,Nongo CU Primary School Kitimbwa,Government,Male,Division X,0
d102,c101,s104,p140,Kayunga,Bbaale,2020,Kitimbwa,Namulaba,Nongo CU Primary School Kitimbwa,Government,Female,Division X,1
d102,c101,s104,p140,Kayunga,Bbaale,2020,Kitimbwa,Namulaba,St Martins Nongo RC Primary School,Government,Male,Division 1,
d102,c101,s104,p140,Kayunga,Bbaale,2020,Kitimbwa,Namulaba,St Martins Nongo RC Primary School,Government,Female,Division 1,
d102,c101,s104,p140,Kayunga,Bbaale,2020,Kitimbwa,Namulaba,St Martins Nongo RC Primary School,Government,Male,Division 2,
d102,c101,s104,p140,Kayunga,Bbaale,2020,Kitimbwa,Namulaba,St Martins Nongo RC Primary School,Government,Female,Division 2,
d102,c101,s104,p140,Kayunga,Bbaale,2020,Kitimbwa,Namulaba,St Martins Nongo RC Primary School,Government,Male,Division 3,
d102,c101,s104,p140,Kayunga,Bbaale,2020,Kitimbwa,Namulaba,St Martins Nongo RC Primary School,Government,Female,Division 3,
d102,c101,s104,p140,Kayunga,Bbaale,2020,Kitimbwa,Namulaba,St Martins Nongo RC Primary School,Government,Male,Division 4,
d102,c101,s104,p140,Kayunga,Bbaale,2020,Kitimbwa,Namulaba,St Martins Nongo RC Primary School,Government,Female,Division 4,
d102,c101,s104,p140,Kayunga,Bbaale,2020,Kitimbwa,Namulaba,St Martins Nongo RC Primary School,Government,Male,Division U,
d102,c101,s104,p140,Kayunga,Bbaale,2020,Kitimbwa,Namulaba,St Martins Nongo RC Primary School,Government,Female,Division U,
d102,c101,s104,p140,Kayunga,Bbaale,2020,Kitimbwa,Namulaba,St Martins Nongo RC Primary School,Government,Male,Division X,
d102,c101,s104,p140,Kayunga,Bbaale,2020,Kitimbwa,Namulaba,St Martins Nongo RC Primary School,Government,Female,Division X,
d102,c101,s104,p141,Kayunga,Bbaale,2020,Kitimbwa,Wabwoko,Wabwoko CU Primary School,Government,Male,Division 1,5
d102,c101,s104,p141,Kayunga,Bbaale,2020,Kitimbwa,Wabwoko,Wabwoko CU Primary School,Government,Female,Division 1,4
d102,c101,s104,p141,Kayunga,Bbaale,2020,Kitimbwa,Wabwoko,Wabwoko CU Primary School,Government,Male,Division 2,6
d102,c101,s104,p141,Kayunga,Bbaale,2020,Kitimbwa,Wabwoko,Wabwoko CU Primary School,Government,Female,Division 2,5
d102,c101,s104,p141,Kayunga,Bbaale,2020,Kitimbwa,Wabwoko,Wabwoko CU Primary School,Government,Male,Division 3,4
d102,c101,s104,p141,Kayunga,Bbaale,2020,Kitimbwa,Wabwoko,Wabwoko CU Primary School,Government,Female,Division 3,2
d102,c101,s104,p141,Kayunga,Bbaale,2020,Kitimbwa,Wabwoko,Wabwoko CU Primary School,Government,Male,Division 4,7
d102,c101,s104,p141,Kayunga,Bbaale,2020,Kitimbwa,Wabwoko,Wabwoko CU Primary School,Government,Female,Division 4,5
d102,c101,s104,p141,Kayunga,Bbaale,2020,Kitimbwa,Wabwoko,Wabwoko CU Primary School,Government,Male,Division U,21
d102,c101,s104,p141,Kayunga,Bbaale,2020,Kitimbwa,Wabwoko,Wabwoko CU Primary School,Government,Female,Division U,17
d102,c101,s104,p141,Kayunga,Bbaale,2020,Kitimbwa,Wabwoko,Wabwoko CU Primary School,Government,Male,Division X,1
d102,c101,s104,p141,Kayunga,Bbaale,2020,Kitimbwa,Wabwoko,Wabwoko CU Primary School,Government,Female,Division X,3
d102,c102,s105,p116,Kayunga,Ntenjeru,2020,Busaana,Nabuganyi,Bumaali CU Primary School,Government,Male,Division 1,3
d102,c102,s105,p116,Kayunga,Ntenjeru,2020,Busaana,Nabuganyi,Bumaali CU Primary School,Government,Female,Division 1,2
d102,c102,s105,p116,Kayunga,Ntenjeru,2020,Busaana,Nabuganyi,Bumaali CU Primary School,Government,Male,Division 2,29
d102,c102,s105,p116,Kayunga,Ntenjeru,2020,Busaana,Nabuganyi,Bumaali CU Primary School,Government,Female,Division 2,32
d102,c102,s105,p116,Kayunga,Ntenjeru,2020,Busaana,Nabuganyi,Bumaali CU Primary School,Government,Male,Division 3,20
d102,c102,s105,p116,Kayunga,Ntenjeru,2020,Busaana,Nabuganyi,Bumaali CU Primary School,Government,Female,Division 3,19
d102,c102,s105,p116,Kayunga,Ntenjeru,2020,Busaana,Nabuganyi,Bumaali CU Primary School,Government,Male,Division 4,15
d102,c102,s105,p116,Kayunga,Ntenjeru,2020,Busaana,Nabuganyi,Bumaali CU Primary School,Government,Female,Division 4,13
d102,c102,s105,p116,Kayunga,Ntenjeru,2020,Busaana,Nabuganyi,Bumaali CU Primary School,Government,Male,Division U,7
d102,c102,s105,p116,Kayunga,Ntenjeru,2020,Busaana,Nabuganyi,Bumaali CU Primary School,Government,Female,Division U,7
d102,c102,s105,p116,Kayunga,Ntenjeru,2020,Busaana,Nabuganyi,Bumaali CU Primary School,Government,Male,Division X,3
d102,c102,s105,p116,Kayunga,Ntenjeru,2020,Busaana,Nabuganyi,Bumaali CU Primary School,Government,Female,Division X,1
d102,c102,s105,p115,Kayunga,Ntenjeru,2020,Busaana,Kasana,Kasana RC Primary School,Government,Male,Division 1,0
d102,c102,s105,p115,Kayunga,Ntenjeru,2020,Busaana,Kasana,Kasana RC Primary School,Government,Female,Division 1,0
d102,c102,s105,p115,Kayunga,Ntenjeru,2020,Busaana,Kasana,Kasana RC Primary School,Government,Male,Division 2,1
d102,c102,s105,p115,Kayunga,Ntenjeru,2020,Busaana,Kasana,Kasana RC Primary School,Government,Female,Division 2,0
d102,c102,s105,p115,Kayunga,Ntenjeru,2020,Busaana,Kasana,Kasana RC Primary School,Government,Male,Division 3,0
d102,c102,s105,p115,Kayunga,Ntenjeru,2020,Busaana,Kasana,Kasana RC Primary School,Government,Female,Division 3,0
d102,c102,s105,p115,Kayunga,Ntenjeru,2020,Busaana,Kasana,Kasana RC Primary School,Government,Male,Division 4,3
d102,c102,s105,p115,Kayunga,Ntenjeru,2020,Busaana,Kasana,Kasana RC Primary School,Government,Female,Division 4,2
d102,c102,s105,p115,Kayunga,Ntenjeru,2020,Busaana,Kasana,Kasana RC Primary School,Government,Male,Division U,5
d102,c102,s105,p115,Kayunga,Ntenjeru,2020,Busaana,Kasana,Kasana RC Primary School,Government,Female,Division U,3
d102,c102,s105,p115,Kayunga,Ntenjeru,2020,Busaana,Kasana,Kasana RC Primary School,Government,Male,Division X,0
d102,c102,s105,p115,Kayunga,Ntenjeru,2020,Busaana,Kasana,Kasana RC Primary School,Government,Female,Division X,1
d102,c102,s105,p121,Kayunga,Ntenjeru,2020,Busaana,Lusenke,Kibuzi CU Primary School,Government,Male,Division 1,0
d102,c102,s105,p121,Kayunga,Ntenjeru,2020,Busaana,Lusenke,Kibuzi CU Primary School,Government,Female,Division 1,0
d102,c102,s105,p121,Kayunga,Ntenjeru,2020,Busaana,Lusenke,Kibuzi CU Primary School,Government,Male,Division 2,8
d102,c102,s105,p121,Kayunga,Ntenjeru,2020,Busaana,Lusenke,Kibuzi CU Primary School,Government,Female,Division 2,7
d102,c102,s105,p121,Kayunga,Ntenjeru,2020,Busaana,Lusenke,Kibuzi CU Primary School,Government,Male,Division 3,5
d102,c102,s105,p121,Kayunga,Ntenjeru,2020,Busaana,Lusenke,Kibuzi CU Primary School,Government,Female,Division 3,4
d102,c102,s105,p121,Kayunga,Ntenjeru,2020,Busaana,Lusenke,Kibuzi CU Primary School,Government,Male,Division 4,9
d102,c102,s105,p121,Kayunga,Ntenjeru,2020,Busaana,Lusenke,Kibuzi CU Primary School,Government,Female,Division 4,3
d102,c102,s105,p121,Kayunga,Ntenjeru,2020,Busaana,Lusenke,Kibuzi CU Primary School,Government,Male,Division U,3
d102,c102,s105,p121,Kayunga,Ntenjeru,2020,Busaana,Lusenke,Kibuzi CU Primary School,Government,Female,Division U,3
d102,c102,s105,p121,Kayunga,Ntenjeru,2020,Busaana,Lusenke,Kibuzi CU Primary School,Government,Male,Division X,1
d102,c102,s105,p121,Kayunga,Ntenjeru,2020,Busaana,Lusenke,Kibuzi CU Primary School,Government,Female,Division X,1
d102,c102,s105,p121,Kayunga,Ntenjeru,2020,Busaana,Lusenke,Kibuzi RC Primary School,Government,Male,Division 1,0
d102,c102,s105,p121,Kayunga,Ntenjeru,2020,Busaana,Lusenke,Kibuzi RC Primary School,Government,Female,Division 1,0
d102,c102,s105,p121,Kayunga,Ntenjeru,2020,Busaana,Lusenke,Kibuzi RC Primary School,Government,Male,Division 2,5
d102,c102,s105,p121,Kayunga,Ntenjeru,2020,Busaana,Lusenke,Kibuzi RC Primary School,Government,Female,Division 2,2
d102,c102,s105,p121,Kayunga,Ntenjeru,2020,Busaana,Lusenke,Kibuzi RC Primary School,Government,Male,Division 3,1
d102,c102,s105,p121,Kayunga,Ntenjeru,2020,Busaana,Lusenke,Kibuzi RC Primary School,Government,Female,Division 3,0
d102,c102,s105,p121,Kayunga,Ntenjeru,2020,Busaana,Lusenke,Kibuzi RC Primary School,Government,Male,Division 4,2
d102,c102,s105,p121,Kayunga,Ntenjeru,2020,Busaana,Lusenke,Kibuzi RC Primary School,Government,Female,Division 4,2
d102,c102,s105,p121,Kayunga,Ntenjeru,2020,Busaana,Lusenke,Kibuzi RC Primary School,Government,Male,Division U,6
d102,c102,s105,p121,Kayunga,Ntenjeru,2020,Busaana,Lusenke,Kibuzi RC Primary School,Government,Female,Division U,4
d102,c102,s105,p121,Kayunga,Ntenjeru,2020,Busaana,Lusenke,Kibuzi RC Primary School,Government,Male,Division X,2
d102,c102,s105,p121,Kayunga,Ntenjeru,2020,Busaana,Lusenke,Kibuzi RC Primary School,Government,Female,Division X,1
d102,c102,s105,p122,Kayunga,Ntenjeru,2020,Busaana,Nampanyi,Kireku CU Primary School,Government,Male,Division 1,0
d102,c102,s105,p122,Kayunga,Ntenjeru,2020,Busaana,Nampanyi,Kireku CU Primary School,Government,Female,Division 1,0
d102,c102,s105,p122,Kayunga,Ntenjeru,2020,Busaana,Nampanyi,Kireku CU Primary School,Government,Male,Division 2,5
d102,c102,s105,p122,Kayunga,Ntenjeru,2020,Busaana,Nampanyi,Kireku CU Primary School,Government,Female,Division 2,4
d102,c102,s105,p122,Kayunga,Ntenjeru,2020,Busaana,Nampanyi,Kireku CU Primary School,Government,Male,Division 3,4
d102,c102,s105,p122,Kayunga,Ntenjeru,2020,Busaana,Nampanyi,Kireku CU Primary School,Government,Female,Division 3,3
d102,c102,s105,p122,Kayunga,Ntenjeru,2020,Busaana,Nampanyi,Kireku CU Primary School,Government,Male,Division 4,8
d102,c102,s105,p122,Kayunga,Ntenjeru,2020,Busaana,Nampanyi,Kireku CU Primary School,Government,Female,Division 4,6
d102,c102,s105,p122,Kayunga,Ntenjeru,2020,Busaana,Nampanyi,Kireku CU Primary School,Government,Male,Division U,8
d102,c102,s105,p122,Kayunga,Ntenjeru,2020,Busaana,Nampanyi,Kireku CU Primary School,Government,Female,Division U,8
d102,c102,s105,p122,Kayunga,Ntenjeru,2020,Busaana,Nampanyi,Kireku CU Primary School,Government,Male,Division X,0
d102,c102,s105,p122,Kayunga,Ntenjeru,2020,Busaana,Nampanyi,Kireku CU Primary School,Government,Female,Division X,0
d102,c102,s105,p118,Kayunga,Ntenjeru,2020,Busaana,Kiwangula,Kiwangula CU Primary School,Government,Male,Division 1,0
d102,c102,s105,p118,Kayunga,Ntenjeru,2020,Busaana,Kiwangula,Kiwangula CU Primary School,Government,Female,Division 1,1
d102,c102,s105,p118,Kayunga,Ntenjeru,2020,Busaana,Kiwangula,Kiwangula CU Primary School,Government,Male,Division 2,10
d102,c102,s105,p118,Kayunga,Ntenjeru,2020,Busaana,Kiwangula,Kiwangula CU Primary School,Government,Female,Division 2,6
d102,c102,s105,p118,Kayunga,Ntenjeru,2020,Busaana,Kiwangula,Kiwangula CU Primary School,Government,Male,Division 3,6
d102,c102,s105,p118,Kayunga,Ntenjeru,2020,Busaana,Kiwangula,Kiwangula CU Primary School,Government,Female,Division 3,4
d102,c102,s105,p118,Kayunga,Ntenjeru,2020,Busaana,Kiwangula,Kiwangula CU Primary School,Government,Male,Division 4,7
d102,c102,s105,p118,Kayunga,Ntenjeru,2020,Busaana,Kiwangula,Kiwangula CU Primary School,Government,Female,Division 4,5
d102,c102,s105,p118,Kayunga,Ntenjeru,2020,Busaana,Kiwangula,Kiwangula CU Primary School,Government,Male,Division U,2
d102,c102,s105,p118,Kayunga,Ntenjeru,2020,Busaana,Kiwangula,Kiwangula CU Primary School,Government,Female,Division U,3
d102,c102,s105,p118,Kayunga,Ntenjeru,2020,Busaana,Kiwangula,Kiwangula CU Primary School,Government,Male,Division X,0
d102,c102,s105,p118,Kayunga,Ntenjeru,2020,Busaana,Kiwangula,Kiwangula CU Primary School,Government,Female,Division X,0
d102,c102,s105,p118,Kayunga,Ntenjeru,2020,Busaana,Kiwangula,Kiwangula RC Primary School,Government,Male,Division 1,0
d102,c102,s105,p118,Kayunga,Ntenjeru,2020,Busaana,Kiwangula,Kiwangula RC Primary School,Government,Female,Division 1,0
d102,c102,s105,p118,Kayunga,Ntenjeru,2020,Busaana,Kiwangula,Kiwangula RC Primary School,Government,Male,Division 2,12
d102,c102,s105,p118,Kayunga,Ntenjeru,2020,Busaana,Kiwangula,Kiwangula RC Primary School,Government,Female,Division 2,4
d102,c102,s105,p118,Kayunga,Ntenjeru,2020,Busaana,Kiwangula,Kiwangula RC Primary School,Government,Male,Division 3,4
d102,c102,s105,p118,Kayunga,Ntenjeru,2020,Busaana,Kiwangula,Kiwangula RC Primary School,Government,Female,Division 3,7
d102,c102,s105,p118,Kayunga,Ntenjeru,2020,Busaana,Kiwangula,Kiwangula RC Primary School,Government,Male,Division 4,3
d102,c102,s105,p118,Kayunga,Ntenjeru,2020,Busaana,Kiwangula,Kiwangula RC Primary School,Government,Female,Division 4,5
d102,c102,s105,p118,Kayunga,Ntenjeru,2020,Busaana,Kiwangula,Kiwangula RC Primary School,Government,Male,Division U,2
d102,c102,s105,p118,Kayunga,Ntenjeru,2020,Busaana,Kiwangula,Kiwangula RC Primary School,Government,Female,Division U,3
d102,c102,s105,p118,Kayunga,Ntenjeru,2020,Busaana,Kiwangula,Kiwangula RC Primary School,Government,Male,Division X,0
d102,c102,s105,p118,Kayunga,Ntenjeru,2020,Busaana,Kiwangula,Kiwangula RC Primary School,Government,Female,Division X,0
d102,c102,s105,p116,Kayunga,Ntenjeru,2020,Busaana,Nabuganyi,Nabuganyi CU Primary School,Government,Male,Division 1,0
d102,c102,s105,p116,Kayunga,Ntenjeru,2020,Busaana,Nabuganyi,Nabuganyi CU Primary School,Government,Female,Division 1,0
d102,c102,s105,p116,Kayunga,Ntenjeru,2020,Busaana,Nabuganyi,Nabuganyi CU Primary School,Government,Male,Division 2,16
d102,c102,s105,p116,Kayunga,Ntenjeru,2020,Busaana,Nabuganyi,Nabuganyi CU Primary School,Government,Female,Division 2,10
d102,c102,s105,p116,Kayunga,Ntenjeru,2020,Busaana,Nabuganyi,Nabuganyi CU Primary School,Government,Male,Division 3,10
d102,c102,s105,p116,Kayunga,Ntenjeru,2020,Busaana,Nabuganyi,Nabuganyi CU Primary School,Government,Female,Division 3,13
d102,c102,s105,p116,Kayunga,Ntenjeru,2020,Busaana,Nabuganyi,Nabuganyi CU Primary School,Government,Male,Division 4,6
d102,c102,s105,p116,Kayunga,Ntenjeru,2020,Busaana,Nabuganyi,Nabuganyi CU Primary School,Government,Female,Division 4,4
d102,c102,s105,p116,Kayunga,Ntenjeru,2020,Busaana,Nabuganyi,Nabuganyi CU Primary School,Government,Male,Division U,2
d102,c102,s105,p116,Kayunga,Ntenjeru,2020,Busaana,Nabuganyi,Nabuganyi CU Primary School,Government,Female,Division U,2
d102,c102,s105,p116,Kayunga,Ntenjeru,2020,Busaana,Nabuganyi,Nabuganyi CU Primary School,Government,Male,Division X,0
d102,c102,s105,p116,Kayunga,Ntenjeru,2020,Busaana,Nabuganyi,Nabuganyi CU Primary School,Government,Female,Division X,0
d102,c102,s105,p116,Kayunga,Ntenjeru,2020,Busaana,Nabuganyi,Nabuganyi RC Primary School,Government,Male,Division 1,0
d102,c102,s105,p116,Kayunga,Ntenjeru,2020,Busaana,Nabuganyi,Nabuganyi RC Primary School,Government,Female,Division 1,0
d102,c102,s105,p116,Kayunga,Ntenjeru,2020,Busaana,Nabuganyi,Nabuganyi RC Primary School,Government,Male,Division 2,6
d102,c102,s105,p116,Kayunga,Ntenjeru,2020,Busaana,Nabuganyi,Nabuganyi RC Primary School,Government,Female,Division 2,5
d102,c102,s105,p116,Kayunga,Ntenjeru,2020,Busaana,Nabuganyi,Nabuganyi RC Primary School,Government,Male,Division 3,8
d102,c102,s105,p116,Kayunga,Ntenjeru,2020,Busaana,Nabuganyi,Nabuganyi RC Primary School,Government,Female,Division 3,7
d102,c102,s105,p116,Kayunga,Ntenjeru,2020,Busaana,Nabuganyi,Nabuganyi RC Primary School,Government,Male,Division 4,5
d102,c102,s105,p116,Kayunga,Ntenjeru,2020,Busaana,Nabuganyi,Nabuganyi RC Primary School,Government,Female,Division 4,3
d102,c102,s105,p116,Kayunga,Ntenjeru,2020,Busaana,Nabuganyi,Nabuganyi RC Primary School,Government,Male,Division U,0
d102,c102,s105,p116,Kayunga,Ntenjeru,2020,Busaana,Nabuganyi,Nabuganyi RC Primary School,Government,Female,Division U,0
d102,c102,s105,p116,Kayunga,Ntenjeru,2020,Busaana,Nabuganyi,Nabuganyi RC Primary School,Government,Male,Division X,0
d102,c102,s105,p116,Kayunga,Ntenjeru,2020,Busaana,Nabuganyi,Nabuganyi RC Primary School,Government,Female,Division X,0
d102,c102,s105,p122,Kayunga,Ntenjeru,2020,Busaana,Nampanyi,Nakakandwa CU Primary School,Government,Male,Division 1,0
d102,c102,s105,p122,Kayunga,Ntenjeru,2020,Busaana,Nampanyi,Nakakandwa CU Primary School,Government,Female,Division 1,0
d102,c102,s105,p122,Kayunga,Ntenjeru,2020,Busaana,Nampanyi,Nakakandwa CU Primary School,Government,Male,Division 2,2
d102,c102,s105,p122,Kayunga,Ntenjeru,2020,Busaana,Nampanyi,Nakakandwa CU Primary School,Government,Female,Division 2,1
d102,c102,s105,p122,Kayunga,Ntenjeru,2020,Busaana,Nampanyi,Nakakandwa CU Primary School,Government,Male,Division 3,4
d102,c102,s105,p122,Kayunga,Ntenjeru,2020,Busaana,Nampanyi,Nakakandwa CU Primary School,Government,Female,Division 3,2
d102,c102,s105,p122,Kayunga,Ntenjeru,2020,Busaana,Nampanyi,Nakakandwa CU Primary School,Government,Male,Division 4,8
d102,c102,s105,p122,Kayunga,Ntenjeru,2020,Busaana,Nampanyi,Nakakandwa CU Primary School,Government,Female,Division 4,7
d102,c102,s105,p122,Kayunga,Ntenjeru,2020,Busaana,Nampanyi,Nakakandwa CU Primary School,Government,Male,Division U,8
d102,c102,s105,p122,Kayunga,Ntenjeru,2020,Busaana,Nampanyi,Nakakandwa CU Primary School,Government,Female,Division U,6
d102,c102,s105,p122,Kayunga,Ntenjeru,2020,Busaana,Nampanyi,Nakakandwa CU Primary School,Government,Male,Division X,0
d102,c102,s105,p122,Kayunga,Ntenjeru,2020,Busaana,Nampanyi,Nakakandwa CU Primary School,Government,Female,Division X,1
d102,c102,s105,p122,Kayunga,Ntenjeru,2020,Busaana,Nampanyi,Nakakandwa RC Primary School,Government,Male,Division 1,0
d102,c102,s105,p122,Kayunga,Ntenjeru,2020,Busaana,Nampanyi,Nakakandwa RC Primary School,Government,Female,Division 1,0
d102,c102,s105,p122,Kayunga,Ntenjeru,2020,Busaana,Nampanyi,Nakakandwa RC Primary School,Government,Male,Division 2,1
d102,c102,s105,p122,Kayunga,Ntenjeru,2020,Busaana,Nampanyi,Nakakandwa RC Primary School,Government,Female,Division 2,2
d102,c102,s105,p122,Kayunga,Ntenjeru,2020,Busaana,Nampanyi,Nakakandwa RC Primary School,Government,Male,Division 3,2
d102,c102,s105,p122,Kayunga,Ntenjeru,2020,Busaana,Nampanyi,Nakakandwa RC Primary School,Government,Female,Division 3,4
d102,c102,s105,p122,Kayunga,Ntenjeru,2020,Busaana,Nampanyi,Nakakandwa RC Primary School,Government,Male,Division 4,5
d102,c102,s105,p122,Kayunga,Ntenjeru,2020,Busaana,Nampanyi,Nakakandwa RC Primary School,Government,Female,Division 4,10
d102,c102,s105,p122,Kayunga,Ntenjeru,2020,Busaana,Nampanyi,Nakakandwa RC Primary School,Government,Male,Division U,5
d102,c102,s105,p122,Kayunga,Ntenjeru,2020,Busaana,Nampanyi,Nakakandwa RC Primary School,Government,Female,Division U,9
d102,c102,s105,p122,Kayunga,Ntenjeru,2020,Busaana,Nampanyi,Nakakandwa RC Primary School,Government,Male,Division X,1
d102,c102,s105,p122,Kayunga,Ntenjeru,2020,Busaana,Nampanyi,Nakakandwa RC Primary School,Government,Female,Division X,0
d102,c102,s105,p118,Kayunga,Ntenjeru,2020,Busaana,Kiwangula,Nakatovu CU Primary School,Government,Male,Division 1,0
d102,c102,s105,p118,Kayunga,Ntenjeru,2020,Busaana,Kiwangula,Nakatovu CU Primary School,Government,Female,Division 1,0
d102,c102,s105,p118,Kayunga,Ntenjeru,2020,Busaana,Kiwangula,Nakatovu CU Primary School,Government,Male,Division 2,1
d102,c102,s105,p118,Kayunga,Ntenjeru,2020,Busaana,Kiwangula,Nakatovu CU Primary School,Government,Female,Division 2,0
d102,c102,s105,p118,Kayunga,Ntenjeru,2020,Busaana,Kiwangula,Nakatovu CU Primary School,Government,Male,Division 3,4
d102,c102,s105,p118,Kayunga,Ntenjeru,2020,Busaana,Kiwangula,Nakatovu CU Primary School,Government,Female,Division 3,2
d102,c102,s105,p118,Kayunga,Ntenjeru,2020,Busaana,Kiwangula,Nakatovu CU Primary School,Government,Male,Division 4,1
d102,c102,s105,p118,Kayunga,Ntenjeru,2020,Busaana,Kiwangula,Nakatovu CU Primary School,Government,Female,Division 4,1
d102,c102,s105,p118,Kayunga,Ntenjeru,2020,Busaana,Kiwangula,Nakatovu CU Primary School,Government,Male,Division U,7
d102,c102,s105,p118,Kayunga,Ntenjeru,2020,Busaana,Kiwangula,Nakatovu CU Primary School,Government,Female,Division U,6
d102,c102,s105,p118,Kayunga,Ntenjeru,2020,Busaana,Kiwangula,Nakatovu CU Primary School,Government,Male,Division X,0
d102,c102,s105,p118,Kayunga,Ntenjeru,2020,Busaana,Kiwangula,Nakatovu CU Primary School,Government,Female,Division X,1
d102,c102,s105,p120,Kayunga,Ntenjeru,2020,Busaana,Namusaala,Namusaala CU Primary School,Government,Male,Division 1,1
d102,c102,s105,p120,Kayunga,Ntenjeru,2020,Busaana,Namusaala,Namusaala CU Primary School,Government,Female,Division 1,0
d102,c102,s105,p120,Kayunga,Ntenjeru,2020,Busaana,Namusaala,Namusaala CU Primary School,Government,Male,Division 2,29
d102,c102,s105,p120,Kayunga,Ntenjeru,2020,Busaana,Namusaala,Namusaala CU Primary School,Government,Female,Division 2,20
d102,c102,s105,p120,Kayunga,Ntenjeru,2020,Busaana,Namusaala,Namusaala CU Primary School,Government,Male,Division 3,15
d102,c102,s105,p120,Kayunga,Ntenjeru,2020,Busaana,Namusaala,Namusaala CU Primary School,Government,Female,Division 3,14
d102,c102,s105,p120,Kayunga,Ntenjeru,2020,Busaana,Namusaala,Namusaala CU Primary School,Government,Male,Division 4,20
d102,c102,s105,p120,Kayunga,Ntenjeru,2020,Busaana,Namusaala,Namusaala CU Primary School,Government,Female,Division 4,12
d102,c102,s105,p120,Kayunga,Ntenjeru,2020,Busaana,Namusaala,Namusaala CU Primary School,Government,Male,Division U,17
d102,c102,s105,p120,Kayunga,Ntenjeru,2020,Busaana,Namusaala,Namusaala CU Primary School,Government,Female,Division U,30
d102,c102,s105,p120,Kayunga,Ntenjeru,2020,Busaana,Namusaala,Namusaala CU Primary School,Government,Male,Division X,2
d102,c102,s105,p120,Kayunga,Ntenjeru,2020,Busaana,Namusaala,Namusaala CU Primary School,Government,Female,Division X,3
d102,c102,s105,p120,Kayunga,Ntenjeru,2020,Busaana,Namusaala,Namutya CU Primary School,Government,Male,Division 1,0
d102,c102,s105,p120,Kayunga,Ntenjeru,2020,Busaana,Namusaala,Namutya CU Primary School,Government,Female,Division 1,0
d102,c102,s105,p120,Kayunga,Ntenjeru,2020,Busaana,Namusaala,Namutya CU Primary School,Government,Male,Division 2,4
d102,c102,s105,p120,Kayunga,Ntenjeru,2020,Busaana,Namusaala,Namutya CU Primary School,Government,Female,Division 2,3
d102,c102,s105,p120,Kayunga,Ntenjeru,2020,Busaana,Namusaala,Namutya CU Primary School,Government,Male,Division 3,8
d102,c102,s105,p120,Kayunga,Ntenjeru,2020,Busaana,Namusaala,Namutya CU Primary School,Government,Female,Division 3,7
d102,c102,s105,p120,Kayunga,Ntenjeru,2020,Busaana,Namusaala,Namutya CU Primary School,Government,Male,Division 4,11
d102,c102,s105,p120,Kayunga,Ntenjeru,2020,Busaana,Namusaala,Namutya CU Primary School,Government,Female,Division 4,9
d102,c102,s105,p120,Kayunga,Ntenjeru,2020,Busaana,Namusaala,Namutya CU Primary School,Government,Male,Division U,12
d102,c102,s105,p120,Kayunga,Ntenjeru,2020,Busaana,Namusaala,Namutya CU Primary School,Government,Female,Division U,10
d102,c102,s105,p120,Kayunga,Ntenjeru,2020,Busaana,Namusaala,Namutya CU Primary School,Government,Male,Division X,0
d102,c102,s105,p120,Kayunga,Ntenjeru,2020,Busaana,Namusaala,Namutya CU Primary School,Government,Female,Division X,0
d102,c102,s105,p117,Kayunga,Ntenjeru,2020,Busaana,Namukuma,Nangabo CU Primary School,Government,Male,Division 1,0
d102,c102,s105,p117,Kayunga,Ntenjeru,2020,Busaana,Namukuma,Nangabo CU Primary School,Government,Female,Division 1,0
d102,c102,s105,p117,Kayunga,Ntenjeru,2020,Busaana,Namukuma,Nangabo CU Primary School,Government,Male,Division 2,4
d102,c102,s105,p117,Kayunga,Ntenjeru,2020,Busaana,Namukuma,Nangabo CU Primary School,Government,Female,Division 2,2
d102,c102,s105,p117,Kayunga,Ntenjeru,2020,Busaana,Namukuma,Nangabo CU Primary School,Government,Male,Division 3,3
d102,c102,s105,p117,Kayunga,Ntenjeru,2020,Busaana,Namukuma,Nangabo CU Primary School,Government,Female,Division 3,1
d102,c102,s105,p117,Kayunga,Ntenjeru,2020,Busaana,Namukuma,Nangabo CU Primary School,Government,Male,Division 4,2
d102,c102,s105,p117,Kayunga,Ntenjeru,2020,Busaana,Namukuma,Nangabo CU Primary School,Government,Female,Division 4,0
d102,c102,s105,p117,Kayunga,Ntenjeru,2020,Busaana,Namukuma,Nangabo CU Primary School,Government,Male,Division U,2
d102,c102,s105,p117,Kayunga,Ntenjeru,2020,Busaana,Namukuma,Nangabo CU Primary School,Government,Female,Division U,2
d102,c102,s105,p117,Kayunga,Ntenjeru,2020,Busaana,Namukuma,Nangabo CU Primary School,Government,Male,Division X,0
d102,c102,s105,p117,Kayunga,Ntenjeru,2020,Busaana,Namukuma,Nangabo CU Primary School,Government,Female,Division X,0
d102,c102,s105,p118,Kayunga,Ntenjeru,2020,Busaana,Kiwangula,St Josephs Buyungirizi RC Primary School,Government,Male,Division 1,0
d102,c102,s105,p118,Kayunga,Ntenjeru,2020,Busaana,Kiwangula,St Josephs Buyungirizi RC Primary School,Government,Female,Division 1,0
d102,c102,s105,p118,Kayunga,Ntenjeru,2020,Busaana,Kiwangula,St Josephs Buyungirizi RC Primary School,Government,Male,Division 2,3
d102,c102,s105,p118,Kayunga,Ntenjeru,2020,Busaana,Kiwangula,St Josephs Buyungirizi RC Primary School,Government,Female,Division 2,2
d102,c102,s105,p118,Kayunga,Ntenjeru,2020,Busaana,Kiwangula,St Josephs Buyungirizi RC Primary School,Government,Male,Division 3,4
d102,c102,s105,p118,Kayunga,Ntenjeru,2020,Busaana,Kiwangula,St Josephs Buyungirizi RC Primary School,Government,Female,Division 3,2
d102,c102,s105,p118,Kayunga,Ntenjeru,2020,Busaana,Kiwangula,St Josephs Buyungirizi RC Primary School,Government,Male,Division 4,3
d102,c102,s105,p118,Kayunga,Ntenjeru,2020,Busaana,Kiwangula,St Josephs Buyungirizi RC Primary School,Government,Female,Division 4,3
d102,c102,s105,p118,Kayunga,Ntenjeru,2020,Busaana,Kiwangula,St Josephs Buyungirizi RC Primary School,Government,Male,Division U,3
d102,c102,s105,p118,Kayunga,Ntenjeru,2020,Busaana,Kiwangula,St Josephs Buyungirizi RC Primary School,Government,Female,Division U,3
d102,c102,s105,p118,Kayunga,Ntenjeru,2020,Busaana,Kiwangula,St Josephs Buyungirizi RC Primary School,Government,Male,Division X,0
d102,c102,s105,p118,Kayunga,Ntenjeru,2020,Busaana,Kiwangula,St Josephs Buyungirizi RC Primary School,Government,Female,Division X,0
d102,c102,s105,p121,Kayunga,Ntenjeru,2020,Busaana,Lusenke,St Peters Primary School Lusenke,Government,Male,Division 1,0
d102,c102,s105,p121,Kayunga,Ntenjeru,2020,Busaana,Lusenke,St Peters Primary School Lusenke,Government,Female,Division 1,0
d102,c102,s105,p121,Kayunga,Ntenjeru,2020,Busaana,Lusenke,St Peters Primary School Lusenke,Government,Male,Division 2,4
d102,c102,s105,p121,Kayunga,Ntenjeru,2020,Busaana,Lusenke,St Peters Primary School Lusenke,Government,Female,Division 2,2
d102,c102,s105,p121,Kayunga,Ntenjeru,2020,Busaana,Lusenke,St Peters Primary School Lusenke,Government,Male,Division 3,2
d102,c102,s105,p121,Kayunga,Ntenjeru,2020,Busaana,Lusenke,St Peters Primary School Lusenke,Government,Female,Division 3,1
d102,c102,s105,p121,Kayunga,Ntenjeru,2020,Busaana,Lusenke,St Peters Primary School Lusenke,Government,Male,Division 4,3
d102,c102,s105,p121,Kayunga,Ntenjeru,2020,Busaana,Lusenke,St Peters Primary School Lusenke,Government,Female,Division 4,3
d102,c102,s105,p121,Kayunga,Ntenjeru,2020,Busaana,Lusenke,St Peters Primary School Lusenke,Government,Male,Division U,3
d102,c102,s105,p121,Kayunga,Ntenjeru,2020,Busaana,Lusenke,St Peters Primary School Lusenke,Government,Female,Division U,1
d102,c102,s105,p121,Kayunga,Ntenjeru,2020,Busaana,Lusenke,St Peters Primary School Lusenke,Government,Male,Division X,0
d102,c102,s105,p121,Kayunga,Ntenjeru,2020,Busaana,Lusenke,St Peters Primary School Lusenke,Government,Female,Division X,1
d102,c102,s106,p132,Kayunga,Ntenjeru,2020,Nazigo,Bukamba,Bukamba CU Primary School,Government,Male,Division 1,0
d102,c102,s106,p132,Kayunga,Ntenjeru,2020,Nazigo,Bukamba,Bukamba CU Primary School,Government,Female,Division 1,0
d102,c102,s106,p132,Kayunga,Ntenjeru,2020,Nazigo,Bukamba,Bukamba CU Primary School,Government,Male,Division 2,4
d102,c102,s106,p132,Kayunga,Ntenjeru,2020,Nazigo,Bukamba,Bukamba CU Primary School,Government,Female,Division 2,3
d102,c102,s106,p132,Kayunga,Ntenjeru,2020,Nazigo,Bukamba,Bukamba CU Primary School,Government,Male,Division 3,4
d102,c102,s106,p132,Kayunga,Ntenjeru,2020,Nazigo,Bukamba,Bukamba CU Primary School,Government,Female,Division 3,5
d102,c102,s106,p132,Kayunga,Ntenjeru,2020,Nazigo,Bukamba,Bukamba CU Primary School,Government,Male,Division 4,13
d102,c102,s106,p132,Kayunga,Ntenjeru,2020,Nazigo,Bukamba,Bukamba CU Primary School,Government,Female,Division 4,7
d102,c102,s106,p132,Kayunga,Ntenjeru,2020,Nazigo,Bukamba,Bukamba CU Primary School,Government,Male,Division U,0
d102,c102,s106,p132,Kayunga,Ntenjeru,2020,Nazigo,Bukamba,Bukamba CU Primary School,Government,Female,Division U,0
d102,c102,s106,p132,Kayunga,Ntenjeru,2020,Nazigo,Bukamba,Bukamba CU Primary School,Government,Male,Division X,9
d102,c102,s106,p132,Kayunga,Ntenjeru,2020,Nazigo,Bukamba,Bukamba CU Primary School,Government,Female,Division X,23
d102,c102,s106,p132,Kayunga,Ntenjeru,2020,Nazigo,Bukamba,Bukamba Noor islamic Primary School,Private,Male,Division 1,
d102,c102,s106,p132,Kayunga,Ntenjeru,2020,Nazigo,Bukamba,Bukamba Noor islamic Primary School,Private,Female,Division 1,
d102,c102,s106,p132,Kayunga,Ntenjeru,2020,Nazigo,Bukamba,Bukamba Noor islamic Primary School,Private,Male,Division 2,
d102,c102,s106,p132,Kayunga,Ntenjeru,2020,Nazigo,Bukamba,Bukamba Noor islamic Primary School,Private,Female,Division 2,
d102,c102,s106,p132,Kayunga,Ntenjeru,2020,Nazigo,Bukamba,Bukamba Noor islamic Primary School,Private,Male,Division 3,
d102,c102,s106,p132,Kayunga,Ntenjeru,2020,Nazigo,Bukamba,Bukamba Noor islamic Primary School,Private,Female,Division 3,
d102,c102,s106,p132,Kayunga,Ntenjeru,2020,Nazigo,Bukamba,Bukamba Noor islamic Primary School,Private,Male,Division 4,
d102,c102,s106,p132,Kayunga,Ntenjeru,2020,Nazigo,Bukamba,Bukamba Noor islamic Primary School,Private,Female,Division 4,
d102,c102,s106,p132,Kayunga,Ntenjeru,2020,Nazigo,Bukamba,Bukamba Noor islamic Primary School,Private,Male,Division U,
d102,c102,s106,p132,Kayunga,Ntenjeru,2020,Nazigo,Bukamba,Bukamba Noor islamic Primary School,Private,Female,Division U,
d102,c102,s106,p132,Kayunga,Ntenjeru,2020,Nazigo,Bukamba,Bukamba Noor islamic Primary School,Private,Male,Division X,
d102,c102,s106,p132,Kayunga,Ntenjeru,2020,Nazigo,Bukamba,Bukamba Noor islamic Primary School,Private,Female,Division X,
d102,c102,s106,p133,Kayunga,Ntenjeru,2020,Nazigo,Kirindi,Kikonyogo Primary School,Government,Male,Division 1,0
d102,c102,s106,p133,Kayunga,Ntenjeru,2020,Nazigo,Kirindi,Kikonyogo Primary School,Government,Female,Division 1,0
d102,c102,s106,p133,Kayunga,Ntenjeru,2020,Nazigo,Kirindi,Kikonyogo Primary School,Government,Male,Division 2,2
d102,c102,s106,p133,Kayunga,Ntenjeru,2020,Nazigo,Kirindi,Kikonyogo Primary School,Government,Female,Division 2,2
d102,c102,s106,p133,Kayunga,Ntenjeru,2020,Nazigo,Kirindi,Kikonyogo Primary School,Government,Male,Division 3,3
d102,c102,s106,p133,Kayunga,Ntenjeru,2020,Nazigo,Kirindi,Kikonyogo Primary School,Government,Female,Division 3,3
d102,c102,s106,p133,Kayunga,Ntenjeru,2020,Nazigo,Kirindi,Kikonyogo Primary School,Government,Male,Division 4,3
d102,c102,s106,p133,Kayunga,Ntenjeru,2020,Nazigo,Kirindi,Kikonyogo Primary School,Government,Female,Division 4,2
d102,c102,s106,p133,Kayunga,Ntenjeru,2020,Nazigo,Kirindi,Kikonyogo Primary School,Government,Male,Division U,3
d102,c102,s106,p133,Kayunga,Ntenjeru,2020,Nazigo,Kirindi,Kikonyogo Primary School,Government,Female,Division U,1
d102,c102,s106,p133,Kayunga,Ntenjeru,2020,Nazigo,Kirindi,Kikonyogo Primary School,Government,Male,Division X,0
d102,c102,s106,p133,Kayunga,Ntenjeru,2020,Nazigo,Kirindi,Kikonyogo Primary School,Government,Female,Division X,0
d102,c102,s106,p137,Kayunga,Ntenjeru,2020,Nazigo,Kimanya,Kimanya CU Primary School,Government,Male,Division 1,0
d102,c102,s106,p137,Kayunga,Ntenjeru,2020,Nazigo,Kimanya,Kimanya CU Primary School,Government,Female,Division 1,0
d102,c102,s106,p137,Kayunga,Ntenjeru,2020,Nazigo,Kimanya,Kimanya CU Primary School,Government,Male,Division 2,6
d102,c102,s106,p137,Kayunga,Ntenjeru,2020,Nazigo,Kimanya,Kimanya CU Primary School,Government,Female,Division 2,6
d102,c102,s106,p137,Kayunga,Ntenjeru,2020,Nazigo,Kimanya,Kimanya CU Primary School,Government,Male,Division 3,2
d102,c102,s106,p137,Kayunga,Ntenjeru,2020,Nazigo,Kimanya,Kimanya CU Primary School,Government,Female,Division 3,11
d102,c102,s106,p137,Kayunga,Ntenjeru,2020,Nazigo,Kimanya,Kimanya CU Primary School,Government,Male,Division 4,3
d102,c102,s106,p137,Kayunga,Ntenjeru,2020,Nazigo,Kimanya,Kimanya CU Primary School,Government,Female,Division 4,10
d102,c102,s106,p137,Kayunga,Ntenjeru,2020,Nazigo,Kimanya,Kimanya CU Primary School,Government,Male,Division U,1
d102,c102,s106,p137,Kayunga,Ntenjeru,2020,Nazigo,Kimanya,Kimanya CU Primary School,Government,Female,Division U,7
d102,c102,s106,p137,Kayunga,Ntenjeru,2020,Nazigo,Kimanya,Kimanya CU Primary School,Government,Male,Division X,0
d102,c102,s106,p137,Kayunga,Ntenjeru,2020,Nazigo,Kimanya,Kimanya CU Primary School,Government,Female,Division X,0
d102,c102,s106,p136,Kayunga,Ntenjeru,2020,Nazigo,Natteta,Kiribedda CU Primary School,Government,Male,Division 1,0
d102,c102,s106,p136,Kayunga,Ntenjeru,2020,Nazigo,Natteta,Kiribedda CU Primary School,Government,Female,Division 1,0
d102,c102,s106,p136,Kayunga,Ntenjeru,2020,Nazigo,Natteta,Kiribedda CU Primary School,Government,Male,Division 2,0
d102,c102,s106,p136,Kayunga,Ntenjeru,2020,Nazigo,Natteta,Kiribedda CU Primary School,Government,Female,Division 2,0
d102,c102,s106,p136,Kayunga,Ntenjeru,2020,Nazigo,Natteta,Kiribedda CU Primary School,Government,Male,Division 3,2
d102,c102,s106,p136,Kayunga,Ntenjeru,2020,Nazigo,Natteta,Kiribedda CU Primary School,Government,Female,Division 3,1
d102,c102,s106,p136,Kayunga,Ntenjeru,2020,Nazigo,Natteta,Kiribedda CU Primary School,Government,Male,Division 4,4
d102,c102,s106,p136,Kayunga,Ntenjeru,2020,Nazigo,Natteta,Kiribedda CU Primary School,Government,Female,Division 4,3
d102,c102,s106,p136,Kayunga,Ntenjeru,2020,Nazigo,Natteta,Kiribedda CU Primary School,Government,Male,Division U,4
d102,c102,s106,p136,Kayunga,Ntenjeru,2020,Nazigo,Natteta,Kiribedda CU Primary School,Government,Female,Division U,2
d102,c102,s106,p136,Kayunga,Ntenjeru,2020,Nazigo,Natteta,Kiribedda CU Primary School,Government,Male,Division X,0
d102,c102,s106,p136,Kayunga,Ntenjeru,2020,Nazigo,Natteta,Kiribedda CU Primary School,Government,Female,Division X,0
d102,c102,s106,p138,Kayunga,Ntenjeru,2020,Nazigo,Nazigo,Kisa Nursery And Primary School,Private,Male,Division 1,0
d102,c102,s106,p138,Kayunga,Ntenjeru,2020,Nazigo,Nazigo,Kisa Nursery And Primary School,Private,Female,Division 1,0
d102,c102,s106,p138,Kayunga,Ntenjeru,2020,Nazigo,Nazigo,Kisa Nursery And Primary School,Private,Male,Division 2,10
d102,c102,s106,p138,Kayunga,Ntenjeru,2020,Nazigo,Nazigo,Kisa Nursery And Primary School,Private,Female,Division 2,9
d102,c102,s106,p138,Kayunga,Ntenjeru,2020,Nazigo,Nazigo,Kisa Nursery And Primary School,Private,Male,Division 3,11
d102,c102,s106,p138,Kayunga,Ntenjeru,2020,Nazigo,Nazigo,Kisa Nursery And Primary School,Private,Female,Division 3,11
d102,c102,s106,p138,Kayunga,Ntenjeru,2020,Nazigo,Nazigo,Kisa Nursery And Primary School,Private,Male,Division 4,3
d102,c102,s106,p138,Kayunga,Ntenjeru,2020,Nazigo,Nazigo,Kisa Nursery And Primary School,Private,Female,Division 4,2
d102,c102,s106,p138,Kayunga,Ntenjeru,2020,Nazigo,Nazigo,Kisa Nursery And Primary School,Private,Male,Division U,2
d102,c102,s106,p138,Kayunga,Ntenjeru,2020,Nazigo,Nazigo,Kisa Nursery And Primary School,Private,Female,Division U,5
d102,c102,s106,p138,Kayunga,Ntenjeru,2020,Nazigo,Nazigo,Kisa Nursery And Primary School,Private,Male,Division X,0
d102,c102,s106,p138,Kayunga,Ntenjeru,2020,Nazigo,Nazigo,Kisa Nursery And Primary School,Private,Female,Division X,0
d102,c102,s106,p132,Kayunga,Ntenjeru,2020,Nazigo,Bukamba,Kiswa RC Primary School,Government,Male,Division 1,0
d102,c102,s106,p132,Kayunga,Ntenjeru,2020,Nazigo,Bukamba,Kiswa RC Primary School,Government,Female,Division 1,0
d102,c102,s106,p132,Kayunga,Ntenjeru,2020,Nazigo,Bukamba,Kiswa RC Primary School,Government,Male,Division 2,4
d102,c102,s106,p132,Kayunga,Ntenjeru,2020,Nazigo,Bukamba,Kiswa RC Primary School,Government,Female,Division 2,4
d102,c102,s106,p132,Kayunga,Ntenjeru,2020,Nazigo,Bukamba,Kiswa RC Primary School,Government,Male,Division 3,5
d102,c102,s106,p132,Kayunga,Ntenjeru,2020,Nazigo,Bukamba,Kiswa RC Primary School,Government,Female,Division 3,4
d102,c102,s106,p132,Kayunga,Ntenjeru,2020,Nazigo,Bukamba,Kiswa RC Primary School,Government,Male,Division 4,4
d102,c102,s106,p132,Kayunga,Ntenjeru,2020,Nazigo,Bukamba,Kiswa RC Primary School,Government,Female,Division 4,5
d102,c102,s106,p132,Kayunga,Ntenjeru,2020,Nazigo,Bukamba,Kiswa RC Primary School,Government,Male,Division U,8
d102,c102,s106,p132,Kayunga,Ntenjeru,2020,Nazigo,Bukamba,Kiswa RC Primary School,Government,Female,Division U,9
d102,c102,s106,p132,Kayunga,Ntenjeru,2020,Nazigo,Bukamba,Kiswa RC Primary School,Government,Male,Division X,0
d102,c102,s106,p132,Kayunga,Ntenjeru,2020,Nazigo,Bukamba,Kiswa RC Primary School,Government,Female,Division X,1
d102,c102,s106,p137,Kayunga,Ntenjeru,2020,Nazigo,Kimanya,Kiziika CU Primary School,Government,Male,Division 1,2
d102,c102,s106,p137,Kayunga,Ntenjeru,2020,Nazigo,Kimanya,Kiziika CU Primary School,Government,Female,Division 1,0
d102,c102,s106,p137,Kayunga,Ntenjeru,2020,Nazigo,Kimanya,Kiziika CU Primary School,Government,Male,Division 2,10
d102,c102,s106,p137,Kayunga,Ntenjeru,2020,Nazigo,Kimanya,Kiziika CU Primary School,Government,Female,Division 2,6
d102,c102,s106,p137,Kayunga,Ntenjeru,2020,Nazigo,Kimanya,Kiziika CU Primary School,Government,Male,Division 3,6
d102,c102,s106,p137,Kayunga,Ntenjeru,2020,Nazigo,Kimanya,Kiziika CU Primary School,Government,Female,Division 3,7
d102,c102,s106,p137,Kayunga,Ntenjeru,2020,Nazigo,Kimanya,Kiziika CU Primary School,Government,Male,Division 4,4
d102,c102,s106,p137,Kayunga,Ntenjeru,2020,Nazigo,Kimanya,Kiziika CU Primary School,Government,Female,Division 4,4
d102,c102,s106,p137,Kayunga,Ntenjeru,2020,Nazigo,Kimanya,Kiziika CU Primary School,Government,Male,Division U,6
d102,c102,s106,p137,Kayunga,Ntenjeru,2020,Nazigo,Kimanya,Kiziika CU Primary School,Government,Female,Division U,5
d102,c102,s106,p137,Kayunga,Ntenjeru,2020,Nazigo,Kimanya,Kiziika CU Primary School,Government,Male,Division X,1
d102,c102,s106,p137,Kayunga,Ntenjeru,2020,Nazigo,Kimanya,Kiziika CU Primary School,Government,Female,Division X,1
d102,c102,s106,p134,Kayunga,Ntenjeru,2020,Nazigo,Nsiima,Kotwe Taqwa Islamic Primary School,Private,Male,Division 1,20
d102,c102,s106,p134,Kayunga,Ntenjeru,2020,Nazigo,Nsiima,Kotwe Taqwa Islamic Primary School,Private,Female,Division 1,13
d102,c102,s106,p134,Kayunga,Ntenjeru,2020,Nazigo,Nsiima,Kotwe Taqwa Islamic Primary School,Private,Male,Division 2,40
d102,c102,s106,p134,Kayunga,Ntenjeru,2020,Nazigo,Nsiima,Kotwe Taqwa Islamic Primary School,Private,Female,Division 2,22
d102,c102,s106,p134,Kayunga,Ntenjeru,2020,Nazigo,Nsiima,Kotwe Taqwa Islamic Primary School,Private,Male,Division 3,2
d102,c102,s106,p134,Kayunga,Ntenjeru,2020,Nazigo,Nsiima,Kotwe Taqwa Islamic Primary School,Private,Female,Division 3,1
d102,c102,s106,p134,Kayunga,Ntenjeru,2020,Nazigo,Nsiima,Kotwe Taqwa Islamic Primary School,Private,Male,Division 4,1
d102,c102,s106,p134,Kayunga,Ntenjeru,2020,Nazigo,Nsiima,Kotwe Taqwa Islamic Primary School,Private,Female,Division 4,1
d102,c102,s106,p134,Kayunga,Ntenjeru,2020,Nazigo,Nsiima,Kotwe Taqwa Islamic Primary School,Private,Male,Division U,0
d102,c102,s106,p134,Kayunga,Ntenjeru,2020,Nazigo,Nsiima,Kotwe Taqwa Islamic Primary School,Private,Female,Division U,0
d102,c102,s106,p134,Kayunga,Ntenjeru,2020,Nazigo,Nsiima,Kotwe Taqwa Islamic Primary School,Private,Male,Division X,0
d102,c102,s106,p134,Kayunga,Ntenjeru,2020,Nazigo,Nsiima,Kotwe Taqwa Islamic Primary School,Private,Female,Division X,2
d102,c102,s106,p138,Kayunga,Ntenjeru,2020,Nazigo,Nazigo,Kyampisi CU Primary School,Government,Male,Division 1,1
d102,c102,s106,p138,Kayunga,Ntenjeru,2020,Nazigo,Nazigo,Kyampisi CU Primary School,Government,Female,Division 1,0
d102,c102,s106,p138,Kayunga,Ntenjeru,2020,Nazigo,Nazigo,Kyampisi CU Primary School,Government,Male,Division 2,6
d102,c102,s106,p138,Kayunga,Ntenjeru,2020,Nazigo,Nazigo,Kyampisi CU Primary School,Government,Female,Division 2,13
d102,c102,s106,p138,Kayunga,Ntenjeru,2020,Nazigo,Nazigo,Kyampisi CU Primary School,Government,Male,Division 3,11
d102,c102,s106,p138,Kayunga,Ntenjeru,2020,Nazigo,Nazigo,Kyampisi CU Primary School,Government,Female,Division 3,7
d102,c102,s106,p138,Kayunga,Ntenjeru,2020,Nazigo,Nazigo,Kyampisi CU Primary School,Government,Male,Division 4,0
d102,c102,s106,p138,Kayunga,Ntenjeru,2020,Nazigo,Nazigo,Kyampisi CU Primary School,Government,Female,Division 4,0
d102,c102,s106,p138,Kayunga,Ntenjeru,2020,Nazigo,Nazigo,Kyampisi CU Primary School,Government,Male,Division U,0
d102,c102,s106,p138,Kayunga,Ntenjeru,2020,Nazigo,Nazigo,Kyampisi CU Primary School,Government,Female,Division U,0
d102,c102,s106,p138,Kayunga,Ntenjeru,2020,Nazigo,Nazigo,Kyampisi CU Primary School,Government,Male,Division X,0
d102,c102,s106,p138,Kayunga,Ntenjeru,2020,Nazigo,Nazigo,Kyampisi CU Primary School,Government,Female,Division X,0
d102,c102,s106,p138,Kayunga,Ntenjeru,2020,Nazigo,Nazigo,Magala RC Primary School,Government,Male,Division 1,0
d102,c102,s106,p138,Kayunga,Ntenjeru,2020,Nazigo,Nazigo,Magala RC Primary School,Government,Female,Division 1,1
d102,c102,s106,p138,Kayunga,Ntenjeru,2020,Nazigo,Nazigo,Magala RC Primary School,Government,Male,Division 2,10
d102,c102,s106,p138,Kayunga,Ntenjeru,2020,Nazigo,Nazigo,Magala RC Primary School,Government,Female,Division 2,6
d102,c102,s106,p138,Kayunga,Ntenjeru,2020,Nazigo,Nazigo,Magala RC Primary School,Government,Male,Division 3,3
d102,c102,s106,p138,Kayunga,Ntenjeru,2020,Nazigo,Nazigo,Magala RC Primary School,Government,Female,Division 3,7
d102,c102,s106,p138,Kayunga,Ntenjeru,2020,Nazigo,Nazigo,Magala RC Primary School,Government,Male,Division 4,7
d102,c102,s106,p138,Kayunga,Ntenjeru,2020,Nazigo,Nazigo,Magala RC Primary School,Government,Female,Division 4,5
d102,c102,s106,p138,Kayunga,Ntenjeru,2020,Nazigo,Nazigo,Magala RC Primary School,Government,Male,Division U,5
d102,c102,s106,p138,Kayunga,Ntenjeru,2020,Nazigo,Nazigo,Magala RC Primary School,Government,Female,Division U,13
d102,c102,s106,p138,Kayunga,Ntenjeru,2020,Nazigo,Nazigo,Magala RC Primary School,Government,Male,Division X,0
d102,c102,s106,p138,Kayunga,Ntenjeru,2020,Nazigo,Nazigo,Magala RC Primary School,Government,Female,Division X,0
d102,c102,s106,p134,Kayunga,Ntenjeru,2020,Nazigo,Nsiima,Musiitwa UMEA Primary School,Government,Male,Division 1,1
d102,c102,s106,p134,Kayunga,Ntenjeru,2020,Nazigo,Nsiima,Musiitwa UMEA Primary School,Government,Female,Division 1,2
d102,c102,s106,p134,Kayunga,Ntenjeru,2020,Nazigo,Nsiima,Musiitwa UMEA Primary School,Government,Male,Division 2,17
d102,c102,s106,p134,Kayunga,Ntenjeru,2020,Nazigo,Nsiima,Musiitwa UMEA Primary School,Government,Female,Division 2,27
d102,c102,s106,p134,Kayunga,Ntenjeru,2020,Nazigo,Nsiima,Musiitwa UMEA Primary School,Government,Male,Division 3,10
d102,c102,s106,p134,Kayunga,Ntenjeru,2020,Nazigo,Nsiima,Musiitwa UMEA Primary School,Government,Female,Division 3,16
d102,c102,s106,p134,Kayunga,Ntenjeru,2020,Nazigo,Nsiima,Musiitwa UMEA Primary School,Government,Male,Division 4,3
d102,c102,s106,p134,Kayunga,Ntenjeru,2020,Nazigo,Nsiima,Musiitwa UMEA Primary School,Government,Female,Division 4,9
d102,c102,s106,p134,Kayunga,Ntenjeru,2020,Nazigo,Nsiima,Musiitwa UMEA Primary School,Government,Male,Division U,1
d102,c102,s106,p134,Kayunga,Ntenjeru,2020,Nazigo,Nsiima,Musiitwa UMEA Primary School,Government,Female,Division U,5
d102,c102,s106,p134,Kayunga,Ntenjeru,2020,Nazigo,Nsiima,Musiitwa UMEA Primary School,Government,Male,Division X,1
d102,c102,s106,p134,Kayunga,Ntenjeru,2020,Nazigo,Nsiima,Musiitwa UMEA Primary School,Government,Female,Division X,2
d102,c102,s106,p135,Kayunga,Ntenjeru,2020,Nazigo,Katikanyonyi,Nakatooke RC Primary School,Government,Male,Division 1,0
d102,c102,s106,p135,Kayunga,Ntenjeru,2020,Nazigo,Katikanyonyi,Nakatooke RC Primary School,Government,Female,Division 1,0
d102,c102,s106,p135,Kayunga,Ntenjeru,2020,Nazigo,Katikanyonyi,Nakatooke RC Primary School,Government,Male,Division 2,0
d102,c102,s106,p135,Kayunga,Ntenjeru,2020,Nazigo,Katikanyonyi,Nakatooke RC Primary School,Government,Female,Division 2,2
d102,c102,s106,p135,Kayunga,Ntenjeru,2020,Nazigo,Katikanyonyi,Nakatooke RC Primary School,Government,Male,Division 3,3
d102,c102,s106,p135,Kayunga,Ntenjeru,2020,Nazigo,Katikanyonyi,Nakatooke RC Primary School,Government,Female,Division 3,2
d102,c102,s106,p135,Kayunga,Ntenjeru,2020,Nazigo,Katikanyonyi,Nakatooke RC Primary School,Government,Male,Division 4,3
d102,c102,s106,p135,Kayunga,Ntenjeru,2020,Nazigo,Katikanyonyi,Nakatooke RC Primary School,Government,Female,Division 4,3
d102,c102,s106,p135,Kayunga,Ntenjeru,2020,Nazigo,Katikanyonyi,Nakatooke RC Primary School,Government,Male,Division U,6
d102,c102,s106,p135,Kayunga,Ntenjeru,2020,Nazigo,Katikanyonyi,Nakatooke RC Primary School,Government,Female,Division U,5
d102,c102,s106,p135,Kayunga,Ntenjeru,2020,Nazigo,Katikanyonyi,Nakatooke RC Primary School,Government,Male,Division X,0
d102,c102,s106,p135,Kayunga,Ntenjeru,2020,Nazigo,Katikanyonyi,Nakatooke RC Primary School,Government,Female,Division X,1
d102,c102,s106,p136,Kayunga,Ntenjeru,2020,Nazigo,Natteta,Natteta CU Primary School,Government,Male,Division 1,0
d102,c102,s106,p136,Kayunga,Ntenjeru,2020,Nazigo,Natteta,Natteta CU Primary School,Government,Female,Division 1,0
d102,c102,s106,p136,Kayunga,Ntenjeru,2020,Nazigo,Natteta,Natteta CU Primary School,Government,Male,Division 2,2
d102,c102,s106,p136,Kayunga,Ntenjeru,2020,Nazigo,Natteta,Natteta CU Primary School,Government,Female,Division 2,3
d102,c102,s106,p136,Kayunga,Ntenjeru,2020,Nazigo,Natteta,Natteta CU Primary School,Government,Male,Division 3,7
d102,c102,s106,p136,Kayunga,Ntenjeru,2020,Nazigo,Natteta,Natteta CU Primary School,Government,Female,Division 3,2
d102,c102,s106,p136,Kayunga,Ntenjeru,2020,Nazigo,Natteta,Natteta CU Primary School,Government,Male,Division 4,6
d102,c102,s106,p136,Kayunga,Ntenjeru,2020,Nazigo,Natteta,Natteta CU Primary School,Government,Female,Division 4,5
d102,c102,s106,p136,Kayunga,Ntenjeru,2020,Nazigo,Natteta,Natteta CU Primary School,Government,Male,Division U,4
d102,c102,s106,p136,Kayunga,Ntenjeru,2020,Nazigo,Natteta,Natteta CU Primary School,Government,Female,Division U,18
d102,c102,s106,p136,Kayunga,Ntenjeru,2020,Nazigo,Natteta,Natteta CU Primary School,Government,Male,Division X,0
d102,c102,s106,p136,Kayunga,Ntenjeru,2020,Nazigo,Natteta,Natteta CU Primary School,Government,Female,Division X,0
d102,c102,s106,p136,Kayunga,Ntenjeru,2020,Nazigo,Natteta,Natteta Islamic Primary School,Private,Male,Division 1,1
d102,c102,s106,p136,Kayunga,Ntenjeru,2020,Nazigo,Natteta,Natteta Islamic Primary School,Private,Female,Division 1,0
d102,c102,s106,p136,Kayunga,Ntenjeru,2020,Nazigo,Natteta,Natteta Islamic Primary School,Private,Male,Division 2,4
d102,c102,s106,p136,Kayunga,Ntenjeru,2020,Nazigo,Natteta,Natteta Islamic Primary School,Private,Female,Division 2,8
d102,c102,s106,p136,Kayunga,Ntenjeru,2020,Nazigo,Natteta,Natteta Islamic Primary School,Private,Male,Division 3,6
d102,c102,s106,p136,Kayunga,Ntenjeru,2020,Nazigo,Natteta,Natteta Islamic Primary School,Private,Female,Division 3,7
d102,c102,s106,p136,Kayunga,Ntenjeru,2020,Nazigo,Natteta,Natteta Islamic Primary School,Private,Male,Division 4,2
d102,c102,s106,p136,Kayunga,Ntenjeru,2020,Nazigo,Natteta,Natteta Islamic Primary School,Private,Female,Division 4,0
d102,c102,s106,p136,Kayunga,Ntenjeru,2020,Nazigo,Natteta,Natteta Islamic Primary School,Private,Male,Division U,0
d102,c102,s106,p136,Kayunga,Ntenjeru,2020,Nazigo,Natteta,Natteta Islamic Primary School,Private,Female,Division U,0
d102,c102,s106,p136,Kayunga,Ntenjeru,2020,Nazigo,Natteta,Natteta Islamic Primary School,Private,Male,Division X,0
d102,c102,s106,p136,Kayunga,Ntenjeru,2020,Nazigo,Natteta,Natteta Islamic Primary School,Private,Female,Division X,1
d102,c102,s106,p138,Kayunga,Ntenjeru,2020,Nazigo,Nazigo,Nazigo Demonstration Primary School,Government,Male,Division 1,0
d102,c102,s106,p138,Kayunga,Ntenjeru,2020,Nazigo,Nazigo,Nazigo Demonstration Primary School,Government,Female,Division 1,0
d102,c102,s106,p138,Kayunga,Ntenjeru,2020,Nazigo,Nazigo,Nazigo Demonstration Primary School,Government,Male,Division 2,10
d102,c102,s106,p138,Kayunga,Ntenjeru,2020,Nazigo,Nazigo,Nazigo Demonstration Primary School,Government,Female,Division 2,7
d102,c102,s106,p138,Kayunga,Ntenjeru,2020,Nazigo,Nazigo,Nazigo Demonstration Primary School,Government,Male,Division 3,4
d102,c102,s106,p138,Kayunga,Ntenjeru,2020,Nazigo,Nazigo,Nazigo Demonstration Primary School,Government,Female,Division 3,3
d102,c102,s106,p138,Kayunga,Ntenjeru,2020,Nazigo,Nazigo,Nazigo Demonstration Primary School,Government,Male,Division 4,3
d102,c102,s106,p138,Kayunga,Ntenjeru,2020,Nazigo,Nazigo,Nazigo Demonstration Primary School,Government,Female,Division 4,1
d102,c102,s106,p138,Kayunga,Ntenjeru,2020,Nazigo,Nazigo,Nazigo Demonstration Primary School,Government,Male,Division U,6
d102,c102,s106,p138,Kayunga,Ntenjeru,2020,Nazigo,Nazigo,Nazigo Demonstration Primary School,Government,Female,Division U,5
d102,c102,s106,p138,Kayunga,Ntenjeru,2020,Nazigo,Nazigo,Nazigo Demonstration Primary School,Government,Male,Division X,2
d102,c102,s106,p138,Kayunga,Ntenjeru,2020,Nazigo,Nazigo,Nazigo Demonstration Primary School,Government,Female,Division X,2
d102,c102,s106,p138,Kayunga,Ntenjeru,2020,Nazigo,Nazigo,Nazigo Noor Primary School,Private,Male,Division 1,
d102,c102,s106,p138,Kayunga,Ntenjeru,2020,Nazigo,Nazigo,Nazigo Noor Primary School,Private,Female,Division 1,
d102,c102,s106,p138,Kayunga,Ntenjeru,2020,Nazigo,Nazigo,Nazigo Noor Primary School,Private,Male,Division 2,
d102,c102,s106,p138,Kayunga,Ntenjeru,2020,Nazigo,Nazigo,Nazigo Noor Primary School,Private,Female,Division 2,
d102,c102,s106,p138,Kayunga,Ntenjeru,2020,Nazigo,Nazigo,Nazigo Noor Primary School,Private,Male,Division 3,
d102,c102,s106,p138,Kayunga,Ntenjeru,2020,Nazigo,Nazigo,Nazigo Noor Primary School,Private,Female,Division 3,
d102,c102,s106,p138,Kayunga,Ntenjeru,2020,Nazigo,Nazigo,Nazigo Noor Primary School,Private,Male,Division 4,
d102,c102,s106,p138,Kayunga,Ntenjeru,2020,Nazigo,Nazigo,Nazigo Noor Primary School,Private,Female,Division 4,
d102,c102,s106,p138,Kayunga,Ntenjeru,2020,Nazigo,Nazigo,Nazigo Noor Primary School,Private,Male,Division U,
d102,c102,s106,p138,Kayunga,Ntenjeru,2020,Nazigo,Nazigo,Nazigo Noor Primary School,Private,Female,Division U,
d102,c102,s106,p138,Kayunga,Ntenjeru,2020,Nazigo,Nazigo,Nazigo Noor Primary School,Private,Male,Division X,
d102,c102,s106,p138,Kayunga,Ntenjeru,2020,Nazigo,Nazigo,Nazigo Noor Primary School,Private,Female,Division X,
d102,c102,s106,p134,Kayunga,Ntenjeru,2020,Nazigo,Nsiima,Nazigo RC Primary School,Government,Male,Division 1,1
d102,c102,s106,p134,Kayunga,Ntenjeru,2020,Nazigo,Nsiima,Nazigo RC Primary School,Government,Female,Division 1,0
d102,c102,s106,p134,Kayunga,Ntenjeru,2020,Nazigo,Nsiima,Nazigo RC Primary School,Government,Male,Division 2,50
d102,c102,s106,p134,Kayunga,Ntenjeru,2020,Nazigo,Nsiima,Nazigo RC Primary School,Government,Female,Division 2,32
d102,c102,s106,p134,Kayunga,Ntenjeru,2020,Nazigo,Nsiima,Nazigo RC Primary School,Government,Male,Division 3,16
d102,c102,s106,p134,Kayunga,Ntenjeru,2020,Nazigo,Nsiima,Nazigo RC Primary School,Government,Female,Division 3,16
d102,c102,s106,p134,Kayunga,Ntenjeru,2020,Nazigo,Nsiima,Nazigo RC Primary School,Government,Male,Division 4,10
d102,c102,s106,p134,Kayunga,Ntenjeru,2020,Nazigo,Nsiima,Nazigo RC Primary School,Government,Female,Division 4,8
d102,c102,s106,p134,Kayunga,Ntenjeru,2020,Nazigo,Nsiima,Nazigo RC Primary School,Government,Male,Division U,1
d102,c102,s106,p134,Kayunga,Ntenjeru,2020,Nazigo,Nsiima,Nazigo RC Primary School,Government,Female,Division U,3
d102,c102,s106,p134,Kayunga,Ntenjeru,2020,Nazigo,Nsiima,Nazigo RC Primary School,Government,Male,Division X,0
d102,c102,s106,p134,Kayunga,Ntenjeru,2020,Nazigo,Nsiima,Nazigo RC Primary School,Government,Female,Division X,0
d102,c102,s106,p134,Kayunga,Ntenjeru,2020,Nazigo,Nsiima,Nsiima CU Primary School,Government,Male,Division 1,0
d102,c102,s106,p134,Kayunga,Ntenjeru,2020,Nazigo,Nsiima,Nsiima CU Primary School,Government,Female,Division 1,0
d102,c102,s106,p134,Kayunga,Ntenjeru,2020,Nazigo,Nsiima,Nsiima CU Primary School,Government,Male,Division 2,2
d102,c102,s106,p134,Kayunga,Ntenjeru,2020,Nazigo,Nsiima,Nsiima CU Primary School,Government,Female,Division 2,1
d102,c102,s106,p134,Kayunga,Ntenjeru,2020,Nazigo,Nsiima,Nsiima CU Primary School,Government,Male,Division 3,4
d102,c102,s106,p134,Kayunga,Ntenjeru,2020,Nazigo,Nsiima,Nsiima CU Primary School,Government,Female,Division 3,2
d102,c102,s106,p134,Kayunga,Ntenjeru,2020,Nazigo,Nsiima,Nsiima CU Primary School,Government,Male,Division 4,2
d102,c102,s106,p134,Kayunga,Ntenjeru,2020,Nazigo,Nsiima,Nsiima CU Primary School,Government,Female,Division 4,2
d102,c102,s106,p134,Kayunga,Ntenjeru,2020,Nazigo,Nsiima,Nsiima CU Primary School,Government,Male,Division U,8
d102,c102,s106,p134,Kayunga,Ntenjeru,2020,Nazigo,Nsiima,Nsiima CU Primary School,Government,Female,Division U,6
d102,c102,s106,p134,Kayunga,Ntenjeru,2020,Nazigo,Nsiima,Nsiima CU Primary School,Government,Male,Division X,1
d102,c102,s106,p134,Kayunga,Ntenjeru,2020,Nazigo,Nsiima,Nsiima CU Primary School,Government,Female,Division X,1
d102,c102,s106,p136,Kayunga,Ntenjeru,2020,Nazigo,Natteta,St Anthony Junior School Nazigo,Private,Male,Division 1,0
d102,c102,s106,p136,Kayunga,Ntenjeru,2020,Nazigo,Natteta,St Anthony Junior School Nazigo,Private,Female,Division 1,0
d102,c102,s106,p136,Kayunga,Ntenjeru,2020,Nazigo,Natteta,St Anthony Junior School Nazigo,Private,Male,Division 2,6
d102,c102,s106,p136,Kayunga,Ntenjeru,2020,Nazigo,Natteta,St Anthony Junior School Nazigo,Private,Female,Division 2,5
d102,c102,s106,p136,Kayunga,Ntenjeru,2020,Nazigo,Natteta,St Anthony Junior School Nazigo,Private,Male,Division 3,10
d102,c102,s106,p136,Kayunga,Ntenjeru,2020,Nazigo,Natteta,St Anthony Junior School Nazigo,Private,Female,Division 3,6
d102,c102,s106,p136,Kayunga,Ntenjeru,2020,Nazigo,Natteta,St Anthony Junior School Nazigo,Private,Male,Division 4,5
d102,c102,s106,p136,Kayunga,Ntenjeru,2020,Nazigo,Natteta,St Anthony Junior School Nazigo,Private,Female,Division 4,3
d102,c102,s106,p136,Kayunga,Ntenjeru,2020,Nazigo,Natteta,St Anthony Junior School Nazigo,Private,Male,Division U,4
d102,c102,s106,p136,Kayunga,Ntenjeru,2020,Nazigo,Natteta,St Anthony Junior School Nazigo,Private,Female,Division U,6
d102,c102,s106,p136,Kayunga,Ntenjeru,2020,Nazigo,Natteta,St Anthony Junior School Nazigo,Private,Male,Division X,0
d102,c102,s106,p136,Kayunga,Ntenjeru,2020,Nazigo,Natteta,St Anthony Junior School Nazigo,Private,Female,Division X,0
d102,c102,s106,p136,Kayunga,Ntenjeru,2020,Nazigo,Natteta,Wabirongo CU Primary School,Government,Male,Division 1,1
d102,c102,s106,p136,Kayunga,Ntenjeru,2020,Nazigo,Natteta,Wabirongo CU Primary School,Government,Female,Division 1,1
d102,c102,s106,p136,Kayunga,Ntenjeru,2020,Nazigo,Natteta,Wabirongo CU Primary School,Government,Male,Division 2,9
d102,c102,s106,p136,Kayunga,Ntenjeru,2020,Nazigo,Natteta,Wabirongo CU Primary School,Government,Female,Division 2,7
d102,c102,s106,p136,Kayunga,Ntenjeru,2020,Nazigo,Natteta,Wabirongo CU Primary School,Government,Male,Division 3,5
d102,c102,s106,p136,Kayunga,Ntenjeru,2020,Nazigo,Natteta,Wabirongo CU Primary School,Government,Female,Division 3,4
d102,c102,s106,p136,Kayunga,Ntenjeru,2020,Nazigo,Natteta,Wabirongo CU Primary School,Government,Male,Division 4,1
d102,c102,s106,p136,Kayunga,Ntenjeru,2020,Nazigo,Natteta,Wabirongo CU Primary School,Government,Female,Division 4,1
d102,c102,s106,p136,Kayunga,Ntenjeru,2020,Nazigo,Natteta,Wabirongo CU Primary School,Government,Male,Division U,3
d102,c102,s106,p136,Kayunga,Ntenjeru,2020,Nazigo,Natteta,Wabirongo CU Primary School,Government,Female,Division U,2
d102,c102,s106,p136,Kayunga,Ntenjeru,2020,Nazigo,Natteta,Wabirongo CU Primary School,Government,Male,Division X,0
d102,c102,s106,p136,Kayunga,Ntenjeru,2020,Nazigo,Natteta,Wabirongo CU Primary School,Government,Female,Division X,1
d102,c102,s107,p131,Kayunga,Ntenjeru,2020,Kangulumira,Seeta Nyiize,All Saints Nakirubi CU Primary School,Government,Male,Division 1,1
d102,c102,s107,p131,Kayunga,Ntenjeru,2020,Kangulumira,Seeta Nyiize,All Saints Nakirubi CU Primary School,Government,Female,Division 1,1
d102,c102,s107,p131,Kayunga,Ntenjeru,2020,Kangulumira,Seeta Nyiize,All Saints Nakirubi CU Primary School,Government,Male,Division 2,12
d102,c102,s107,p131,Kayunga,Ntenjeru,2020,Kangulumira,Seeta Nyiize,All Saints Nakirubi CU Primary School,Government,Female,Division 2,10
d102,c102,s107,p131,Kayunga,Ntenjeru,2020,Kangulumira,Seeta Nyiize,All Saints Nakirubi CU Primary School,Government,Male,Division 3,8
d102,c102,s107,p131,Kayunga,Ntenjeru,2020,Kangulumira,Seeta Nyiize,All Saints Nakirubi CU Primary School,Government,Female,Division 3,6
d102,c102,s107,p131,Kayunga,Ntenjeru,2020,Kangulumira,Seeta Nyiize,All Saints Nakirubi CU Primary School,Government,Male,Division 4,2
d102,c102,s107,p131,Kayunga,Ntenjeru,2020,Kangulumira,Seeta Nyiize,All Saints Nakirubi CU Primary School,Government,Female,Division 4,1
d102,c102,s107,p131,Kayunga,Ntenjeru,2020,Kangulumira,Seeta Nyiize,All Saints Nakirubi CU Primary School,Government,Male,Division U,5
d102,c102,s107,p131,Kayunga,Ntenjeru,2020,Kangulumira,Seeta Nyiize,All Saints Nakirubi CU Primary School,Government,Female,Division U,6
d102,c102,s107,p131,Kayunga,Ntenjeru,2020,Kangulumira,Seeta Nyiize,All Saints Nakirubi CU Primary School,Government,Male,Division X,0
d102,c102,s107,p131,Kayunga,Ntenjeru,2020,Kangulumira,Seeta Nyiize,All Saints Nakirubi CU Primary School,Government,Female,Division X,0
d102,c102,s107,p130,Kayunga,Ntenjeru,2020,Kangulumira,Kawomya,Bukeeka CU Primary School,Government,Male,Division 1,9
d102,c102,s107,p130,Kayunga,Ntenjeru,2020,Kangulumira,Kawomya,Bukeeka CU Primary School,Government,Female,Division 1,6
d102,c102,s107,p130,Kayunga,Ntenjeru,2020,Kangulumira,Kawomya,Bukeeka CU Primary School,Government,Male,Division 2,20
d102,c102,s107,p130,Kayunga,Ntenjeru,2020,Kangulumira,Kawomya,Bukeeka CU Primary School,Government,Female,Division 2,31
d102,c102,s107,p130,Kayunga,Ntenjeru,2020,Kangulumira,Kawomya,Bukeeka CU Primary School,Government,Male,Division 3,10
d102,c102,s107,p130,Kayunga,Ntenjeru,2020,Kangulumira,Kawomya,Bukeeka CU Primary School,Government,Female,Division 3,7
d102,c102,s107,p130,Kayunga,Ntenjeru,2020,Kangulumira,Kawomya,Bukeeka CU Primary School,Government,Male,Division 4,3
d102,c102,s107,p130,Kayunga,Ntenjeru,2020,Kangulumira,Kawomya,Bukeeka CU Primary School,Government,Female,Division 4,3
d102,c102,s107,p130,Kayunga,Ntenjeru,2020,Kangulumira,Kawomya,Bukeeka CU Primary School,Government,Male,Division U,0
d102,c102,s107,p130,Kayunga,Ntenjeru,2020,Kangulumira,Kawomya,Bukeeka CU Primary School,Government,Female,Division U,2
d102,c102,s107,p130,Kayunga,Ntenjeru,2020,Kangulumira,Kawomya,Bukeeka CU Primary School,Government,Male,Division X,1
d102,c102,s107,p130,Kayunga,Ntenjeru,2020,Kangulumira,Kawomya,Bukeeka CU Primary School,Government,Female,Division X,1
d102,c102,s107,p130,Kayunga,Ntenjeru,2020,Kangulumira,Kawomya,Fountain of Hope Primary School,Private,Male,Division 1,16
d102,c102,s107,p130,Kayunga,Ntenjeru,2020,Kangulumira,Kawomya,Fountain of Hope Primary School,Private,Female,Division 1,14
d102,c102,s107,p130,Kayunga,Ntenjeru,2020,Kangulumira,Kawomya,Fountain of Hope Primary School,Private,Male,Division 2,20
d102,c102,s107,p130,Kayunga,Ntenjeru,2020,Kangulumira,Kawomya,Fountain of Hope Primary School,Private,Female,Division 2,19
d102,c102,s107,p130,Kayunga,Ntenjeru,2020,Kangulumira,Kawomya,Fountain of Hope Primary School,Private,Male,Division 3,1
d102,c102,s107,p130,Kayunga,Ntenjeru,2020,Kangulumira,Kawomya,Fountain of Hope Primary School,Private,Female,Division 3,0
d102,c102,s107,p130,Kayunga,Ntenjeru,2020,Kangulumira,Kawomya,Fountain of Hope Primary School,Private,Male,Division 4,0
d102,c102,s107,p130,Kayunga,Ntenjeru,2020,Kangulumira,Kawomya,Fountain of Hope Primary School,Private,Female,Division 4,0
d102,c102,s107,p130,Kayunga,Ntenjeru,2020,Kangulumira,Kawomya,Fountain of Hope Primary School,Private,Male,Division U,0
d102,c102,s107,p130,Kayunga,Ntenjeru,2020,Kangulumira,Kawomya,Fountain of Hope Primary School,Private,Female,Division U,0
d102,c102,s107,p130,Kayunga,Ntenjeru,2020,Kangulumira,Kawomya,Fountain of Hope Primary School,Private,Male,Division X,0
d102,c102,s107,p130,Kayunga,Ntenjeru,2020,Kangulumira,Kawomya,Fountain of Hope Primary School,Private,Female,Division X,0
d102,c102,s107,p129,Kayunga,Ntenjeru,2020,Kangulumira,Kikwanya,Kimooli UMEA Primary School,Government,Male,Division 1,1
d102,c102,s107,p129,Kayunga,Ntenjeru,2020,Kangulumira,Kikwanya,Kimooli UMEA Primary School,Government,Female,Division 1,0
d102,c102,s107,p129,Kayunga,Ntenjeru,2020,Kangulumira,Kikwanya,Kimooli UMEA Primary School,Government,Male,Division 2,15
d102,c102,s107,p129,Kayunga,Ntenjeru,2020,Kangulumira,Kikwanya,Kimooli UMEA Primary School,Government,Female,Division 2,13
d102,c102,s107,p129,Kayunga,Ntenjeru,2020,Kangulumira,Kikwanya,Kimooli UMEA Primary School,Government,Male,Division 3,10
d102,c102,s107,p129,Kayunga,Ntenjeru,2020,Kangulumira,Kikwanya,Kimooli UMEA Primary School,Government,Female,Division 3,7
d102,c102,s107,p129,Kayunga,Ntenjeru,2020,Kangulumira,Kikwanya,Kimooli UMEA Primary School,Government,Male,Division 4,12
d102,c102,s107,p129,Kayunga,Ntenjeru,2020,Kangulumira,Kikwanya,Kimooli UMEA Primary School,Government,Female,Division 4,13
d102,c102,s107,p129,Kayunga,Ntenjeru,2020,Kangulumira,Kikwanya,Kimooli UMEA Primary School,Government,Male,Division U,10
d102,c102,s107,p129,Kayunga,Ntenjeru,2020,Kangulumira,Kikwanya,Kimooli UMEA Primary School,Government,Female,Division U,7
d102,c102,s107,p129,Kayunga,Ntenjeru,2020,Kangulumira,Kikwanya,Kimooli UMEA Primary School,Government,Male,Division X,0
d102,c102,s107,p129,Kayunga,Ntenjeru,2020,Kangulumira,Kikwanya,Kimooli UMEA Primary School,Government,Female,Division X,0
d102,c102,s107,p130,Kayunga,Ntenjeru,2020,Kangulumira,Kawomya,Kungu CU Primary School,Government,Male,Division 1,0
d102,c102,s107,p130,Kayunga,Ntenjeru,2020,Kangulumira,Kawomya,Kungu CU Primary School,Government,Female,Division 1,0
d102,c102,s107,p130,Kayunga,Ntenjeru,2020,Kangulumira,Kawomya,Kungu CU Primary School,Government,Male,Division 2,1
d102,c102,s107,p130,Kayunga,Ntenjeru,2020,Kangulumira,Kawomya,Kungu CU Primary School,Government,Female,Division 2,1
d102,c102,s107,p130,Kayunga,Ntenjeru,2020,Kangulumira,Kawomya,Kungu CU Primary School,Government,Male,Division 3,1
d102,c102,s107,p130,Kayunga,Ntenjeru,2020,Kangulumira,Kawomya,Kungu CU Primary School,Government,Female,Division 3,1
d102,c102,s107,p130,Kayunga,Ntenjeru,2020,Kangulumira,Kawomya,Kungu CU Primary School,Government,Male,Division 4,7
d102,c102,s107,p130,Kayunga,Ntenjeru,2020,Kangulumira,Kawomya,Kungu CU Primary School,Government,Female,Division 4,3
d102,c102,s107,p130,Kayunga,Ntenjeru,2020,Kangulumira,Kawomya,Kungu CU Primary School,Government,Male,Division U,5
d102,c102,s107,p130,Kayunga,Ntenjeru,2020,Kangulumira,Kawomya,Kungu CU Primary School,Government,Female,Division U,4
d102,c102,s107,p130,Kayunga,Ntenjeru,2020,Kangulumira,Kawomya,Kungu CU Primary School,Government,Male,Division X,1
d102,c102,s107,p130,Kayunga,Ntenjeru,2020,Kangulumira,Kawomya,Kungu CU Primary School,Government,Female,Division X,0
d102,c102,s107,p130,Kayunga,Ntenjeru,2020,Kangulumira,Kawomya,Maligita Primary School,Government,Male,Division 1,0
d102,c102,s107,p130,Kayunga,Ntenjeru,2020,Kangulumira,Kawomya,Maligita Primary School,Government,Female,Division 1,0
d102,c102,s107,p130,Kayunga,Ntenjeru,2020,Kangulumira,Kawomya,Maligita Primary School,Government,Male,Division 2,1
d102,c102,s107,p130,Kayunga,Ntenjeru,2020,Kangulumira,Kawomya,Maligita Primary School,Government,Female,Division 2,5
d102,c102,s107,p130,Kayunga,Ntenjeru,2020,Kangulumira,Kawomya,Maligita Primary School,Government,Male,Division 3,7
d102,c102,s107,p130,Kayunga,Ntenjeru,2020,Kangulumira,Kawomya,Maligita Primary School,Government,Female,Division 3,9
d102,c102,s107,p130,Kayunga,Ntenjeru,2020,Kangulumira,Kawomya,Maligita Primary School,Government,Male,Division 4,5
d102,c102,s107,p130,Kayunga,Ntenjeru,2020,Kangulumira,Kawomya,Maligita Primary School,Government,Female,Division 4,8
d102,c102,s107,p130,Kayunga,Ntenjeru,2020,Kangulumira,Kawomya,Maligita Primary School,Government,Male,Division U,0
d102,c102,s107,p130,Kayunga,Ntenjeru,2020,Kangulumira,Kawomya,Maligita Primary School,Government,Female,Division U,0
d102,c102,s107,p130,Kayunga,Ntenjeru,2020,Kangulumira,Kawomya,Maligita Primary School,Government,Male,Division X,11
d102,c102,s107,p130,Kayunga,Ntenjeru,2020,Kangulumira,Kawomya,Maligita Primary School,Government,Female,Division X,7
d102,c102,s107,p131,Kayunga,Ntenjeru,2020,Kangulumira,Seeta Nyiize,Nyiize CU Primary School,Government,Male,Division 1,3
d102,c102,s107,p131,Kayunga,Ntenjeru,2020,Kangulumira,Seeta Nyiize,Nyiize CU Primary School,Government,Female,Division 1,5
d102,c102,s107,p131,Kayunga,Ntenjeru,2020,Kangulumira,Seeta Nyiize,Nyiize CU Primary School,Government,Male,Division 2,19
d102,c102,s107,p131,Kayunga,Ntenjeru,2020,Kangulumira,Seeta Nyiize,Nyiize CU Primary School,Government,Female,Division 2,17
d102,c102,s107,p131,Kayunga,Ntenjeru,2020,Kangulumira,Seeta Nyiize,Nyiize CU Primary School,Government,Male,Division 3,3
d102,c102,s107,p131,Kayunga,Ntenjeru,2020,Kangulumira,Seeta Nyiize,Nyiize CU Primary School,Government,Female,Division 3,5
d102,c102,s107,p131,Kayunga,Ntenjeru,2020,Kangulumira,Seeta Nyiize,Nyiize CU Primary School,Government,Male,Division 4,5
d102,c102,s107,p131,Kayunga,Ntenjeru,2020,Kangulumira,Seeta Nyiize,Nyiize CU Primary School,Government,Female,Division 4,5
d102,c102,s107,p131,Kayunga,Ntenjeru,2020,Kangulumira,Seeta Nyiize,Nyiize CU Primary School,Government,Male,Division U,0
d102,c102,s107,p131,Kayunga,Ntenjeru,2020,Kangulumira,Seeta Nyiize,Nyiize CU Primary School,Government,Female,Division U,0
d102,c102,s107,p131,Kayunga,Ntenjeru,2020,Kangulumira,Seeta Nyiize,Nyiize CU Primary School,Government,Male,Division X,4
d102,c102,s107,p131,Kayunga,Ntenjeru,2020,Kangulumira,Seeta Nyiize,Nyiize CU Primary School,Government,Female,Division X,1
d102,c102,s107,p131,Kayunga,Ntenjeru,2020,Kangulumira,Seeta Nyiize,Nyiize RC Primary School,Government,Male,Division 1,0
d102,c102,s107,p131,Kayunga,Ntenjeru,2020,Kangulumira,Seeta Nyiize,Nyiize RC Primary School,Government,Female,Division 1,0
d102,c102,s107,p131,Kayunga,Ntenjeru,2020,Kangulumira,Seeta Nyiize,Nyiize RC Primary School,Government,Male,Division 2,6
d102,c102,s107,p131,Kayunga,Ntenjeru,2020,Kangulumira,Seeta Nyiize,Nyiize RC Primary School,Government,Female,Division 2,5
d102,c102,s107,p131,Kayunga,Ntenjeru,2020,Kangulumira,Seeta Nyiize,Nyiize RC Primary School,Government,Male,Division 3,4
d102,c102,s107,p131,Kayunga,Ntenjeru,2020,Kangulumira,Seeta Nyiize,Nyiize RC Primary School,Government,Female,Division 3,4
d102,c102,s107,p131,Kayunga,Ntenjeru,2020,Kangulumira,Seeta Nyiize,Nyiize RC Primary School,Government,Male,Division 4,8
d102,c102,s107,p131,Kayunga,Ntenjeru,2020,Kangulumira,Seeta Nyiize,Nyiize RC Primary School,Government,Female,Division 4,7
d102,c102,s107,p131,Kayunga,Ntenjeru,2020,Kangulumira,Seeta Nyiize,Nyiize RC Primary School,Government,Male,Division U,8
d102,c102,s107,p131,Kayunga,Ntenjeru,2020,Kangulumira,Seeta Nyiize,Nyiize RC Primary School,Government,Female,Division U,4
d102,c102,s107,p131,Kayunga,Ntenjeru,2020,Kangulumira,Seeta Nyiize,Nyiize RC Primary School,Government,Male,Division X,1
d102,c102,s107,p131,Kayunga,Ntenjeru,2020,Kangulumira,Seeta Nyiize,Nyiize RC Primary School,Government,Female,Division X,0
d102,c102,s108,p107,Kayunga,Ntenjeru,2020,Kayunga,Bukujju,Bukujju UMEA Primary School,Government,Male,Division 1,0
d102,c102,s108,p107,Kayunga,Ntenjeru,2020,Kayunga,Bukujju,Bukujju UMEA Primary School,Government,Female,Division 1,0
d102,c102,s108,p107,Kayunga,Ntenjeru,2020,Kayunga,Bukujju,Bukujju UMEA Primary School,Government,Male,Division 2,2
d102,c102,s108,p107,Kayunga,Ntenjeru,2020,Kayunga,Bukujju,Bukujju UMEA Primary School,Government,Female,Division 2,2
d102,c102,s108,p107,Kayunga,Ntenjeru,2020,Kayunga,Bukujju,Bukujju UMEA Primary School,Government,Male,Division 3,2
d102,c102,s108,p107,Kayunga,Ntenjeru,2020,Kayunga,Bukujju,Bukujju UMEA Primary School,Government,Female,Division 3,0
d102,c102,s108,p107,Kayunga,Ntenjeru,2020,Kayunga,Bukujju,Bukujju UMEA Primary School,Government,Male,Division 4,4
d102,c102,s108,p107,Kayunga,Ntenjeru,2020,Kayunga,Bukujju,Bukujju UMEA Primary School,Government,Female,Division 4,4
d102,c102,s108,p107,Kayunga,Ntenjeru,2020,Kayunga,Bukujju,Bukujju UMEA Primary School,Government,Male,Division U,8
d102,c102,s108,p107,Kayunga,Ntenjeru,2020,Kayunga,Bukujju,Bukujju UMEA Primary School,Government,Female,Division U,7
d102,c102,s108,p107,Kayunga,Ntenjeru,2020,Kayunga,Bukujju,Bukujju UMEA Primary School,Government,Male,Division X,2
d102,c102,s108,p107,Kayunga,Ntenjeru,2020,Kayunga,Bukujju,Bukujju UMEA Primary School,Government,Female,Division X,2
d102,c102,s108,p102,Kayunga,Ntenjeru,2020,Kayunga,Busaale,Busaale CU Primary School,Government,Male,Division 1,2
d102,c102,s108,p102,Kayunga,Ntenjeru,2020,Kayunga,Busaale,Busaale CU Primary School,Government,Female,Division 1,0
d102,c102,s108,p102,Kayunga,Ntenjeru,2020,Kayunga,Busaale,Busaale CU Primary School,Government,Male,Division 2,2
d102,c102,s108,p102,Kayunga,Ntenjeru,2020,Kayunga,Busaale,Busaale CU Primary School,Government,Female,Division 2,5
d102,c102,s108,p102,Kayunga,Ntenjeru,2020,Kayunga,Busaale,Busaale CU Primary School,Government,Male,Division 3,6
d102,c102,s108,p102,Kayunga,Ntenjeru,2020,Kayunga,Busaale,Busaale CU Primary School,Government,Female,Division 3,4
d102,c102,s108,p102,Kayunga,Ntenjeru,2020,Kayunga,Busaale,Busaale CU Primary School,Government,Male,Division 4,6
d102,c102,s108,p102,Kayunga,Ntenjeru,2020,Kayunga,Busaale,Busaale CU Primary School,Government,Female,Division 4,4
d102,c102,s108,p102,Kayunga,Ntenjeru,2020,Kayunga,Busaale,Busaale CU Primary School,Government,Male,Division U,1
d102,c102,s108,p102,Kayunga,Ntenjeru,2020,Kayunga,Busaale,Busaale CU Primary School,Government,Female,Division U,11
d102,c102,s108,p102,Kayunga,Ntenjeru,2020,Kayunga,Busaale,Busaale CU Primary School,Government,Male,Division X,0
d102,c102,s108,p102,Kayunga,Ntenjeru,2020,Kayunga,Busaale,Busaale CU Primary School,Government,Female,Division X,1
d102,c102,s108,p105,Kayunga,Ntenjeru,2020,Kayunga,Buyobe,Buwungiro Primary School,Government,Male,Division 1,0
d102,c102,s108,p105,Kayunga,Ntenjeru,2020,Kayunga,Buyobe,Buwungiro Primary School,Government,Female,Division 1,0
d102,c102,s108,p105,Kayunga,Ntenjeru,2020,Kayunga,Buyobe,Buwungiro Primary School,Government,Male,Division 2,1
d102,c102,s108,p105,Kayunga,Ntenjeru,2020,Kayunga,Buyobe,Buwungiro Primary School,Government,Female,Division 2,0
d102,c102,s108,p105,Kayunga,Ntenjeru,2020,Kayunga,Buyobe,Buwungiro Primary School,Government,Male,Division 3,4
d102,c102,s108,p105,Kayunga,Ntenjeru,2020,Kayunga,Buyobe,Buwungiro Primary School,Government,Female,Division 3,2
d102,c102,s108,p105,Kayunga,Ntenjeru,2020,Kayunga,Buyobe,Buwungiro Primary School,Government,Male,Division 4,0
d102,c102,s108,p105,Kayunga,Ntenjeru,2020,Kayunga,Buyobe,Buwungiro Primary School,Government,Female,Division 4,0
d102,c102,s108,p105,Kayunga,Ntenjeru,2020,Kayunga,Buyobe,Buwungiro Primary School,Government,Male,Division U,9
d102,c102,s108,p105,Kayunga,Ntenjeru,2020,Kayunga,Buyobe,Buwungiro Primary School,Government,Female,Division U,11
d102,c102,s108,p105,Kayunga,Ntenjeru,2020,Kayunga,Buyobe,Buwungiro Primary School,Government,Male,Division X,0
d102,c102,s108,p105,Kayunga,Ntenjeru,2020,Kayunga,Buyobe,Buwungiro Primary School,Government,Female,Division X,0
d102,c102,s108,p103,Kayunga,Ntenjeru,2020,Kayunga,Bukolooto,Bwetyaba RC Primary School,Government,Male,Division 1,1
d102,c102,s108,p103,Kayunga,Ntenjeru,2020,Kayunga,Bukolooto,Bwetyaba RC Primary School,Government,Female,Division 1,2
d102,c102,s108,p103,Kayunga,Ntenjeru,2020,Kayunga,Bukolooto,Bwetyaba RC Primary School,Government,Male,Division 2,22
d102,c102,s108,p103,Kayunga,Ntenjeru,2020,Kayunga,Bukolooto,Bwetyaba RC Primary School,Government,Female,Division 2,23
d102,c102,s108,p103,Kayunga,Ntenjeru,2020,Kayunga,Bukolooto,Bwetyaba RC Primary School,Government,Male,Division 3,0
d102,c102,s108,p103,Kayunga,Ntenjeru,2020,Kayunga,Bukolooto,Bwetyaba RC Primary School,Government,Female,Division 3,2
d102,c102,s108,p103,Kayunga,Ntenjeru,2020,Kayunga,Bukolooto,Bwetyaba RC Primary School,Government,Male,Division 4,1
d102,c102,s108,p103,Kayunga,Ntenjeru,2020,Kayunga,Bukolooto,Bwetyaba RC Primary School,Government,Female,Division 4,0
d102,c102,s108,p103,Kayunga,Ntenjeru,2020,Kayunga,Bukolooto,Bwetyaba RC Primary School,Government,Male,Division U,0
d102,c102,s108,p103,Kayunga,Ntenjeru,2020,Kayunga,Bukolooto,Bwetyaba RC Primary School,Government,Female,Division U,0
d102,c102,s108,p103,Kayunga,Ntenjeru,2020,Kayunga,Bukolooto,Bwetyaba RC Primary School,Government,Male,Division X,0
d102,c102,s108,p103,Kayunga,Ntenjeru,2020,Kayunga,Bukolooto,Bwetyaba RC Primary School,Government,Female,Division X,0
d102,c102,s108,p105,Kayunga,Ntenjeru,2020,Kayunga,Buyobe,Kanjuki CU Primary School,Government,Male,Division 1,0
d102,c102,s108,p105,Kayunga,Ntenjeru,2020,Kayunga,Buyobe,Kanjuki CU Primary School,Government,Female,Division 1,0
d102,c102,s108,p105,Kayunga,Ntenjeru,2020,Kayunga,Buyobe,Kanjuki CU Primary School,Government,Male,Division 2,18
d102,c102,s108,p105,Kayunga,Ntenjeru,2020,Kayunga,Buyobe,Kanjuki CU Primary School,Government,Female,Division 2,12
d102,c102,s108,p105,Kayunga,Ntenjeru,2020,Kayunga,Buyobe,Kanjuki CU Primary School,Government,Male,Division 3,9
d102,c102,s108,p105,Kayunga,Ntenjeru,2020,Kayunga,Buyobe,Kanjuki CU Primary School,Government,Female,Division 3,9
d102,c102,s108,p105,Kayunga,Ntenjeru,2020,Kayunga,Buyobe,Kanjuki CU Primary School,Government,Male,Division 4,5
d102,c102,s108,p105,Kayunga,Ntenjeru,2020,Kayunga,Buyobe,Kanjuki CU Primary School,Government,Female,Division 4,4
d102,c102,s108,p105,Kayunga,Ntenjeru,2020,Kayunga,Buyobe,Kanjuki CU Primary School,Government,Male,Division U,2
d102,c102,s108,p105,Kayunga,Ntenjeru,2020,Kayunga,Buyobe,Kanjuki CU Primary School,Government,Female,Division U,2
d102,c102,s108,p105,Kayunga,Ntenjeru,2020,Kayunga,Buyobe,Kanjuki CU Primary School,Government,Male,Division X,1
d102,c102,s108,p105,Kayunga,Ntenjeru,2020,Kayunga,Buyobe,Kanjuki CU Primary School,Government,Female,Division X,0
d102,c102,s108,p105,Kayunga,Ntenjeru,2020,Kayunga,Buyobe,Kanjuki RC Primary School,Government,Male,Division 1,0
d102,c102,s108,p105,Kayunga,Ntenjeru,2020,Kayunga,Buyobe,Kanjuki RC Primary School,Government,Female,Division 1,0
d102,c102,s108,p105,Kayunga,Ntenjeru,2020,Kayunga,Buyobe,Kanjuki RC Primary School,Government,Male,Division 2,2
d102,c102,s108,p105,Kayunga,Ntenjeru,2020,Kayunga,Buyobe,Kanjuki RC Primary School,Government,Female,Division 2,0
d102,c102,s108,p105,Kayunga,Ntenjeru,2020,Kayunga,Buyobe,Kanjuki RC Primary School,Government,Male,Division 3,2
d102,c102,s108,p105,Kayunga,Ntenjeru,2020,Kayunga,Buyobe,Kanjuki RC Primary School,Government,Female,Division 3,2
d102,c102,s108,p105,Kayunga,Ntenjeru,2020,Kayunga,Buyobe,Kanjuki RC Primary School,Government,Male,Division 4,4
d102,c102,s108,p105,Kayunga,Ntenjeru,2020,Kayunga,Buyobe,Kanjuki RC Primary School,Government,Female,Division 4,3
d102,c102,s108,p105,Kayunga,Ntenjeru,2020,Kayunga,Buyobe,Kanjuki RC Primary School,Government,Male,Division U,7
d102,c102,s108,p105,Kayunga,Ntenjeru,2020,Kayunga,Buyobe,Kanjuki RC Primary School,Government,Female,Division U,8
d102,c102,s108,p105,Kayunga,Ntenjeru,2020,Kayunga,Buyobe,Kanjuki RC Primary School,Government,Male,Division X,1
d102,c102,s108,p105,Kayunga,Ntenjeru,2020,Kayunga,Buyobe,Kanjuki RC Primary School,Government,Female,Division X,1
d102,c102,s108,p105,Kayunga,Ntenjeru,2020,Kayunga,Buyobe,Kanjuki UMEA Primary School,Government,Male,Division 1,0
d102,c102,s108,p105,Kayunga,Ntenjeru,2020,Kayunga,Buyobe,Kanjuki UMEA Primary School,Government,Female,Division 1,0
d102,c102,s108,p105,Kayunga,Ntenjeru,2020,Kayunga,Buyobe,Kanjuki UMEA Primary School,Government,Male,Division 2,10
d102,c102,s108,p105,Kayunga,Ntenjeru,2020,Kayunga,Buyobe,Kanjuki UMEA Primary School,Government,Female,Division 2,21
d102,c102,s108,p105,Kayunga,Ntenjeru,2020,Kayunga,Buyobe,Kanjuki UMEA Primary School,Government,Male,Division 3,1
d102,c102,s108,p105,Kayunga,Ntenjeru,2020,Kayunga,Buyobe,Kanjuki UMEA Primary School,Government,Female,Division 3,6
d102,c102,s108,p105,Kayunga,Ntenjeru,2020,Kayunga,Buyobe,Kanjuki UMEA Primary School,Government,Male,Division 4,1
d102,c102,s108,p105,Kayunga,Ntenjeru,2020,Kayunga,Buyobe,Kanjuki UMEA Primary School,Government,Female,Division 4,0
d102,c102,s108,p105,Kayunga,Ntenjeru,2020,Kayunga,Buyobe,Kanjuki UMEA Primary School,Government,Male,Division U,1
d102,c102,s108,p105,Kayunga,Ntenjeru,2020,Kayunga,Buyobe,Kanjuki UMEA Primary School,Government,Female,Division U,0
d102,c102,s108,p105,Kayunga,Ntenjeru,2020,Kayunga,Buyobe,Kanjuki UMEA Primary School,Government,Male,Division X,0
d102,c102,s108,p105,Kayunga,Ntenjeru,2020,Kayunga,Buyobe,Kanjuki UMEA Primary School,Government,Female,Division X,0
d102,c102,s108,p106,Kayunga,Ntenjeru,2020,Kayunga,Nsotoka,Kiwooza CU Primary School,Government,Male,Division 1,0
d102,c102,s108,p106,Kayunga,Ntenjeru,2020,Kayunga,Nsotoka,Kiwooza CU Primary School,Government,Female,Division 1,0
d102,c102,s108,p106,Kayunga,Ntenjeru,2020,Kayunga,Nsotoka,Kiwooza CU Primary School,Government,Male,Division 2,4
d102,c102,s108,p106,Kayunga,Ntenjeru,2020,Kayunga,Nsotoka,Kiwooza CU Primary School,Government,Female,Division 2,4
d102,c102,s108,p106,Kayunga,Ntenjeru,2020,Kayunga,Nsotoka,Kiwooza CU Primary School,Government,Male,Division 3,8
d102,c102,s108,p106,Kayunga,Ntenjeru,2020,Kayunga,Nsotoka,Kiwooza CU Primary School,Government,Female,Division 3,6
d102,c102,s108,p106,Kayunga,Ntenjeru,2020,Kayunga,Nsotoka,Kiwooza CU Primary School,Government,Male,Division 4,4
d102,c102,s108,p106,Kayunga,Ntenjeru,2020,Kayunga,Nsotoka,Kiwooza CU Primary School,Government,Female,Division 4,3
d102,c102,s108,p106,Kayunga,Ntenjeru,2020,Kayunga,Nsotoka,Kiwooza CU Primary School,Government,Male,Division U,3
d102,c102,s108,p106,Kayunga,Ntenjeru,2020,Kayunga,Nsotoka,Kiwooza CU Primary School,Government,Female,Division U,4
d102,c102,s108,p106,Kayunga,Ntenjeru,2020,Kayunga,Nsotoka,Kiwooza CU Primary School,Government,Male,Division X,1
d102,c102,s108,p106,Kayunga,Ntenjeru,2020,Kayunga,Nsotoka,Kiwooza CU Primary School,Government,Female,Division X,0
d102,c102,s108,p105,Kayunga,Ntenjeru,2020,Kayunga,Buyobe,Kyanya CU Primary School,Government,Male,Division 1,0
d102,c102,s108,p105,Kayunga,Ntenjeru,2020,Kayunga,Buyobe,Kyanya CU Primary School,Government,Female,Division 1,0
d102,c102,s108,p105,Kayunga,Ntenjeru,2020,Kayunga,Buyobe,Kyanya CU Primary School,Government,Male,Division 2,1
d102,c102,s108,p105,Kayunga,Ntenjeru,2020,Kayunga,Buyobe,Kyanya CU Primary School,Government,Female,Division 2,2
d102,c102,s108,p105,Kayunga,Ntenjeru,2020,Kayunga,Buyobe,Kyanya CU Primary School,Government,Male,Division 3,1
d102,c102,s108,p105,Kayunga,Ntenjeru,2020,Kayunga,Buyobe,Kyanya CU Primary School,Government,Female,Division 3,1
d102,c102,s108,p105,Kayunga,Ntenjeru,2020,Kayunga,Buyobe,Kyanya CU Primary School,Government,Male,Division 4,1
d102,c102,s108,p105,Kayunga,Ntenjeru,2020,Kayunga,Buyobe,Kyanya CU Primary School,Government,Female,Division 4,3
d102,c102,s108,p105,Kayunga,Ntenjeru,2020,Kayunga,Buyobe,Kyanya CU Primary School,Government,Male,Division U,6
d102,c102,s108,p105,Kayunga,Ntenjeru,2020,Kayunga,Buyobe,Kyanya CU Primary School,Government,Female,Division U,4
d102,c102,s108,p105,Kayunga,Ntenjeru,2020,Kayunga,Buyobe,Kyanya CU Primary School,Government,Male,Division X,1
d102,c102,s108,p105,Kayunga,Ntenjeru,2020,Kayunga,Buyobe,Kyanya CU Primary School,Government,Female,Division X,0
d102,c102,s108,p106,Kayunga,Ntenjeru,2020,Kayunga,Nsotoka,Mataba Muslim Quaran Primary School,Private,Male,Division 1,1
d102,c102,s108,p106,Kayunga,Ntenjeru,2020,Kayunga,Nsotoka,Mataba Muslim Quaran Primary School,Private,Female,Division 1,0
d102,c102,s108,p106,Kayunga,Ntenjeru,2020,Kayunga,Nsotoka,Mataba Muslim Quaran Primary School,Private,Male,Division 2,20
d102,c102,s108,p106,Kayunga,Ntenjeru,2020,Kayunga,Nsotoka,Mataba Muslim Quaran Primary School,Private,Female,Division 2,19
d102,c102,s108,p106,Kayunga,Ntenjeru,2020,Kayunga,Nsotoka,Mataba Muslim Quaran Primary School,Private,Male,Division 3,4
d102,c102,s108,p106,Kayunga,Ntenjeru,2020,Kayunga,Nsotoka,Mataba Muslim Quaran Primary School,Private,Female,Division 3,2
d102,c102,s108,p106,Kayunga,Ntenjeru,2020,Kayunga,Nsotoka,Mataba Muslim Quaran Primary School,Private,Male,Division 4,5
d102,c102,s108,p106,Kayunga,Ntenjeru,2020,Kayunga,Nsotoka,Mataba Muslim Quaran Primary School,Private,Female,Division 4,5
d102,c102,s108,p106,Kayunga,Ntenjeru,2020,Kayunga,Nsotoka,Mataba Muslim Quaran Primary School,Private,Male,Division U,0
d102,c102,s108,p106,Kayunga,Ntenjeru,2020,Kayunga,Nsotoka,Mataba Muslim Quaran Primary School,Private,Female,Division U,0
d102,c102,s108,p106,Kayunga,Ntenjeru,2020,Kayunga,Nsotoka,Mataba Muslim Quaran Primary School,Private,Male,Division X,0
d102,c102,s108,p106,Kayunga,Ntenjeru,2020,Kayunga,Nsotoka,Mataba Muslim Quaran Primary School,Private,Female,Division X,1
d102,c102,s108,p101,Kayunga,Ntenjeru,2020,Kayunga,Bubajjwe,Mugema Primary School,Government,Male,Division 1,0
d102,c102,s108,p101,Kayunga,Ntenjeru,2020,Kayunga,Bubajjwe,Mugema Primary School,Government,Female,Division 1,0
d102,c102,s108,p101,Kayunga,Ntenjeru,2020,Kayunga,Bubajjwe,Mugema Primary School,Government,Male,Division 2,20
d102,c102,s108,p101,Kayunga,Ntenjeru,2020,Kayunga,Bubajjwe,Mugema Primary School,Government,Female,Division 2,14
d102,c102,s108,p101,Kayunga,Ntenjeru,2020,Kayunga,Bubajjwe,Mugema Primary School,Government,Male,Division 3,2
d102,c102,s108,p101,Kayunga,Ntenjeru,2020,Kayunga,Bubajjwe,Mugema Primary School,Government,Female,Division 3,11
d102,c102,s108,p101,Kayunga,Ntenjeru,2020,Kayunga,Bubajjwe,Mugema Primary School,Government,Male,Division 4,10
d102,c102,s108,p101,Kayunga,Ntenjeru,2020,Kayunga,Bubajjwe,Mugema Primary School,Government,Female,Division 4,17
d102,c102,s108,p101,Kayunga,Ntenjeru,2020,Kayunga,Bubajjwe,Mugema Primary School,Government,Male,Division U,0
d102,c102,s108,p101,Kayunga,Ntenjeru,2020,Kayunga,Bubajjwe,Mugema Primary School,Government,Female,Division U,0
d102,c102,s108,p101,Kayunga,Ntenjeru,2020,Kayunga,Bubajjwe,Mugema Primary School,Government,Male,Division X,3
d102,c102,s108,p101,Kayunga,Ntenjeru,2020,Kayunga,Bubajjwe,Mugema Primary School,Government,Female,Division X,9
d102,c102,s108,p104,Kayunga,Ntenjeru,2020,Kayunga,Nakaseeta,Nakaziba CU Primary School,Government,Male,Division 1,0
d102,c102,s108,p104,Kayunga,Ntenjeru,2020,Kayunga,Nakaseeta,Nakaziba CU Primary School,Government,Female,Division 1,0
d102,c102,s108,p104,Kayunga,Ntenjeru,2020,Kayunga,Nakaseeta,Nakaziba CU Primary School,Government,Male,Division 2,4
d102,c102,s108,p104,Kayunga,Ntenjeru,2020,Kayunga,Nakaseeta,Nakaziba CU Primary School,Government,Female,Division 2,0
d102,c102,s108,p104,Kayunga,Ntenjeru,2020,Kayunga,Nakaseeta,Nakaziba CU Primary School,Government,Male,Division 3,7
d102,c102,s108,p104,Kayunga,Ntenjeru,2020,Kayunga,Nakaseeta,Nakaziba CU Primary School,Government,Female,Division 3,2
d102,c102,s108,p104,Kayunga,Ntenjeru,2020,Kayunga,Nakaseeta,Nakaziba CU Primary School,Government,Male,Division 4,1
d102,c102,s108,p104,Kayunga,Ntenjeru,2020,Kayunga,Nakaseeta,Nakaziba CU Primary School,Government,Female,Division 4,7
d102,c102,s108,p104,Kayunga,Ntenjeru,2020,Kayunga,Nakaseeta,Nakaziba CU Primary School,Government,Male,Division U,2
d102,c102,s108,p104,Kayunga,Ntenjeru,2020,Kayunga,Nakaseeta,Nakaziba CU Primary School,Government,Female,Division U,0
d102,c102,s108,p104,Kayunga,Ntenjeru,2020,Kayunga,Nakaseeta,Nakaziba CU Primary School,Government,Male,Division X,0
d102,c102,s108,p104,Kayunga,Ntenjeru,2020,Kayunga,Nakaseeta,Nakaziba CU Primary School,Government,Female,Division X,0
d102,c102,s108,p106,Kayunga,Ntenjeru,2020,Kayunga,Nsotoka,Namulanda CU Primary School,Government,Male,Division 1,0
d102,c102,s108,p106,Kayunga,Ntenjeru,2020,Kayunga,Nsotoka,Namulanda CU Primary School,Government,Female,Division 1,0
d102,c102,s108,p106,Kayunga,Ntenjeru,2020,Kayunga,Nsotoka,Namulanda CU Primary School,Government,Male,Division 2,5
d102,c102,s108,p106,Kayunga,Ntenjeru,2020,Kayunga,Nsotoka,Namulanda CU Primary School,Government,Female,Division 2,1
d102,c102,s108,p106,Kayunga,Ntenjeru,2020,Kayunga,Nsotoka,Namulanda CU Primary School,Government,Male,Division 3,3
d102,c102,s108,p106,Kayunga,Ntenjeru,2020,Kayunga,Nsotoka,Namulanda CU Primary School,Government,Female,Division 3,2
d102,c102,s108,p106,Kayunga,Ntenjeru,2020,Kayunga,Nsotoka,Namulanda CU Primary School,Government,Male,Division 4,4
d102,c102,s108,p106,Kayunga,Ntenjeru,2020,Kayunga,Nsotoka,Namulanda CU Primary School,Government,Female,Division 4,2
d102,c102,s108,p106,Kayunga,Ntenjeru,2020,Kayunga,Nsotoka,Namulanda CU Primary School,Government,Male,Division U,5
d102,c102,s108,p106,Kayunga,Ntenjeru,2020,Kayunga,Nsotoka,Namulanda CU Primary School,Government,Female,Division U,4
d102,c102,s108,p106,Kayunga,Ntenjeru,2020,Kayunga,Nsotoka,Namulanda CU Primary School,Government,Male,Division X,0
d102,c102,s108,p106,Kayunga,Ntenjeru,2020,Kayunga,Nsotoka,Namulanda CU Primary School,Government,Female,Division X,0
d102,c102,s108,p106,Kayunga,Ntenjeru,2020,Kayunga,Nsotoka,Namulanda RC Primary School,Government,Male,Division 1,0
d102,c102,s108,p106,Kayunga,Ntenjeru,2020,Kayunga,Nsotoka,Namulanda RC Primary School,Government,Female,Division 1,0
d102,c102,s108,p106,Kayunga,Ntenjeru,2020,Kayunga,Nsotoka,Namulanda RC Primary School,Government,Male,Division 2,1
d102,c102,s108,p106,Kayunga,Ntenjeru,2020,Kayunga,Nsotoka,Namulanda RC Primary School,Government,Female,Division 2,0
d102,c102,s108,p106,Kayunga,Ntenjeru,2020,Kayunga,Nsotoka,Namulanda RC Primary School,Government,Male,Division 3,4
d102,c102,s108,p106,Kayunga,Ntenjeru,2020,Kayunga,Nsotoka,Namulanda RC Primary School,Government,Female,Division 3,0
d102,c102,s108,p106,Kayunga,Ntenjeru,2020,Kayunga,Nsotoka,Namulanda RC Primary School,Government,Male,Division 4,12
d102,c102,s108,p106,Kayunga,Ntenjeru,2020,Kayunga,Nsotoka,Namulanda RC Primary School,Government,Female,Division 4,5
d102,c102,s108,p106,Kayunga,Ntenjeru,2020,Kayunga,Nsotoka,Namulanda RC Primary School,Government,Male,Division U,3
d102,c102,s108,p106,Kayunga,Ntenjeru,2020,Kayunga,Nsotoka,Namulanda RC Primary School,Government,Female,Division U,2
d102,c102,s108,p106,Kayunga,Ntenjeru,2020,Kayunga,Nsotoka,Namulanda RC Primary School,Government,Male,Division X,0
d102,c102,s108,p106,Kayunga,Ntenjeru,2020,Kayunga,Nsotoka,Namulanda RC Primary School,Government,Female,Division X,2
d102,c102,s108,p103,Kayunga,Ntenjeru,2020,Kayunga,Bukolooto,Nawandagala RC Primary School,Government,Male,Division 1,0
d102,c102,s108,p103,Kayunga,Ntenjeru,2020,Kayunga,Bukolooto,Nawandagala RC Primary School,Government,Female,Division 1,0
d102,c102,s108,p103,Kayunga,Ntenjeru,2020,Kayunga,Bukolooto,Nawandagala RC Primary School,Government,Male,Division 2,4
d102,c102,s108,p103,Kayunga,Ntenjeru,2020,Kayunga,Bukolooto,Nawandagala RC Primary School,Government,Female,Division 2,2
d102,c102,s108,p103,Kayunga,Ntenjeru,2020,Kayunga,Bukolooto,Nawandagala RC Primary School,Government,Male,Division 3,5
d102,c102,s108,p103,Kayunga,Ntenjeru,2020,Kayunga,Bukolooto,Nawandagala RC Primary School,Government,Female,Division 3,3
d102,c102,s108,p103,Kayunga,Ntenjeru,2020,Kayunga,Bukolooto,Nawandagala RC Primary School,Government,Male,Division 4,3
d102,c102,s108,p103,Kayunga,Ntenjeru,2020,Kayunga,Bukolooto,Nawandagala RC Primary School,Government,Female,Division 4,2
d102,c102,s108,p103,Kayunga,Ntenjeru,2020,Kayunga,Bukolooto,Nawandagala RC Primary School,Government,Male,Division U,5
d102,c102,s108,p103,Kayunga,Ntenjeru,2020,Kayunga,Bukolooto,Nawandagala RC Primary School,Government,Female,Division U,4
d102,c102,s108,p103,Kayunga,Ntenjeru,2020,Kayunga,Bukolooto,Nawandagala RC Primary School,Government,Male,Division X,0
d102,c102,s108,p103,Kayunga,Ntenjeru,2020,Kayunga,Bukolooto,Nawandagala RC Primary School,Government,Female,Division X,1
d102,c102,s108,p106,Kayunga,Ntenjeru,2020,Kayunga,Nsotoka,Nsotoka Islamic Primary School,Private,Male,Division 1,0
d102,c102,s108,p106,Kayunga,Ntenjeru,2020,Kayunga,Nsotoka,Nsotoka Islamic Primary School,Private,Female,Division 1,1
d102,c102,s108,p106,Kayunga,Ntenjeru,2020,Kayunga,Nsotoka,Nsotoka Islamic Primary School,Private,Male,Division 2,7
d102,c102,s108,p106,Kayunga,Ntenjeru,2020,Kayunga,Nsotoka,Nsotoka Islamic Primary School,Private,Female,Division 2,7
d102,c102,s108,p106,Kayunga,Ntenjeru,2020,Kayunga,Nsotoka,Nsotoka Islamic Primary School,Private,Male,Division 3,6
d102,c102,s108,p106,Kayunga,Ntenjeru,2020,Kayunga,Nsotoka,Nsotoka Islamic Primary School,Private,Female,Division 3,4
d102,c102,s108,p106,Kayunga,Ntenjeru,2020,Kayunga,Nsotoka,Nsotoka Islamic Primary School,Private,Male,Division 4,3
d102,c102,s108,p106,Kayunga,Ntenjeru,2020,Kayunga,Nsotoka,Nsotoka Islamic Primary School,Private,Female,Division 4,2
d102,c102,s108,p106,Kayunga,Ntenjeru,2020,Kayunga,Nsotoka,Nsotoka Islamic Primary School,Private,Male,Division U,1
d102,c102,s108,p106,Kayunga,Ntenjeru,2020,Kayunga,Nsotoka,Nsotoka Islamic Primary School,Private,Female,Division U,2
d102,c102,s108,p106,Kayunga,Ntenjeru,2020,Kayunga,Nsotoka,Nsotoka Islamic Primary School,Private,Male,Division X,0
d102,c102,s108,p106,Kayunga,Ntenjeru,2020,Kayunga,Nsotoka,Nsotoka Islamic Primary School,Private,Female,Division X,1
d102,c102,s108,p106,Kayunga,Ntenjeru,2020,Kayunga,Nsotoka,Obadia Sajjabi Community Primary School,Private,Male,Division 1,0
d102,c102,s108,p106,Kayunga,Ntenjeru,2020,Kayunga,Nsotoka,Obadia Sajjabi Community Primary School,Private,Female,Division 1,0
d102,c102,s108,p106,Kayunga,Ntenjeru,2020,Kayunga,Nsotoka,Obadia Sajjabi Community Primary School,Private,Male,Division 2,20
d102,c102,s108,p106,Kayunga,Ntenjeru,2020,Kayunga,Nsotoka,Obadia Sajjabi Community Primary School,Private,Female,Division 2,12
d102,c102,s108,p106,Kayunga,Ntenjeru,2020,Kayunga,Nsotoka,Obadia Sajjabi Community Primary School,Private,Male,Division 3,6
d102,c102,s108,p106,Kayunga,Ntenjeru,2020,Kayunga,Nsotoka,Obadia Sajjabi Community Primary School,Private,Female,Division 3,4
d102,c102,s108,p106,Kayunga,Ntenjeru,2020,Kayunga,Nsotoka,Obadia Sajjabi Community Primary School,Private,Male,Division 4,10
d102,c102,s108,p106,Kayunga,Ntenjeru,2020,Kayunga,Nsotoka,Obadia Sajjabi Community Primary School,Private,Female,Division 4,7
d102,c102,s108,p106,Kayunga,Ntenjeru,2020,Kayunga,Nsotoka,Obadia Sajjabi Community Primary School,Private,Male,Division U,13
d102,c102,s108,p106,Kayunga,Ntenjeru,2020,Kayunga,Nsotoka,Obadia Sajjabi Community Primary School,Private,Female,Division U,8
d102,c102,s108,p106,Kayunga,Ntenjeru,2020,Kayunga,Nsotoka,Obadia Sajjabi Community Primary School,Private,Male,Division X,3
d102,c102,s108,p106,Kayunga,Ntenjeru,2020,Kayunga,Nsotoka,Obadia Sajjabi Community Primary School,Private,Female,Division X,2
d102,c102,s108,p108,Kayunga,Ntenjeru,2020,Kayunga,Kiteredde,Ssekagya Islamic Primary School,Government,Male,Division 1,11
d102,c102,s108,p108,Kayunga,Ntenjeru,2020,Kayunga,Kiteredde,Ssekagya Islamic Primary School,Government,Female,Division 1,10
d102,c102,s108,p108,Kayunga,Ntenjeru,2020,Kayunga,Kiteredde,Ssekagya Islamic Primary School,Government,Male,Division 2,22
d102,c102,s108,p108,Kayunga,Ntenjeru,2020,Kayunga,Kiteredde,Ssekagya Islamic Primary School,Government,Female,Division 2,19
d102,c102,s108,p108,Kayunga,Ntenjeru,2020,Kayunga,Kiteredde,Ssekagya Islamic Primary School,Government,Male,Division 3,4
d102,c102,s108,p108,Kayunga,Ntenjeru,2020,Kayunga,Kiteredde,Ssekagya Islamic Primary School,Government,Female,Division 3,4
d102,c102,s108,p108,Kayunga,Ntenjeru,2020,Kayunga,Kiteredde,Ssekagya Islamic Primary School,Government,Male,Division 4,4
d102,c102,s108,p108,Kayunga,Ntenjeru,2020,Kayunga,Kiteredde,Ssekagya Islamic Primary School,Government,Female,Division 4,4
d102,c102,s108,p108,Kayunga,Ntenjeru,2020,Kayunga,Kiteredde,Ssekagya Islamic Primary School,Government,Male,Division U,1
d102,c102,s108,p108,Kayunga,Ntenjeru,2020,Kayunga,Kiteredde,Ssekagya Islamic Primary School,Government,Female,Division U,2
d102,c102,s108,p108,Kayunga,Ntenjeru,2020,Kayunga,Kiteredde,Ssekagya Islamic Primary School,Government,Male,Division X,2
d102,c102,s108,p108,Kayunga,Ntenjeru,2020,Kayunga,Kiteredde,Ssekagya Islamic Primary School,Government,Female,Division X,0
d102,c102,s108,p103,Kayunga,Ntenjeru,2020,Kayunga,Bukolooto,Ssezibwa CU Primary School,Government,Male,Division 1,1
d102,c102,s108,p103,Kayunga,Ntenjeru,2020,Kayunga,Bukolooto,Ssezibwa CU Primary School,Government,Female,Division 1,0
d102,c102,s108,p103,Kayunga,Ntenjeru,2020,Kayunga,Bukolooto,Ssezibwa CU Primary School,Government,Male,Division 2,6
d102,c102,s108,p103,Kayunga,Ntenjeru,2020,Kayunga,Bukolooto,Ssezibwa CU Primary School,Government,Female,Division 2,2
d102,c102,s108,p103,Kayunga,Ntenjeru,2020,Kayunga,Bukolooto,Ssezibwa CU Primary School,Government,Male,Division 3,3
d102,c102,s108,p103,Kayunga,Ntenjeru,2020,Kayunga,Bukolooto,Ssezibwa CU Primary School,Government,Female,Division 3,4
d102,c102,s108,p103,Kayunga,Ntenjeru,2020,Kayunga,Bukolooto,Ssezibwa CU Primary School,Government,Male,Division 4,2
d102,c102,s108,p103,Kayunga,Ntenjeru,2020,Kayunga,Bukolooto,Ssezibwa CU Primary School,Government,Female,Division 4,3
d102,c102,s108,p103,Kayunga,Ntenjeru,2020,Kayunga,Bukolooto,Ssezibwa CU Primary School,Government,Male,Division U,0
d102,c102,s108,p103,Kayunga,Ntenjeru,2020,Kayunga,Bukolooto,Ssezibwa CU Primary School,Government,Female,Division U,0
d102,c102,s108,p103,Kayunga,Ntenjeru,2020,Kayunga,Bukolooto,Ssezibwa CU Primary School,Government,Male,Division X,5
d102,c102,s108,p103,Kayunga,Ntenjeru,2020,Kayunga,Bukolooto,Ssezibwa CU Primary School,Government,Female,Division X,5
d102,c102,s108,p103,Kayunga,Ntenjeru,2020,Kayunga,Bukolooto,St Anthony Junior School,Private,Male,Division 1,
d102,c102,s108,p103,Kayunga,Ntenjeru,2020,Kayunga,Bukolooto,St Anthony Junior School,Private,Female,Division 1,
d102,c102,s108,p103,Kayunga,Ntenjeru,2020,Kayunga,Bukolooto,St Anthony Junior School,Private,Male,Division 2,
d102,c102,s108,p103,Kayunga,Ntenjeru,2020,Kayunga,Bukolooto,St Anthony Junior School,Private,Female,Division 2,
d102,c102,s108,p103,Kayunga,Ntenjeru,2020,Kayunga,Bukolooto,St Anthony Junior School,Private,Male,Division 3,
d102,c102,s108,p103,Kayunga,Ntenjeru,2020,Kayunga,Bukolooto,St Anthony Junior School,Private,Female,Division 3,
d102,c102,s108,p103,Kayunga,Ntenjeru,2020,Kayunga,Bukolooto,St Anthony Junior School,Private,Male,Division 4,
d102,c102,s108,p103,Kayunga,Ntenjeru,2020,Kayunga,Bukolooto,St Anthony Junior School,Private,Female,Division 4,
d102,c102,s108,p103,Kayunga,Ntenjeru,2020,Kayunga,Bukolooto,St Anthony Junior School,Private,Male,Division U,
d102,c102,s108,p103,Kayunga,Ntenjeru,2020,Kayunga,Bukolooto,St Anthony Junior School,Private,Female,Division U,
d102,c102,s108,p103,Kayunga,Ntenjeru,2020,Kayunga,Bukolooto,St Anthony Junior School,Private,Male,Division X,
d102,c102,s108,p103,Kayunga,Ntenjeru,2020,Kayunga,Bukolooto,St Anthony Junior School,Private,Female,Division X,
d102,c102,s109,p145,Kayunga,Ntenjeru,2020,Kayunga Town Council,Bukolooto Ward,Aunt Vicky Primary School,Private,Male,Division 1,0
d102,c102,s109,p145,Kayunga,Ntenjeru,2020,Kayunga Town Council,Bukolooto Ward,Aunt Vicky Primary School,Private,Female,Division 1,0
d102,c102,s109,p145,Kayunga,Ntenjeru,2020,Kayunga Town Council,Bukolooto Ward,Aunt Vicky Primary School,Private,Male,Division 2,12
d102,c102,s109,p145,Kayunga,Ntenjeru,2020,Kayunga Town Council,Bukolooto Ward,Aunt Vicky Primary School,Private,Female,Division 2,12
d102,c102,s109,p145,Kayunga,Ntenjeru,2020,Kayunga Town Council,Bukolooto Ward,Aunt Vicky Primary School,Private,Male,Division 3,4
d102,c102,s109,p145,Kayunga,Ntenjeru,2020,Kayunga Town Council,Bukolooto Ward,Aunt Vicky Primary School,Private,Female,Division 3,3
d102,c102,s109,p145,Kayunga,Ntenjeru,2020,Kayunga Town Council,Bukolooto Ward,Aunt Vicky Primary School,Private,Male,Division 4,8
d102,c102,s109,p145,Kayunga,Ntenjeru,2020,Kayunga Town Council,Bukolooto Ward,Aunt Vicky Primary School,Private,Female,Division 4,2
d102,c102,s109,p145,Kayunga,Ntenjeru,2020,Kayunga Town Council,Bukolooto Ward,Aunt Vicky Primary School,Private,Male,Division U,6
d102,c102,s109,p145,Kayunga,Ntenjeru,2020,Kayunga Town Council,Bukolooto Ward,Aunt Vicky Primary School,Private,Female,Division U,6
d102,c102,s109,p145,Kayunga,Ntenjeru,2020,Kayunga Town Council,Bukolooto Ward,Aunt Vicky Primary School,Private,Male,Division X,0
d102,c102,s109,p145,Kayunga,Ntenjeru,2020,Kayunga Town Council,Bukolooto Ward,Aunt Vicky Primary School,Private,Female,Division X,0
d102,c102,s109,p148,Kayunga,Ntenjeru,2020,Kayunga Town Council,Namagabi Ward,Gospel Valley Nursery And Primary School,Private,Male,Division 1,9
d102,c102,s109,p148,Kayunga,Ntenjeru,2020,Kayunga Town Council,Namagabi Ward,Gospel Valley Nursery And Primary School,Private,Female,Division 1,9
d102,c102,s109,p148,Kayunga,Ntenjeru,2020,Kayunga Town Council,Namagabi Ward,Gospel Valley Nursery And Primary School,Private,Male,Division 2,1
d102,c102,s109,p148,Kayunga,Ntenjeru,2020,Kayunga Town Council,Namagabi Ward,Gospel Valley Nursery And Primary School,Private,Female,Division 2,0
d102,c102,s109,p148,Kayunga,Ntenjeru,2020,Kayunga Town Council,Namagabi Ward,Gospel Valley Nursery And Primary School,Private,Male,Division 3,0
d102,c102,s109,p148,Kayunga,Ntenjeru,2020,Kayunga Town Council,Namagabi Ward,Gospel Valley Nursery And Primary School,Private,Female,Division 3,0
d102,c102,s109,p148,Kayunga,Ntenjeru,2020,Kayunga Town Council,Namagabi Ward,Gospel Valley Nursery And Primary School,Private,Male,Division 4,0
d102,c102,s109,p148,Kayunga,Ntenjeru,2020,Kayunga Town Council,Namagabi Ward,Gospel Valley Nursery And Primary School,Private,Female,Division 4,0
d102,c102,s109,p148,Kayunga,Ntenjeru,2020,Kayunga Town Council,Namagabi Ward,Gospel Valley Nursery And Primary School,Private,Male,Division U,0
d102,c102,s109,p148,Kayunga,Ntenjeru,2020,Kayunga Town Council,Namagabi Ward,Gospel Valley Nursery And Primary School,Private,Female,Division U,0
d102,c102,s109,p148,Kayunga,Ntenjeru,2020,Kayunga Town Council,Namagabi Ward,Gospel Valley Nursery And Primary School,Private,Male,Division X,0
d102,c102,s109,p148,Kayunga,Ntenjeru,2020,Kayunga Town Council,Namagabi Ward,Gospel Valley Nursery And Primary School,Private,Female,Division X,0
d102,c102,s109,,Kayunga,Ntenjeru,2020,Kayunga Town Council,,Hope Primary School,Private,Male,Division 1,9
d102,c102,s109,,Kayunga,Ntenjeru,2020,Kayunga Town Council,,Hope Primary School,Private,Female,Division 1,7
d102,c102,s109,,Kayunga,Ntenjeru,2020,Kayunga Town Council,,Hope Primary School,Private,Male,Division 2,12
d102,c102,s109,,Kayunga,Ntenjeru,2020,Kayunga Town Council,,Hope Primary School,Private,Female,Division 2,10
d102,c102,s109,,Kayunga,Ntenjeru,2020,Kayunga Town Council,,Hope Primary School,Private,Male,Division 3,0
d102,c102,s109,,Kayunga,Ntenjeru,2020,Kayunga Town Council,,Hope Primary School,Private,Female,Division 3,0
d102,c102,s109,,Kayunga,Ntenjeru,2020,Kayunga Town Council,,Hope Primary School,Private,Male,Division 4,0
d102,c102,s109,,Kayunga,Ntenjeru,2020,Kayunga Town Council,,Hope Primary School,Private,Female,Division 4,0
d102,c102,s109,,Kayunga,Ntenjeru,2020,Kayunga Town Council,,Hope Primary School,Private,Male,Division U,0
d102,c102,s109,,Kayunga,Ntenjeru,2020,Kayunga Town Council,,Hope Primary School,Private,Female,Division U,0
d102,c102,s109,,Kayunga,Ntenjeru,2020,Kayunga Town Council,,Hope Primary School,Private,Male,Division X,1
d102,c102,s109,,Kayunga,Ntenjeru,2020,Kayunga Town Council,,Hope Primary School,Private,Female,Division X,2
d102,c102,s109,p148,Kayunga,Ntenjeru,2020,Kayunga Town Council,Namagabi Ward,Kayunga Girls Primary School,Government,Male,Division 1,
d102,c102,s109,p148,Kayunga,Ntenjeru,2020,Kayunga Town Council,Namagabi Ward,Kayunga Girls Primary School,Government,Female,Division 1,
d102,c102,s109,p148,Kayunga,Ntenjeru,2020,Kayunga Town Council,Namagabi Ward,Kayunga Girls Primary School,Government,Male,Division 2,
d102,c102,s109,p148,Kayunga,Ntenjeru,2020,Kayunga Town Council,Namagabi Ward,Kayunga Girls Primary School,Government,Female,Division 2,
d102,c102,s109,p148,Kayunga,Ntenjeru,2020,Kayunga Town Council,Namagabi Ward,Kayunga Girls Primary School,Government,Male,Division 3,
d102,c102,s109,p148,Kayunga,Ntenjeru,2020,Kayunga Town Council,Namagabi Ward,Kayunga Girls Primary School,Government,Female,Division 3,
d102,c102,s109,p148,Kayunga,Ntenjeru,2020,Kayunga Town Council,Namagabi Ward,Kayunga Girls Primary School,Government,Male,Division 4,
d102,c102,s109,p148,Kayunga,Ntenjeru,2020,Kayunga Town Council,Namagabi Ward,Kayunga Girls Primary School,Government,Female,Division 4,
d102,c102,s109,p148,Kayunga,Ntenjeru,2020,Kayunga Town Council,Namagabi Ward,Kayunga Girls Primary School,Government,Male,Division U,
d102,c102,s109,p148,Kayunga,Ntenjeru,2020,Kayunga Town Council,Namagabi Ward,Kayunga Girls Primary School,Government,Female,Division U,
d102,c102,s109,p148,Kayunga,Ntenjeru,2020,Kayunga Town Council,Namagabi Ward,Kayunga Girls Primary School,Government,Male,Division X,
d102,c102,s109,p148,Kayunga,Ntenjeru,2020,Kayunga Town Council,Namagabi Ward,Kayunga Girls Primary School,Government,Female,Division X,
d102,c102,s109,p148,Kayunga,Ntenjeru,2020,Kayunga Town Council,Namagabi Ward,Kayunga Mixed Primary School,Government,Male,Division 1,0
d102,c102,s109,p148,Kayunga,Ntenjeru,2020,Kayunga Town Council,Namagabi Ward,Kayunga Mixed Primary School,Government,Female,Division 1,1
d102,c102,s109,p148,Kayunga,Ntenjeru,2020,Kayunga Town Council,Namagabi Ward,Kayunga Mixed Primary School,Government,Male,Division 2,10
d102,c102,s109,p148,Kayunga,Ntenjeru,2020,Kayunga Town Council,Namagabi Ward,Kayunga Mixed Primary School,Government,Female,Division 2,14
d102,c102,s109,p148,Kayunga,Ntenjeru,2020,Kayunga Town Council,Namagabi Ward,Kayunga Mixed Primary School,Government,Male,Division 3,2
d102,c102,s109,p148,Kayunga,Ntenjeru,2020,Kayunga Town Council,Namagabi Ward,Kayunga Mixed Primary School,Government,Female,Division 3,1
d102,c102,s109,p148,Kayunga,Ntenjeru,2020,Kayunga Town Council,Namagabi Ward,Kayunga Mixed Primary School,Government,Male,Division 4,1
d102,c102,s109,p148,Kayunga,Ntenjeru,2020,Kayunga Town Council,Namagabi Ward,Kayunga Mixed Primary School,Government,Female,Division 4,1
d102,c102,s109,p148,Kayunga,Ntenjeru,2020,Kayunga Town Council,Namagabi Ward,Kayunga Mixed Primary School,Government,Male,Division U,1
d102,c102,s109,p148,Kayunga,Ntenjeru,2020,Kayunga Town Council,Namagabi Ward,Kayunga Mixed Primary School,Government,Female,Division U,0
d102,c102,s109,p148,Kayunga,Ntenjeru,2020,Kayunga Town Council,Namagabi Ward,Kayunga Mixed Primary School,Government,Male,Division X,0
d102,c102,s109,p148,Kayunga,Ntenjeru,2020,Kayunga Town Council,Namagabi Ward,Kayunga Mixed Primary School,Government,Female,Division X,0
d102,c102,s109,p145,Kayunga,Ntenjeru,2020,Kayunga Town Council,Bukolooto Ward,Lion of Judah Primary School,Private,Male,Division 1,
d102,c102,s109,p145,Kayunga,Ntenjeru,2020,Kayunga Town Council,Bukolooto Ward,Lion of Judah Primary School,Private,Female,Division 1,
d102,c102,s109,p145,Kayunga,Ntenjeru,2020,Kayunga Town Council,Bukolooto Ward,Lion of Judah Primary School,Private,Male,Division 2,
d102,c102,s109,p145,Kayunga,Ntenjeru,2020,Kayunga Town Council,Bukolooto Ward,Lion of Judah Primary School,Private,Female,Division 2,
d102,c102,s109,p145,Kayunga,Ntenjeru,2020,Kayunga Town Council,Bukolooto Ward,Lion of Judah Primary School,Private,Male,Division 3,
d102,c102,s109,p145,Kayunga,Ntenjeru,2020,Kayunga Town Council,Bukolooto Ward,Lion of Judah Primary School,Private,Female,Division 3,
d102,c102,s109,p145,Kayunga,Ntenjeru,2020,Kayunga Town Council,Bukolooto Ward,Lion of Judah Primary School,Private,Male,Division 4,
d102,c102,s109,p145,Kayunga,Ntenjeru,2020,Kayunga Town Council,Bukolooto Ward,Lion of Judah Primary School,Private,Female,Division 4,
d102,c102,s109,p145,Kayunga,Ntenjeru,2020,Kayunga Town Council,Bukolooto Ward,Lion of Judah Primary School,Private,Male,Division U,
d102,c102,s109,p145,Kayunga,Ntenjeru,2020,Kayunga Town Council,Bukolooto Ward,Lion of Judah Primary School,Private,Female,Division U,
d102,c102,s109,p145,Kayunga,Ntenjeru,2020,Kayunga Town Council,Bukolooto Ward,Lion of Judah Primary School,Private,Male,Division X,
d102,c102,s109,p145,Kayunga,Ntenjeru,2020,Kayunga Town Council,Bukolooto Ward,Lion of Judah Primary School,Private,Female,Division X,
d102,c102,s109,p148,Kayunga,Ntenjeru,2020,Kayunga Town Council,Namagabi Ward,Namagabi Bishop Brown Primary School,Government,Male,Division 1,0
d102,c102,s109,p148,Kayunga,Ntenjeru,2020,Kayunga Town Council,Namagabi Ward,Namagabi Bishop Brown Primary School,Government,Female,Division 1,1
d102,c102,s109,p148,Kayunga,Ntenjeru,2020,Kayunga Town Council,Namagabi Ward,Namagabi Bishop Brown Primary School,Government,Male,Division 2,10
d102,c102,s109,p148,Kayunga,Ntenjeru,2020,Kayunga Town Council,Namagabi Ward,Namagabi Bishop Brown Primary School,Government,Female,Division 2,19
d102,c102,s109,p148,Kayunga,Ntenjeru,2020,Kayunga Town Council,Namagabi Ward,Namagabi Bishop Brown Primary School,Government,Male,Division 3,0
d102,c102,s109,p148,Kayunga,Ntenjeru,2020,Kayunga Town Council,Namagabi Ward,Namagabi Bishop Brown Primary School,Government,Female,Division 3,3
d102,c102,s109,p148,Kayunga,Ntenjeru,2020,Kayunga Town Council,Namagabi Ward,Namagabi Bishop Brown Primary School,Government,Male,Division 4,1
d102,c102,s109,p148,Kayunga,Ntenjeru,2020,Kayunga Town Council,Namagabi Ward,Namagabi Bishop Brown Primary School,Government,Female,Division 4,0
d102,c102,s109,p148,Kayunga,Ntenjeru,2020,Kayunga Town Council,Namagabi Ward,Namagabi Bishop Brown Primary School,Government,Male,Division U,0
d102,c102,s109,p148,Kayunga,Ntenjeru,2020,Kayunga Town Council,Namagabi Ward,Namagabi Bishop Brown Primary School,Government,Female,Division U,0
d102,c102,s109,p148,Kayunga,Ntenjeru,2020,Kayunga Town Council,Namagabi Ward,Namagabi Bishop Brown Primary School,Government,Male,Division X,1
d102,c102,s109,p148,Kayunga,Ntenjeru,2020,Kayunga Town Council,Namagabi Ward,Namagabi Bishop Brown Primary School,Government,Female,Division X,1
d102,c102,s109,p148,Kayunga,Ntenjeru,2020,Kayunga Town Council,Namagabi Ward,Namagabi UMEA Primary School,Government,Male,Division 1,3
d102,c102,s109,p148,Kayunga,Ntenjeru,2020,Kayunga Town Council,Namagabi Ward,Namagabi UMEA Primary School,Government,Female,Division 1,3
d102,c102,s109,p148,Kayunga,Ntenjeru,2020,Kayunga Town Council,Namagabi Ward,Namagabi UMEA Primary School,Government,Male,Division 2,31
d102,c102,s109,p148,Kayunga,Ntenjeru,2020,Kayunga Town Council,Namagabi Ward,Namagabi UMEA Primary School,Government,Female,Division 2,21
d102,c102,s109,p148,Kayunga,Ntenjeru,2020,Kayunga Town Council,Namagabi Ward,Namagabi UMEA Primary School,Government,Male,Division 3,10
d102,c102,s109,p148,Kayunga,Ntenjeru,2020,Kayunga Town Council,Namagabi Ward,Namagabi UMEA Primary School,Government,Female,Division 3,12
d102,c102,s109,p148,Kayunga,Ntenjeru,2020,Kayunga Town Council,Namagabi Ward,Namagabi UMEA Primary School,Government,Male,Division 4,3
d102,c102,s109,p148,Kayunga,Ntenjeru,2020,Kayunga Town Council,Namagabi Ward,Namagabi UMEA Primary School,Government,Female,Division 4,9
d102,c102,s109,p148,Kayunga,Ntenjeru,2020,Kayunga Town Council,Namagabi Ward,Namagabi UMEA Primary School,Government,Male,Division U,1
d102,c102,s109,p148,Kayunga,Ntenjeru,2020,Kayunga Town Council,Namagabi Ward,Namagabi UMEA Primary School,Government,Female,Division U,2
d102,c102,s109,p148,Kayunga,Ntenjeru,2020,Kayunga Town Council,Namagabi Ward,Namagabi UMEA Primary School,Government,Male,Division X,1
d102,c102,s109,p148,Kayunga,Ntenjeru,2020,Kayunga Town Council,Namagabi Ward,Namagabi UMEA Primary School,Government,Female,Division X,0
d102,c102,s109,p145,Kayunga,Ntenjeru,2020,Kayunga Town Council,Bukolooto Ward,Ndeeba CU Primary School,Government,Male,Division 1,2
d102,c102,s109,p145,Kayunga,Ntenjeru,2020,Kayunga Town Council,Bukolooto Ward,Ndeeba CU Primary School,Government,Female,Division 1,2
d102,c102,s109,p145,Kayunga,Ntenjeru,2020,Kayunga Town Council,Bukolooto Ward,Ndeeba CU Primary School,Government,Male,Division 2,19
d102,c102,s109,p145,Kayunga,Ntenjeru,2020,Kayunga Town Council,Bukolooto Ward,Ndeeba CU Primary School,Government,Female,Division 2,34
d102,c102,s109,p145,Kayunga,Ntenjeru,2020,Kayunga Town Council,Bukolooto Ward,Ndeeba CU Primary School,Government,Male,Division 3,5
d102,c102,s109,p145,Kayunga,Ntenjeru,2020,Kayunga Town Council,Bukolooto Ward,Ndeeba CU Primary School,Government,Female,Division 3,8
d102,c102,s109,p145,Kayunga,Ntenjeru,2020,Kayunga Town Council,Bukolooto Ward,Ndeeba CU Primary School,Government,Male,Division 4,2
d102,c102,s109,p145,Kayunga,Ntenjeru,2020,Kayunga Town Council,Bukolooto Ward,Ndeeba CU Primary School,Government,Female,Division 4,2
d102,c102,s109,p145,Kayunga,Ntenjeru,2020,Kayunga Town Council,Bukolooto Ward,Ndeeba CU Primary School,Government,Male,Division U,0
d102,c102,s109,p145,Kayunga,Ntenjeru,2020,Kayunga Town Council,Bukolooto Ward,Ndeeba CU Primary School,Government,Female,Division U,0
d102,c102,s109,p145,Kayunga,Ntenjeru,2020,Kayunga Town Council,Bukolooto Ward,Ndeeba CU Primary School,Government,Male,Division X,1
d102,c102,s109,p145,Kayunga,Ntenjeru,2020,Kayunga Town Council,Bukolooto Ward,Ndeeba CU Primary School,Government,Female,Division X,1
d102,c102,s109,p146,Kayunga,Ntenjeru,2020,Kayunga Town Council,Ntenjeru Ward,St Regina Primary School,Private,Male,Division 1,11
d102,c102,s109,p146,Kayunga,Ntenjeru,2020,Kayunga Town Council,Ntenjeru Ward,St Regina Primary School,Private,Female,Division 1,13
d102,c102,s109,p146,Kayunga,Ntenjeru,2020,Kayunga Town Council,Ntenjeru Ward,St Regina Primary School,Private,Male,Division 2,8
d102,c102,s109,p146,Kayunga,Ntenjeru,2020,Kayunga Town Council,Ntenjeru Ward,St Regina Primary School,Private,Female,Division 2,8
d102,c102,s109,p146,Kayunga,Ntenjeru,2020,Kayunga Town Council,Ntenjeru Ward,St Regina Primary School,Private,Male,Division 3,0
d102,c102,s109,p146,Kayunga,Ntenjeru,2020,Kayunga Town Council,Ntenjeru Ward,St Regina Primary School,Private,Female,Division 3,0
d102,c102,s109,p146,Kayunga,Ntenjeru,2020,Kayunga Town Council,Ntenjeru Ward,St Regina Primary School,Private,Male,Division 4,0
d102,c102,s109,p146,Kayunga,Ntenjeru,2020,Kayunga Town Council,Ntenjeru Ward,St Regina Primary School,Private,Female,Division 4,0
d102,c102,s109,p146,Kayunga,Ntenjeru,2020,Kayunga Town Council,Ntenjeru Ward,St Regina Primary School,Private,Male,Division U,0
d102,c102,s109,p146,Kayunga,Ntenjeru,2020,Kayunga Town Council,Ntenjeru Ward,St Regina Primary School,Private,Female,Division U,0
d102,c102,s109,p146,Kayunga,Ntenjeru,2020,Kayunga Town Council,Ntenjeru Ward,St Regina Primary School,Private,Male,Division X,0
d102,c102,s109,p146,Kayunga,Ntenjeru,2020,Kayunga Town Council,Ntenjeru Ward,St Regina Primary School,Private,Female,Division X,0
d102,c102,s109,p146,Kayunga,Ntenjeru,2020,Kayunga Town Council,Ntenjeru Ward,Tente Primary School,Government,Male,Division 1,15
d102,c102,s109,p146,Kayunga,Ntenjeru,2020,Kayunga Town Council,Ntenjeru Ward,Tente Primary School,Government,Female,Division 1,7
d102,c102,s109,p146,Kayunga,Ntenjeru,2020,Kayunga Town Council,Ntenjeru Ward,Tente Primary School,Government,Male,Division 2,20
d102,c102,s109,p146,Kayunga,Ntenjeru,2020,Kayunga Town Council,Ntenjeru Ward,Tente Primary School,Government,Female,Division 2,24
d102,c102,s109,p146,Kayunga,Ntenjeru,2020,Kayunga Town Council,Ntenjeru Ward,Tente Primary School,Government,Male,Division 3,4
d102,c102,s109,p146,Kayunga,Ntenjeru,2020,Kayunga Town Council,Ntenjeru Ward,Tente Primary School,Government,Female,Division 3,4
d102,c102,s109,p146,Kayunga,Ntenjeru,2020,Kayunga Town Council,Ntenjeru Ward,Tente Primary School,Government,Male,Division 4,4
d102,c102,s109,p146,Kayunga,Ntenjeru,2020,Kayunga Town Council,Ntenjeru Ward,Tente Primary School,Government,Female,Division 4,3
d102,c102,s109,p146,Kayunga,Ntenjeru,2020,Kayunga Town Council,Ntenjeru Ward,Tente Primary School,Government,Male,Division U,0
d102,c102,s109,p146,Kayunga,Ntenjeru,2020,Kayunga Town Council,Ntenjeru Ward,Tente Primary School,Government,Female,Division U,1
d102,c102,s109,p146,Kayunga,Ntenjeru,2020,Kayunga Town Council,Ntenjeru Ward,Tente Primary School,Government,Male,Division X,1
d102,c102,s109,p146,Kayunga,Ntenjeru,2020,Kayunga Town Council,Ntenjeru Ward,Tente Primary School,Government,Female,Division X,0
d102,c102,s110,p159,Kayunga,Ntenjeru,2020,Busaana Town Council,Kasana Ward,Bugaddu CU Primary School,Government,Male,Division 1,2
d102,c102,s110,p159,Kayunga,Ntenjeru,2020,Busaana Town Council,Kasana Ward,Bugaddu CU Primary School,Government,Female,Division 1,1
d102,c102,s110,p159,Kayunga,Ntenjeru,2020,Busaana Town Council,Kasana Ward,Bugaddu CU Primary School,Government,Male,Division 2,14
d102,c102,s110,p159,Kayunga,Ntenjeru,2020,Busaana Town Council,Kasana Ward,Bugaddu CU Primary School,Government,Female,Division 2,16
d102,c102,s110,p159,Kayunga,Ntenjeru,2020,Busaana Town Council,Kasana Ward,Bugaddu CU Primary School,Government,Male,Division 3,10
d102,c102,s110,p159,Kayunga,Ntenjeru,2020,Busaana Town Council,Kasana Ward,Bugaddu CU Primary School,Government,Female,Division 3,18
d102,c102,s110,p159,Kayunga,Ntenjeru,2020,Busaana Town Council,Kasana Ward,Bugaddu CU Primary School,Government,Male,Division 4,15
d102,c102,s110,p159,Kayunga,Ntenjeru,2020,Busaana Town Council,Kasana Ward,Bugaddu CU Primary School,Government,Female,Division 4,12
d102,c102,s110,p159,Kayunga,Ntenjeru,2020,Busaana Town Council,Kasana Ward,Bugaddu CU Primary School,Government,Male,Division U,14
d102,c102,s110,p159,Kayunga,Ntenjeru,2020,Busaana Town Council,Kasana Ward,Bugaddu CU Primary School,Government,Female,Division U,10
d102,c102,s110,p159,Kayunga,Ntenjeru,2020,Busaana Town Council,Kasana Ward,Bugaddu CU Primary School,Government,Male,Division X,2
d102,c102,s110,p159,Kayunga,Ntenjeru,2020,Busaana Town Council,Kasana Ward,Bugaddu CU Primary School,Government,Female,Division X,1
d102,c102,s110,p159,Kayunga,Ntenjeru,2020,Busaana Town Council,Kasana Ward,Busaana CU Primary School,Government,Male,Division 1,3
d102,c102,s110,p159,Kayunga,Ntenjeru,2020,Busaana Town Council,Kasana Ward,Busaana CU Primary School,Government,Female,Division 1,2
d102,c102,s110,p159,Kayunga,Ntenjeru,2020,Busaana Town Council,Kasana Ward,Busaana CU Primary School,Government,Male,Division 2,29
d102,c102,s110,p159,Kayunga,Ntenjeru,2020,Busaana Town Council,Kasana Ward,Busaana CU Primary School,Government,Female,Division 2,32
d102,c102,s110,p159,Kayunga,Ntenjeru,2020,Busaana Town Council,Kasana Ward,Busaana CU Primary School,Government,Male,Division 3,19
d102,c102,s110,p159,Kayunga,Ntenjeru,2020,Busaana Town Council,Kasana Ward,Busaana CU Primary School,Government,Female,Division 3,10
d102,c102,s110,p159,Kayunga,Ntenjeru,2020,Busaana Town Council,Kasana Ward,Busaana CU Primary School,Government,Male,Division 4,13
d102,c102,s110,p159,Kayunga,Ntenjeru,2020,Busaana Town Council,Kasana Ward,Busaana CU Primary School,Government,Female,Division 4,15
d102,c102,s110,p159,Kayunga,Ntenjeru,2020,Busaana Town Council,Kasana Ward,Busaana CU Primary School,Government,Male,Division U,4
d102,c102,s110,p159,Kayunga,Ntenjeru,2020,Busaana Town Council,Kasana Ward,Busaana CU Primary School,Government,Female,Division U,10
d102,c102,s110,p159,Kayunga,Ntenjeru,2020,Busaana Town Council,Kasana Ward,Busaana CU Primary School,Government,Male,Division X,3
d102,c102,s110,p159,Kayunga,Ntenjeru,2020,Busaana Town Council,Kasana Ward,Busaana CU Primary School,Government,Female,Division X,1
d102,c102,s110,p159,Kayunga,Ntenjeru,2020,Busaana Town Council,Kasana Ward,Busaana Parents Primary School,Private,Male,Division 1,14
d102,c102,s110,p159,Kayunga,Ntenjeru,2020,Busaana Town Council,Kasana Ward,Busaana Parents Primary School,Private,Female,Division 1,7
d102,c102,s110,p159,Kayunga,Ntenjeru,2020,Busaana Town Council,Kasana Ward,Busaana Parents Primary School,Private,Male,Division 2,15
d102,c102,s110,p159,Kayunga,Ntenjeru,2020,Busaana Town Council,Kasana Ward,Busaana Parents Primary School,Private,Female,Division 2,9
d102,c102,s110,p159,Kayunga,Ntenjeru,2020,Busaana Town Council,Kasana Ward,Busaana Parents Primary School,Private,Male,Division 3,0
d102,c102,s110,p159,Kayunga,Ntenjeru,2020,Busaana Town Council,Kasana Ward,Busaana Parents Primary School,Private,Female,Division 3,0
d102,c102,s110,p159,Kayunga,Ntenjeru,2020,Busaana Town Council,Kasana Ward,Busaana Parents Primary School,Private,Male,Division 4,0
d102,c102,s110,p159,Kayunga,Ntenjeru,2020,Busaana Town Council,Kasana Ward,Busaana Parents Primary School,Private,Female,Division 4,0
d102,c102,s110,p159,Kayunga,Ntenjeru,2020,Busaana Town Council,Kasana Ward,Busaana Parents Primary School,Private,Male,Division U,0
d102,c102,s110,p159,Kayunga,Ntenjeru,2020,Busaana Town Council,Kasana Ward,Busaana Parents Primary School,Private,Female,Division U,0
d102,c102,s110,p159,Kayunga,Ntenjeru,2020,Busaana Town Council,Kasana Ward,Busaana Parents Primary School,Private,Male,Division X,0
d102,c102,s110,p159,Kayunga,Ntenjeru,2020,Busaana Town Council,Kasana Ward,Busaana Parents Primary School,Private,Female,Division X,0
d102,c102,s110,p159,Kayunga,Ntenjeru,2020,Busaana Town Council,Kasana Ward,Busaana RC Primary School,Government,Male,Division 1,0
d102,c102,s110,p159,Kayunga,Ntenjeru,2020,Busaana Town Council,Kasana Ward,Busaana RC Primary School,Government,Female,Division 1,0
d102,c102,s110,p159,Kayunga,Ntenjeru,2020,Busaana Town Council,Kasana Ward,Busaana RC Primary School,Government,Male,Division 2,3
d102,c102,s110,p159,Kayunga,Ntenjeru,2020,Busaana Town Council,Kasana Ward,Busaana RC Primary School,Government,Female,Division 2,2
d102,c102,s110,p159,Kayunga,Ntenjeru,2020,Busaana Town Council,Kasana Ward,Busaana RC Primary School,Government,Male,Division 3,3
d102,c102,s110,p159,Kayunga,Ntenjeru,2020,Busaana Town Council,Kasana Ward,Busaana RC Primary School,Government,Female,Division 3,5
d102,c102,s110,p159,Kayunga,Ntenjeru,2020,Busaana Town Council,Kasana Ward,Busaana RC Primary School,Government,Male,Division 4,5
d102,c102,s110,p159,Kayunga,Ntenjeru,2020,Busaana Town Council,Kasana Ward,Busaana RC Primary School,Government,Female,Division 4,0
d102,c102,s110,p159,Kayunga,Ntenjeru,2020,Busaana Town Council,Kasana Ward,Busaana RC Primary School,Government,Male,Division U,4
d102,c102,s110,p159,Kayunga,Ntenjeru,2020,Busaana Town Council,Kasana Ward,Busaana RC Primary School,Government,Female,Division U,3
d102,c102,s110,p159,Kayunga,Ntenjeru,2020,Busaana Town Council,Kasana Ward,Busaana RC Primary School,Government,Male,Division X,1
d102,c102,s110,p159,Kayunga,Ntenjeru,2020,Busaana Town Council,Kasana Ward,Busaana RC Primary School,Government,Female,Division X,0
d102,c102,s110,p159,Kayunga,Ntenjeru,2020,Busaana Town Council,Kasana Ward,Kasana CU Primary School,Government,Male,Division 1,3
d102,c102,s110,p159,Kayunga,Ntenjeru,2020,Busaana Town Council,Kasana Ward,Kasana CU Primary School,Government,Female,Division 1,1
d102,c102,s110,p159,Kayunga,Ntenjeru,2020,Busaana Town Council,Kasana Ward,Kasana CU Primary School,Government,Male,Division 2,22
d102,c102,s110,p159,Kayunga,Ntenjeru,2020,Busaana Town Council,Kasana Ward,Kasana CU Primary School,Government,Female,Division 2,24
d102,c102,s110,p159,Kayunga,Ntenjeru,2020,Busaana Town Council,Kasana Ward,Kasana CU Primary School,Government,Male,Division 3,5
d102,c102,s110,p159,Kayunga,Ntenjeru,2020,Busaana Town Council,Kasana Ward,Kasana CU Primary School,Government,Female,Division 3,6
d102,c102,s110,p159,Kayunga,Ntenjeru,2020,Busaana Town Council,Kasana Ward,Kasana CU Primary School,Government,Male,Division 4,6
d102,c102,s110,p159,Kayunga,Ntenjeru,2020,Busaana Town Council,Kasana Ward,Kasana CU Primary School,Government,Female,Division 4,13
d102,c102,s110,p159,Kayunga,Ntenjeru,2020,Busaana Town Council,Kasana Ward,Kasana CU Primary School,Government,Male,Division U,2
d102,c102,s110,p159,Kayunga,Ntenjeru,2020,Busaana Town Council,Kasana Ward,Kasana CU Primary School,Government,Female,Division U,4
d102,c102,s110,p159,Kayunga,Ntenjeru,2020,Busaana Town Council,Kasana Ward,Kasana CU Primary School,Government,Male,Division X,2
d102,c102,s110,p159,Kayunga,Ntenjeru,2020,Busaana Town Council,Kasana Ward,Kasana CU Primary School,Government,Female,Division X,2
d102,c102,s110,p161,Kayunga,Ntenjeru,2020,Busaana Town Council,Namukuma Ward,Kyayaye RC Primary School,Government,Male,Division 1,0
d102,c102,s110,p161,Kayunga,Ntenjeru,2020,Busaana Town Council,Namukuma Ward,Kyayaye RC Primary School,Government,Female,Division 1,0
d102,c102,s110,p161,Kayunga,Ntenjeru,2020,Busaana Town Council,Namukuma Ward,Kyayaye RC Primary School,Government,Male,Division 2,3
d102,c102,s110,p161,Kayunga,Ntenjeru,2020,Busaana Town Council,Namukuma Ward,Kyayaye RC Primary School,Government,Female,Division 2,2
d102,c102,s110,p161,Kayunga,Ntenjeru,2020,Busaana Town Council,Namukuma Ward,Kyayaye RC Primary School,Government,Male,Division 3,6
d102,c102,s110,p161,Kayunga,Ntenjeru,2020,Busaana Town Council,Namukuma Ward,Kyayaye RC Primary School,Government,Female,Division 3,4
d102,c102,s110,p161,Kayunga,Ntenjeru,2020,Busaana Town Council,Namukuma Ward,Kyayaye RC Primary School,Government,Male,Division 4,8
d102,c102,s110,p161,Kayunga,Ntenjeru,2020,Busaana Town Council,Namukuma Ward,Kyayaye RC Primary School,Government,Female,Division 4,4
d102,c102,s110,p161,Kayunga,Ntenjeru,2020,Busaana Town Council,Namukuma Ward,Kyayaye RC Primary School,Government,Male,Division U,10
d102,c102,s110,p161,Kayunga,Ntenjeru,2020,Busaana Town Council,Namukuma Ward,Kyayaye RC Primary School,Government,Female,Division U,16
d102,c102,s110,p161,Kayunga,Ntenjeru,2020,Busaana Town Council,Namukuma Ward,Kyayaye RC Primary School,Government,Male,Division X,0
d102,c102,s110,p161,Kayunga,Ntenjeru,2020,Busaana Town Council,Namukuma Ward,Kyayaye RC Primary School,Government,Female,Division X,0
d102,c102,s110,p160,Kayunga,Ntenjeru,2020,Busaana Town Council,Lusenke Ward,Kyengera CU Primary School,Government,Male,Division 1,0
d102,c102,s110,p160,Kayunga,Ntenjeru,2020,Busaana Town Council,Lusenke Ward,Kyengera CU Primary School,Government,Female,Division 1,0
d102,c102,s110,p160,Kayunga,Ntenjeru,2020,Busaana Town Council,Lusenke Ward,Kyengera CU Primary School,Government,Male,Division 2,6
d102,c102,s110,p160,Kayunga,Ntenjeru,2020,Busaana Town Council,Lusenke Ward,Kyengera CU Primary School,Government,Female,Division 2,5
d102,c102,s110,p160,Kayunga,Ntenjeru,2020,Busaana Town Council,Lusenke Ward,Kyengera CU Primary School,Government,Male,Division 3,3
d102,c102,s110,p160,Kayunga,Ntenjeru,2020,Busaana Town Council,Lusenke Ward,Kyengera CU Primary School,Government,Female,Division 3,2
d102,c102,s110,p160,Kayunga,Ntenjeru,2020,Busaana Town Council,Lusenke Ward,Kyengera CU Primary School,Government,Male,Division 4,8
d102,c102,s110,p160,Kayunga,Ntenjeru,2020,Busaana Town Council,Lusenke Ward,Kyengera CU Primary School,Government,Female,Division 4,4
d102,c102,s110,p160,Kayunga,Ntenjeru,2020,Busaana Town Council,Lusenke Ward,Kyengera CU Primary School,Government,Male,Division U,11
d102,c102,s110,p160,Kayunga,Ntenjeru,2020,Busaana Town Council,Lusenke Ward,Kyengera CU Primary School,Government,Female,Division U,9
d102,c102,s110,p160,Kayunga,Ntenjeru,2020,Busaana Town Council,Lusenke Ward,Kyengera CU Primary School,Government,Male,Division X,0
d102,c102,s110,p160,Kayunga,Ntenjeru,2020,Busaana Town Council,Lusenke Ward,Kyengera CU Primary School,Government,Female,Division X,1
d102,c102,s110,p162,Kayunga,Ntenjeru,2020,Busaana Town Council,Namirembe Ward,Namirembe CU Primary School,Government,Male,Division 1,0
d102,c102,s110,p162,Kayunga,Ntenjeru,2020,Busaana Town Council,Namirembe Ward,Namirembe CU Primary School,Government,Female,Division 1,0
d102,c102,s110,p162,Kayunga,Ntenjeru,2020,Busaana Town Council,Namirembe Ward,Namirembe CU Primary School,Government,Male,Division 2,2
d102,c102,s110,p162,Kayunga,Ntenjeru,2020,Busaana Town Council,Namirembe Ward,Namirembe CU Primary School,Government,Female,Division 2,1
d102,c102,s110,p162,Kayunga,Ntenjeru,2020,Busaana Town Council,Namirembe Ward,Namirembe CU Primary School,Government,Male,Division 3,7
d102,c102,s110,p162,Kayunga,Ntenjeru,2020,Busaana Town Council,Namirembe Ward,Namirembe CU Primary School,Government,Female,Division 3,4
d102,c102,s110,p162,Kayunga,Ntenjeru,2020,Busaana Town Council,Namirembe Ward,Namirembe CU Primary School,Government,Male,Division 4,5
d102,c102,s110,p162,Kayunga,Ntenjeru,2020,Busaana Town Council,Namirembe Ward,Namirembe CU Primary School,Government,Female,Division 4,4
d102,c102,s110,p162,Kayunga,Ntenjeru,2020,Busaana Town Council,Namirembe Ward,Namirembe CU Primary School,Government,Male,Division U,6
d102,c102,s110,p162,Kayunga,Ntenjeru,2020,Busaana Town Council,Namirembe Ward,Namirembe CU Primary School,Government,Female,Division U,4
d102,c102,s110,p162,Kayunga,Ntenjeru,2020,Busaana Town Council,Namirembe Ward,Namirembe CU Primary School,Government,Male,Division X,0
d102,c102,s110,p162,Kayunga,Ntenjeru,2020,Busaana Town Council,Namirembe Ward,Namirembe CU Primary School,Government,Female,Division X,0
d102,c102,s110,p159,Kayunga,Ntenjeru,2020,Busaana Town Council,Kasana Ward,Noble Hill Primary School,Private,Male,Division 1,2
d102,c102,s110,p159,Kayunga,Ntenjeru,2020,Busaana Town Council,Kasana Ward,Noble Hill Primary School,Private,Female,Division 1,1
d102,c102,s110,p159,Kayunga,Ntenjeru,2020,Busaana Town Council,Kasana Ward,Noble Hill Primary School,Private,Male,Division 2,20
d102,c102,s110,p159,Kayunga,Ntenjeru,2020,Busaana Town Council,Kasana Ward,Noble Hill Primary School,Private,Female,Division 2,17
d102,c102,s110,p159,Kayunga,Ntenjeru,2020,Busaana Town Council,Kasana Ward,Noble Hill Primary School,Private,Male,Division 3,10
d102,c102,s110,p159,Kayunga,Ntenjeru,2020,Busaana Town Council,Kasana Ward,Noble Hill Primary School,Private,Female,Division 3,6
d102,c102,s110,p159,Kayunga,Ntenjeru,2020,Busaana Town Council,Kasana Ward,Noble Hill Primary School,Private,Male,Division 4,5
d102,c102,s110,p159,Kayunga,Ntenjeru,2020,Busaana Town Council,Kasana Ward,Noble Hill Primary School,Private,Female,Division 4,5
d102,c102,s110,p159,Kayunga,Ntenjeru,2020,Busaana Town Council,Kasana Ward,Noble Hill Primary School,Private,Male,Division U,4
d102,c102,s110,p159,Kayunga,Ntenjeru,2020,Busaana Town Council,Kasana Ward,Noble Hill Primary School,Private,Female,Division U,1
d102,c102,s110,p159,Kayunga,Ntenjeru,2020,Busaana Town Council,Kasana Ward,Noble Hill Primary School,Private,Male,Division X,1
d102,c102,s110,p159,Kayunga,Ntenjeru,2020,Busaana Town Council,Kasana Ward,Noble Hill Primary School,Private,Female,Division X,0
d102,c102,s112,p166,Kayunga,Ntenjeru,2020,Kangulumira Town Council,Kangulumira Ward,Catherine Primary School,Private,Male,Division 1,1
d102,c102,s112,p166,Kayunga,Ntenjeru,2020,Kangulumira Town Council,Kangulumira Ward,Catherine Primary School,Private,Female,Division 1,0
d102,c102,s112,p166,Kayunga,Ntenjeru,2020,Kangulumira Town Council,Kangulumira Ward,Catherine Primary School,Private,Male,Division 2,9
d102,c102,s112,p166,Kayunga,Ntenjeru,2020,Kangulumira Town Council,Kangulumira Ward,Catherine Primary School,Private,Female,Division 2,9
d102,c102,s112,p166,Kayunga,Ntenjeru,2020,Kangulumira Town Council,Kangulumira Ward,Catherine Primary School,Private,Male,Division 3,2
d102,c102,s112,p166,Kayunga,Ntenjeru,2020,Kangulumira Town Council,Kangulumira Ward,Catherine Primary School,Private,Female,Division 3,1
d102,c102,s112,p166,Kayunga,Ntenjeru,2020,Kangulumira Town Council,Kangulumira Ward,Catherine Primary School,Private,Male,Division 4,1
d102,c102,s112,p166,Kayunga,Ntenjeru,2020,Kangulumira Town Council,Kangulumira Ward,Catherine Primary School,Private,Female,Division 4,0
d102,c102,s112,p166,Kayunga,Ntenjeru,2020,Kangulumira Town Council,Kangulumira Ward,Catherine Primary School,Private,Male,Division U,0
d102,c102,s112,p166,Kayunga,Ntenjeru,2020,Kangulumira Town Council,Kangulumira Ward,Catherine Primary School,Private,Female,Division U,0
d102,c102,s112,p166,Kayunga,Ntenjeru,2020,Kangulumira Town Council,Kangulumira Ward,Catherine Primary School,Private,Male,Division X,0
d102,c102,s112,p166,Kayunga,Ntenjeru,2020,Kangulumira Town Council,Kangulumira Ward,Catherine Primary School,Private,Female,Division X,0
d102,c102,s112,p168,Kayunga,Ntenjeru,2020,Kangulumira Town Council,Nakatundu Ward,Kamuli UMEA Primary School,Government,Male,Division 1,9
d102,c102,s112,p168,Kayunga,Ntenjeru,2020,Kangulumira Town Council,Nakatundu Ward,Kamuli UMEA Primary School,Government,Female,Division 1,5
d102,c102,s112,p168,Kayunga,Ntenjeru,2020,Kangulumira Town Council,Nakatundu Ward,Kamuli UMEA Primary School,Government,Male,Division 2,30
d102,c102,s112,p168,Kayunga,Ntenjeru,2020,Kangulumira Town Council,Nakatundu Ward,Kamuli UMEA Primary School,Government,Female,Division 2,26
d102,c102,s112,p168,Kayunga,Ntenjeru,2020,Kangulumira Town Council,Nakatundu Ward,Kamuli UMEA Primary School,Government,Male,Division 3,13
d102,c102,s112,p168,Kayunga,Ntenjeru,2020,Kangulumira Town Council,Nakatundu Ward,Kamuli UMEA Primary School,Government,Female,Division 3,21
d102,c102,s112,p168,Kayunga,Ntenjeru,2020,Kangulumira Town Council,Nakatundu Ward,Kamuli UMEA Primary School,Government,Male,Division 4,12
d102,c102,s112,p168,Kayunga,Ntenjeru,2020,Kangulumira Town Council,Nakatundu Ward,Kamuli UMEA Primary School,Government,Female,Division 4,30
d102,c102,s112,p168,Kayunga,Ntenjeru,2020,Kangulumira Town Council,Nakatundu Ward,Kamuli UMEA Primary School,Government,Male,Division U,7
d102,c102,s112,p168,Kayunga,Ntenjeru,2020,Kangulumira Town Council,Nakatundu Ward,Kamuli UMEA Primary School,Government,Female,Division U,11
d102,c102,s112,p168,Kayunga,Ntenjeru,2020,Kangulumira Town Council,Nakatundu Ward,Kamuli UMEA Primary School,Government,Male,Division X,2
d102,c102,s112,p168,Kayunga,Ntenjeru,2020,Kangulumira Town Council,Nakatundu Ward,Kamuli UMEA Primary School,Government,Female,Division X,2
d102,c102,s112,p166,Kayunga,Ntenjeru,2020,Kangulumira Town Council,Kangulumira Ward,Kangulumira CU Primary School,Government,Male,Division 1,
d102,c102,s112,p166,Kayunga,Ntenjeru,2020,Kangulumira Town Council,Kangulumira Ward,Kangulumira CU Primary School,Government,Female,Division 1,
d102,c102,s112,p166,Kayunga,Ntenjeru,2020,Kangulumira Town Council,Kangulumira Ward,Kangulumira CU Primary School,Government,Male,Division 2,
d102,c102,s112,p166,Kayunga,Ntenjeru,2020,Kangulumira Town Council,Kangulumira Ward,Kangulumira CU Primary School,Government,Female,Division 2,
d102,c102,s112,p166,Kayunga,Ntenjeru,2020,Kangulumira Town Council,Kangulumira Ward,Kangulumira CU Primary School,Government,Male,Division 3,
d102,c102,s112,p166,Kayunga,Ntenjeru,2020,Kangulumira Town Council,Kangulumira Ward,Kangulumira CU Primary School,Government,Female,Division 3,
d102,c102,s112,p166,Kayunga,Ntenjeru,2020,Kangulumira Town Council,Kangulumira Ward,Kangulumira CU Primary School,Government,Male,Division 4,
d102,c102,s112,p166,Kayunga,Ntenjeru,2020,Kangulumira Town Council,Kangulumira Ward,Kangulumira CU Primary School,Government,Female,Division 4,
d102,c102,s112,p166,Kayunga,Ntenjeru,2020,Kangulumira Town Council,Kangulumira Ward,Kangulumira CU Primary School,Government,Male,Division U,
d102,c102,s112,p166,Kayunga,Ntenjeru,2020,Kangulumira Town Council,Kangulumira Ward,Kangulumira CU Primary School,Government,Female,Division U,
d102,c102,s112,p166,Kayunga,Ntenjeru,2020,Kangulumira Town Council,Kangulumira Ward,Kangulumira CU Primary School,Government,Male,Division X,
d102,c102,s112,p166,Kayunga,Ntenjeru,2020,Kangulumira Town Council,Kangulumira Ward,Kangulumira CU Primary School,Government,Female,Division X,
d102,c102,s112,p166,Kayunga,Ntenjeru,2020,Kangulumira Town Council,Kangulumira Ward,Kangulumira Muslim Primary School,Government,Male,Division 1,2
d102,c102,s112,p166,Kayunga,Ntenjeru,2020,Kangulumira Town Council,Kangulumira Ward,Kangulumira Muslim Primary School,Government,Female,Division 1,1
d102,c102,s112,p166,Kayunga,Ntenjeru,2020,Kangulumira Town Council,Kangulumira Ward,Kangulumira Muslim Primary School,Government,Male,Division 2,28
d102,c102,s112,p166,Kayunga,Ntenjeru,2020,Kangulumira Town Council,Kangulumira Ward,Kangulumira Muslim Primary School,Government,Female,Division 2,22
d102,c102,s112,p166,Kayunga,Ntenjeru,2020,Kangulumira Town Council,Kangulumira Ward,Kangulumira Muslim Primary School,Government,Male,Division 3,20
d102,c102,s112,p166,Kayunga,Ntenjeru,2020,Kangulumira Town Council,Kangulumira Ward,Kangulumira Muslim Primary School,Government,Female,Division 3,15
d102,c102,s112,p166,Kayunga,Ntenjeru,2020,Kangulumira Town Council,Kangulumira Ward,Kangulumira Muslim Primary School,Government,Male,Division 4,15
d102,c102,s112,p166,Kayunga,Ntenjeru,2020,Kangulumira Town Council,Kangulumira Ward,Kangulumira Muslim Primary School,Government,Female,Division 4,15
d102,c102,s112,p166,Kayunga,Ntenjeru,2020,Kangulumira Town Council,Kangulumira Ward,Kangulumira Muslim Primary School,Government,Male,Division U,10
d102,c102,s112,p166,Kayunga,Ntenjeru,2020,Kangulumira Town Council,Kangulumira Ward,Kangulumira Muslim Primary School,Government,Female,Division U,11
d102,c102,s112,p166,Kayunga,Ntenjeru,2020,Kangulumira Town Council,Kangulumira Ward,Kangulumira Muslim Primary School,Government,Male,Division X,2
d102,c102,s112,p166,Kayunga,Ntenjeru,2020,Kangulumira Town Council,Kangulumira Ward,Kangulumira Muslim Primary School,Government,Female,Division X,4
d102,c102,s112,p166,Kayunga,Ntenjeru,2020,Kangulumira Town Council,Kangulumira Ward,Kangulumira RC Primary School,Government,Male,Division 1,2
d102,c102,s112,p166,Kayunga,Ntenjeru,2020,Kangulumira Town Council,Kangulumira Ward,Kangulumira RC Primary School,Government,Female,Division 1,0
d102,c102,s112,p166,Kayunga,Ntenjeru,2020,Kangulumira Town Council,Kangulumira Ward,Kangulumira RC Primary School,Government,Male,Division 2,40
d102,c102,s112,p166,Kayunga,Ntenjeru,2020,Kangulumira Town Council,Kangulumira Ward,Kangulumira RC Primary School,Government,Female,Division 2,21
d102,c102,s112,p166,Kayunga,Ntenjeru,2020,Kangulumira Town Council,Kangulumira Ward,Kangulumira RC Primary School,Government,Male,Division 3,4
d102,c102,s112,p166,Kayunga,Ntenjeru,2020,Kangulumira Town Council,Kangulumira Ward,Kangulumira RC Primary School,Government,Female,Division 3,2
d102,c102,s112,p166,Kayunga,Ntenjeru,2020,Kangulumira Town Council,Kangulumira Ward,Kangulumira RC Primary School,Government,Male,Division 4,20
d102,c102,s112,p166,Kayunga,Ntenjeru,2020,Kangulumira Town Council,Kangulumira Ward,Kangulumira RC Primary School,Government,Female,Division 4,13
d102,c102,s112,p166,Kayunga,Ntenjeru,2020,Kangulumira Town Council,Kangulumira Ward,Kangulumira RC Primary School,Government,Male,Division U,0
d102,c102,s112,p166,Kayunga,Ntenjeru,2020,Kangulumira Town Council,Kangulumira Ward,Kangulumira RC Primary School,Government,Female,Division U,0
d102,c102,s112,p166,Kayunga,Ntenjeru,2020,Kangulumira Town Council,Kangulumira Ward,Kangulumira RC Primary School,Government,Male,Division X,1
d102,c102,s112,p166,Kayunga,Ntenjeru,2020,Kangulumira Town Council,Kangulumira Ward,Kangulumira RC Primary School,Government,Female,Division X,2
d102,c102,s112,p166,Kayunga,Ntenjeru,2020,Kangulumira Town Council,Kangulumira Ward,Kasambya Moslem Primary School,Government,Male,Division 1,0
d102,c102,s112,p166,Kayunga,Ntenjeru,2020,Kangulumira Town Council,Kangulumira Ward,Kasambya Moslem Primary School,Government,Female,Division 1,0
d102,c102,s112,p166,Kayunga,Ntenjeru,2020,Kangulumira Town Council,Kangulumira Ward,Kasambya Moslem Primary School,Government,Male,Division 2,4
d102,c102,s112,p166,Kayunga,Ntenjeru,2020,Kangulumira Town Council,Kangulumira Ward,Kasambya Moslem Primary School,Government,Female,Division 2,4
d102,c102,s112,p166,Kayunga,Ntenjeru,2020,Kangulumira Town Council,Kangulumira Ward,Kasambya Moslem Primary School,Government,Male,Division 3,2
d102,c102,s112,p166,Kayunga,Ntenjeru,2020,Kangulumira Town Council,Kangulumira Ward,Kasambya Moslem Primary School,Government,Female,Division 3,7
d102,c102,s112,p166,Kayunga,Ntenjeru,2020,Kangulumira Town Council,Kangulumira Ward,Kasambya Moslem Primary School,Government,Male,Division 4,2
d102,c102,s112,p166,Kayunga,Ntenjeru,2020,Kangulumira Town Council,Kangulumira Ward,Kasambya Moslem Primary School,Government,Female,Division 4,8
d102,c102,s112,p166,Kayunga,Ntenjeru,2020,Kangulumira Town Council,Kangulumira Ward,Kasambya Moslem Primary School,Government,Male,Division U,2
d102,c102,s112,p166,Kayunga,Ntenjeru,2020,Kangulumira Town Council,Kangulumira Ward,Kasambya Moslem Primary School,Government,Female,Division U,4
d102,c102,s112,p166,Kayunga,Ntenjeru,2020,Kangulumira Town Council,Kangulumira Ward,Kasambya Moslem Primary School,Government,Male,Division X,0
d102,c102,s112,p166,Kayunga,Ntenjeru,2020,Kangulumira Town Council,Kangulumira Ward,Kasambya Moslem Primary School,Government,Female,Division X,0
d102,c102,s112,p167,Kayunga,Ntenjeru,2020,Kangulumira Town Council,Kigayaza Ward,Kigayaza CU Primary School,Government,Male,Division 1,0
d102,c102,s112,p167,Kayunga,Ntenjeru,2020,Kangulumira Town Council,Kigayaza Ward,Kigayaza CU Primary School,Government,Female,Division 1,0
d102,c102,s112,p167,Kayunga,Ntenjeru,2020,Kangulumira Town Council,Kigayaza Ward,Kigayaza CU Primary School,Government,Male,Division 2,8
d102,c102,s112,p167,Kayunga,Ntenjeru,2020,Kangulumira Town Council,Kigayaza Ward,Kigayaza CU Primary School,Government,Female,Division 2,3
d102,c102,s112,p167,Kayunga,Ntenjeru,2020,Kangulumira Town Council,Kigayaza Ward,Kigayaza CU Primary School,Government,Male,Division 3,2
d102,c102,s112,p167,Kayunga,Ntenjeru,2020,Kangulumira Town Council,Kigayaza Ward,Kigayaza CU Primary School,Government,Female,Division 3,1
d102,c102,s112,p167,Kayunga,Ntenjeru,2020,Kangulumira Town Council,Kigayaza Ward,Kigayaza CU Primary School,Government,Male,Division 4,2
d102,c102,s112,p167,Kayunga,Ntenjeru,2020,Kangulumira Town Council,Kigayaza Ward,Kigayaza CU Primary School,Government,Female,Division 4,4
d102,c102,s112,p167,Kayunga,Ntenjeru,2020,Kangulumira Town Council,Kigayaza Ward,Kigayaza CU Primary School,Government,Male,Division U,4
d102,c102,s112,p167,Kayunga,Ntenjeru,2020,Kangulumira Town Council,Kigayaza Ward,Kigayaza CU Primary School,Government,Female,Division U,3
d102,c102,s112,p167,Kayunga,Ntenjeru,2020,Kangulumira Town Council,Kigayaza Ward,Kigayaza CU Primary School,Government,Male,Division X,1
d102,c102,s112,p167,Kayunga,Ntenjeru,2020,Kangulumira Town Council,Kigayaza Ward,Kigayaza CU Primary School,Government,Female,Division X,2
d102,c102,s112,p166,Kayunga,Ntenjeru,2020,Kangulumira Town Council,Kangulumira Ward,New ABC Devine Foundation,Private,Male,Division 1,100
d102,c102,s112,p166,Kayunga,Ntenjeru,2020,Kangulumira Town Council,Kangulumira Ward,New ABC Devine Foundation,Private,Female,Division 1,79
d102,c102,s112,p166,Kayunga,Ntenjeru,2020,Kangulumira Town Council,Kangulumira Ward,New ABC Devine Foundation,Private,Male,Division 2,16
d102,c102,s112,p166,Kayunga,Ntenjeru,2020,Kangulumira Town Council,Kangulumira Ward,New ABC Devine Foundation,Private,Female,Division 2,15
d102,c102,s112,p166,Kayunga,Ntenjeru,2020,Kangulumira Town Council,Kangulumira Ward,New ABC Devine Foundation,Private,Male,Division 3,0
d102,c102,s112,p166,Kayunga,Ntenjeru,2020,Kangulumira Town Council,Kangulumira Ward,New ABC Devine Foundation,Private,Female,Division 3,0
d102,c102,s112,p166,Kayunga,Ntenjeru,2020,Kangulumira Town Council,Kangulumira Ward,New ABC Devine Foundation,Private,Male,Division 4,0
d102,c102,s112,p166,Kayunga,Ntenjeru,2020,Kangulumira Town Council,Kangulumira Ward,New ABC Devine Foundation,Private,Female,Division 4,0
d102,c102,s112,p166,Kayunga,Ntenjeru,2020,Kangulumira Town Council,Kangulumira Ward,New ABC Devine Foundation,Private,Male,Division U,0
d102,c102,s112,p166,Kayunga,Ntenjeru,2020,Kangulumira Town Council,Kangulumira Ward,New ABC Devine Foundation,Private,Female,Division U,0
d102,c102,s112,p166,Kayunga,Ntenjeru,2020,Kangulumira Town Council,Kangulumira Ward,New ABC Devine Foundation,Private,Male,Division X,0
d102,c102,s112,p166,Kayunga,Ntenjeru,2020,Kangulumira Town Council,Kangulumira Ward,New ABC Devine Foundation,Private,Female,Division X,1
d102,c102,s112,p168,Kayunga,Ntenjeru,2020,Kangulumira Town Council,Nakatundu Ward,Nongo CU Primary School Kangulumira,Government,Male,Division 1,
d102,c102,s112,p168,Kayunga,Ntenjeru,2020,Kangulumira Town Council,Nakatundu Ward,Nongo CU Primary School Kangulumira,Government,Female,Division 1,
d102,c102,s112,p168,Kayunga,Ntenjeru,2020,Kangulumira Town Council,Nakatundu Ward,Nongo CU Primary School Kangulumira,Government,Male,Division 2,
d102,c102,s112,p168,Kayunga,Ntenjeru,2020,Kangulumira Town Council,Nakatundu Ward,Nongo CU Primary School Kangulumira,Government,Female,Division 2,
d102,c102,s112,p168,Kayunga,Ntenjeru,2020,Kangulumira Town Council,Nakatundu Ward,Nongo CU Primary School Kangulumira,Government,Male,Division 3,
d102,c102,s112,p168,Kayunga,Ntenjeru,2020,Kangulumira Town Council,Nakatundu Ward,Nongo CU Primary School Kangulumira,Government,Female,Division 3,
d102,c102,s112,p168,Kayunga,Ntenjeru,2020,Kangulumira Town Council,Nakatundu Ward,Nongo CU Primary School Kangulumira,Government,Male,Division 4,
d102,c102,s112,p168,Kayunga,Ntenjeru,2020,Kangulumira Town Council,Nakatundu Ward,Nongo CU Primary School Kangulumira,Government,Female,Division 4,
d102,c102,s112,p168,Kayunga,Ntenjeru,2020,Kangulumira Town Council,Nakatundu Ward,Nongo CU Primary School Kangulumira,Government,Male,Division U,
d102,c102,s112,p168,Kayunga,Ntenjeru,2020,Kangulumira Town Council,Nakatundu Ward,Nongo CU Primary School Kangulumira,Government,Female,Division U,
d102,c102,s112,p168,Kayunga,Ntenjeru,2020,Kangulumira Town Council,Nakatundu Ward,Nongo CU Primary School Kangulumira,Government,Male,Division X,
d102,c102,s112,p168,Kayunga,Ntenjeru,2020,Kangulumira Town Council,Nakatundu Ward,Nongo CU Primary School Kangulumira,Government,Female,Division X,
d102,c102,s112,p168,Kayunga,Ntenjeru,2020,Kangulumira Town Council,Nakatundu Ward,St Marys Child Empowerment Primary School,Private,Male,Division 1,0
d102,c102,s112,p168,Kayunga,Ntenjeru,2020,Kangulumira Town Council,Nakatundu Ward,St Marys Child Empowerment Primary School,Private,Female,Division 1,0
d102,c102,s112,p168,Kayunga,Ntenjeru,2020,Kangulumira Town Council,Nakatundu Ward,St Marys Child Empowerment Primary School,Private,Male,Division 2,5
d102,c102,s112,p168,Kayunga,Ntenjeru,2020,Kangulumira Town Council,Nakatundu Ward,St Marys Child Empowerment Primary School,Private,Female,Division 2,3
d102,c102,s112,p168,Kayunga,Ntenjeru,2020,Kangulumira Town Council,Nakatundu Ward,St Marys Child Empowerment Primary School,Private,Male,Division 3,2
d102,c102,s112,p168,Kayunga,Ntenjeru,2020,Kangulumira Town Council,Nakatundu Ward,St Marys Child Empowerment Primary School,Private,Female,Division 3,1
d102,c102,s112,p168,Kayunga,Ntenjeru,2020,Kangulumira Town Council,Nakatundu Ward,St Marys Child Empowerment Primary School,Private,Male,Division 4,1
d102,c102,s112,p168,Kayunga,Ntenjeru,2020,Kangulumira Town Council,Nakatundu Ward,St Marys Child Empowerment Primary School,Private,Female,Division 4,1
d102,c102,s112,p168,Kayunga,Ntenjeru,2020,Kangulumira Town Council,Nakatundu Ward,St Marys Child Empowerment Primary School,Private,Male,Division U,1
d102,c102,s112,p168,Kayunga,Ntenjeru,2020,Kangulumira Town Council,Nakatundu Ward,St Marys Child Empowerment Primary School,Private,Female,Division U,2
d102,c102,s112,p168,Kayunga,Ntenjeru,2020,Kangulumira Town Council,Nakatundu Ward,St Marys Child Empowerment Primary School,Private,Male,Division X,0
d102,c102,s112,p168,Kayunga,Ntenjeru,2020,Kangulumira Town Council,Nakatundu Ward,St Marys Child Empowerment Primary School,Private,Female,Division X,0
d102,c101,s113,p171,Kayunga,Bbaale,2020,Kitimbwa Town Council,Wabuyinja Ward,Kitimbwa CU Primary School,Government,Male,Division 1,0
d102,c101,s113,p171,Kayunga,Bbaale,2020,Kitimbwa Town Council,Wabuyinja Ward,Kitimbwa CU Primary School,Government,Female,Division 1,0
d102,c101,s113,p171,Kayunga,Bbaale,2020,Kitimbwa Town Council,Wabuyinja Ward,Kitimbwa CU Primary School,Government,Male,Division 2,1
d102,c101,s113,p171,Kayunga,Bbaale,2020,Kitimbwa Town Council,Wabuyinja Ward,Kitimbwa CU Primary School,Government,Female,Division 2,1
d102,c101,s113,p171,Kayunga,Bbaale,2020,Kitimbwa Town Council,Wabuyinja Ward,Kitimbwa CU Primary School,Government,Male,Division 3,3
d102,c101,s113,p171,Kayunga,Bbaale,2020,Kitimbwa Town Council,Wabuyinja Ward,Kitimbwa CU Primary School,Government,Female,Division 3,5
d102,c101,s113,p171,Kayunga,Bbaale,2020,Kitimbwa Town Council,Wabuyinja Ward,Kitimbwa CU Primary School,Government,Male,Division 4,5
d102,c101,s113,p171,Kayunga,Bbaale,2020,Kitimbwa Town Council,Wabuyinja Ward,Kitimbwa CU Primary School,Government,Female,Division 4,5
d102,c101,s113,p171,Kayunga,Bbaale,2020,Kitimbwa Town Council,Wabuyinja Ward,Kitimbwa CU Primary School,Government,Male,Division U,10
d102,c101,s113,p171,Kayunga,Bbaale,2020,Kitimbwa Town Council,Wabuyinja Ward,Kitimbwa CU Primary School,Government,Female,Division U,17
d102,c101,s113,p171,Kayunga,Bbaale,2020,Kitimbwa Town Council,Wabuyinja Ward,Kitimbwa CU Primary School,Government,Male,Division X,0
d102,c101,s113,p171,Kayunga,Bbaale,2020,Kitimbwa Town Council,Wabuyinja Ward,Kitimbwa CU Primary School,Government,Female,Division X,2
d102,c101,s113,p171,Kayunga,Bbaale,2020,Kitimbwa Town Council,Wabuyinja Ward,Kitimbwa Light SDA Primary School,Government,Male,Division 1,0
d102,c101,s113,p171,Kayunga,Bbaale,2020,Kitimbwa Town Council,Wabuyinja Ward,Kitimbwa Light SDA Primary School,Government,Female,Division 1,1
d102,c101,s113,p171,Kayunga,Bbaale,2020,Kitimbwa Town Council,Wabuyinja Ward,Kitimbwa Light SDA Primary School,Government,Male,Division 2,15
d102,c101,s113,p171,Kayunga,Bbaale,2020,Kitimbwa Town Council,Wabuyinja Ward,Kitimbwa Light SDA Primary School,Government,Female,Division 2,21
d102,c101,s113,p171,Kayunga,Bbaale,2020,Kitimbwa Town Council,Wabuyinja Ward,Kitimbwa Light SDA Primary School,Government,Male,Division 3,4
d102,c101,s113,p171,Kayunga,Bbaale,2020,Kitimbwa Town Council,Wabuyinja Ward,Kitimbwa Light SDA Primary School,Government,Female,Division 3,7
d102,c101,s113,p171,Kayunga,Bbaale,2020,Kitimbwa Town Council,Wabuyinja Ward,Kitimbwa Light SDA Primary School,Government,Male,Division 4,4
d102,c101,s113,p171,Kayunga,Bbaale,2020,Kitimbwa Town Council,Wabuyinja Ward,Kitimbwa Light SDA Primary School,Government,Female,Division 4,2
d102,c101,s113,p171,Kayunga,Bbaale,2020,Kitimbwa Town Council,Wabuyinja Ward,Kitimbwa Light SDA Primary School,Government,Male,Division U,0
d102,c101,s113,p171,Kayunga,Bbaale,2020,Kitimbwa Town Council,Wabuyinja Ward,Kitimbwa Light SDA Primary School,Government,Female,Division U,1
d102,c101,s113,p171,Kayunga,Bbaale,2020,Kitimbwa Town Council,Wabuyinja Ward,Kitimbwa Light SDA Primary School,Government,Male,Division X,0
d102,c101,s113,p171,Kayunga,Bbaale,2020,Kitimbwa Town Council,Wabuyinja Ward,Kitimbwa Light SDA Primary School,Government,Female,Division X,1
d102,c101,s113,p171,Kayunga,Bbaale,2020,Kitimbwa Town Council,Wabuyinja Ward,Kitimbwa RC Primary School,Government,Male,Division 1,0
d102,c101,s113,p171,Kayunga,Bbaale,2020,Kitimbwa Town Council,Wabuyinja Ward,Kitimbwa RC Primary School,Government,Female,Division 1,0
d102,c101,s113,p171,Kayunga,Bbaale,2020,Kitimbwa Town Council,Wabuyinja Ward,Kitimbwa RC Primary School,Government,Male,Division 2,11
d102,c101,s113,p171,Kayunga,Bbaale,2020,Kitimbwa Town Council,Wabuyinja Ward,Kitimbwa RC Primary School,Government,Female,Division 2,10
d102,c101,s113,p171,Kayunga,Bbaale,2020,Kitimbwa Town Council,Wabuyinja Ward,Kitimbwa RC Primary School,Government,Male,Division 3,12
d102,c101,s113,p171,Kayunga,Bbaale,2020,Kitimbwa Town Council,Wabuyinja Ward,Kitimbwa RC Primary School,Government,Female,Division 3,13
d102,c101,s113,p171,Kayunga,Bbaale,2020,Kitimbwa Town Council,Wabuyinja Ward,Kitimbwa RC Primary School,Government,Male,Division 4,7
d102,c101,s113,p171,Kayunga,Bbaale,2020,Kitimbwa Town Council,Wabuyinja Ward,Kitimbwa RC Primary School,Government,Female,Division 4,2
d102,c101,s113,p171,Kayunga,Bbaale,2020,Kitimbwa Town Council,Wabuyinja Ward,Kitimbwa RC Primary School,Government,Male,Division U,2
d102,c101,s113,p171,Kayunga,Bbaale,2020,Kitimbwa Town Council,Wabuyinja Ward,Kitimbwa RC Primary School,Government,Female,Division U,4
d102,c101,s113,p171,Kayunga,Bbaale,2020,Kitimbwa Town Council,Wabuyinja Ward,Kitimbwa RC Primary School,Government,Male,Division X,0
d102,c101,s113,p171,Kayunga,Bbaale,2020,Kitimbwa Town Council,Wabuyinja Ward,Kitimbwa RC Primary School,Government,Female,Division X,0
d102,c101,s113,p171,Kayunga,Bbaale,2020,Kitimbwa Town Council,Wabuyinja Ward,Kitimbwa UMEA Primary School,Government,Male,Division 1,0
d102,c101,s113,p171,Kayunga,Bbaale,2020,Kitimbwa Town Council,Wabuyinja Ward,Kitimbwa UMEA Primary School,Government,Female,Division 1,0
d102,c101,s113,p171,Kayunga,Bbaale,2020,Kitimbwa Town Council,Wabuyinja Ward,Kitimbwa UMEA Primary School,Government,Male,Division 2,0
d102,c101,s113,p171,Kayunga,Bbaale,2020,Kitimbwa Town Council,Wabuyinja Ward,Kitimbwa UMEA Primary School,Government,Female,Division 2,1
d102,c101,s113,p171,Kayunga,Bbaale,2020,Kitimbwa Town Council,Wabuyinja Ward,Kitimbwa UMEA Primary School,Government,Male,Division 3,2
d102,c101,s113,p171,Kayunga,Bbaale,2020,Kitimbwa Town Council,Wabuyinja Ward,Kitimbwa UMEA Primary School,Government,Female,Division 3,4
d102,c101,s113,p171,Kayunga,Bbaale,2020,Kitimbwa Town Council,Wabuyinja Ward,Kitimbwa UMEA Primary School,Government,Male,Division 4,1
d102,c101,s113,p171,Kayunga,Bbaale,2020,Kitimbwa Town Council,Wabuyinja Ward,Kitimbwa UMEA Primary School,Government,Female,Division 4,4
d102,c101,s113,p171,Kayunga,Bbaale,2020,Kitimbwa Town Council,Wabuyinja Ward,Kitimbwa UMEA Primary School,Government,Male,Division U,2
d102,c101,s113,p171,Kayunga,Bbaale,2020,Kitimbwa Town Council,Wabuyinja Ward,Kitimbwa UMEA Primary School,Government,Female,Division U,6
d102,c101,s113,p171,Kayunga,Bbaale,2020,Kitimbwa Town Council,Wabuyinja Ward,Kitimbwa UMEA Primary School,Government,Male,Division X,1
d102,c101,s113,p171,Kayunga,Bbaale,2020,Kitimbwa Town Council,Wabuyinja Ward,Kitimbwa UMEA Primary School,Government,Female,Division X,0
d102,c101,s113,p169,Kayunga,Bbaale,2020,Kitimbwa Town Council,Kyerima Ward,Kyerima CU Primary School,Government,Male,Division 1,1
d102,c101,s113,p169,Kayunga,Bbaale,2020,Kitimbwa Town Council,Kyerima Ward,Kyerima CU Primary School,Government,Female,Division 1,2
d102,c101,s113,p169,Kayunga,Bbaale,2020,Kitimbwa Town Council,Kyerima Ward,Kyerima CU Primary School,Government,Male,Division 2,15
d102,c101,s113,p169,Kayunga,Bbaale,2020,Kitimbwa Town Council,Kyerima Ward,Kyerima CU Primary School,Government,Female,Division 2,10
d102,c101,s113,p169,Kayunga,Bbaale,2020,Kitimbwa Town Council,Kyerima Ward,Kyerima CU Primary School,Government,Male,Division 3,10
d102,c101,s113,p169,Kayunga,Bbaale,2020,Kitimbwa Town Council,Kyerima Ward,Kyerima CU Primary School,Government,Female,Division 3,12
d102,c101,s113,p169,Kayunga,Bbaale,2020,Kitimbwa Town Council,Kyerima Ward,Kyerima CU Primary School,Government,Male,Division 4,5
d102,c101,s113,p169,Kayunga,Bbaale,2020,Kitimbwa Town Council,Kyerima Ward,Kyerima CU Primary School,Government,Female,Division 4,8
d102,c101,s113,p169,Kayunga,Bbaale,2020,Kitimbwa Town Council,Kyerima Ward,Kyerima CU Primary School,Government,Male,Division U,3
d102,c101,s113,p169,Kayunga,Bbaale,2020,Kitimbwa Town Council,Kyerima Ward,Kyerima CU Primary School,Government,Female,Division U,8
d102,c101,s113,p169,Kayunga,Bbaale,2020,Kitimbwa Town Council,Kyerima Ward,Kyerima CU Primary School,Government,Male,Division X,0
d102,c101,s113,p169,Kayunga,Bbaale,2020,Kitimbwa Town Council,Kyerima Ward,Kyerima CU Primary School,Government,Female,Division X,2
d102,c101,s113,p169,Kayunga,Bbaale,2020,Kitimbwa Town Council,Kyerima Ward,Kyerima UMEA Primary School,Government,Male,Division 1,0
d102,c101,s113,p169,Kayunga,Bbaale,2020,Kitimbwa Town Council,Kyerima Ward,Kyerima UMEA Primary School,Government,Female,Division 1,0
d102,c101,s113,p169,Kayunga,Bbaale,2020,Kitimbwa Town Council,Kyerima Ward,Kyerima UMEA Primary School,Government,Male,Division 2,6
d102,c101,s113,p169,Kayunga,Bbaale,2020,Kitimbwa Town Council,Kyerima Ward,Kyerima UMEA Primary School,Government,Female,Division 2,6
d102,c101,s113,p169,Kayunga,Bbaale,2020,Kitimbwa Town Council,Kyerima Ward,Kyerima UMEA Primary School,Government,Male,Division 3,7
d102,c101,s113,p169,Kayunga,Bbaale,2020,Kitimbwa Town Council,Kyerima Ward,Kyerima UMEA Primary School,Government,Female,Division 3,6
d102,c101,s113,p169,Kayunga,Bbaale,2020,Kitimbwa Town Council,Kyerima Ward,Kyerima UMEA Primary School,Government,Male,Division 4,4
d102,c101,s113,p169,Kayunga,Bbaale,2020,Kitimbwa Town Council,Kyerima Ward,Kyerima UMEA Primary School,Government,Female,Division 4,2
d102,c101,s113,p169,Kayunga,Bbaale,2020,Kitimbwa Town Council,Kyerima Ward,Kyerima UMEA Primary School,Government,Male,Division U,3
d102,c101,s113,p169,Kayunga,Bbaale,2020,Kitimbwa Town Council,Kyerima Ward,Kyerima UMEA Primary School,Government,Female,Division U,5
d102,c101,s113,p169,Kayunga,Bbaale,2020,Kitimbwa Town Council,Kyerima Ward,Kyerima UMEA Primary School,Government,Male,Division X,1
d102,c101,s113,p169,Kayunga,Bbaale,2020,Kitimbwa Town Council,Kyerima Ward,Kyerima UMEA Primary School,Government,Female,Division X,2
d102,c101,s113,p171,Kayunga,Bbaale,2020,Kitimbwa Town Council,Wabuyinja Ward,Kyetume High Primary School,Government,Male,Division 1,1
d102,c101,s113,p171,Kayunga,Bbaale,2020,Kitimbwa Town Council,Wabuyinja Ward,Kyetume High Primary School,Government,Female,Division 1,0
d102,c101,s113,p171,Kayunga,Bbaale,2020,Kitimbwa Town Council,Wabuyinja Ward,Kyetume High Primary School,Government,Male,Division 2,5
d102,c101,s113,p171,Kayunga,Bbaale,2020,Kitimbwa Town Council,Wabuyinja Ward,Kyetume High Primary School,Government,Female,Division 2,4
d102,c101,s113,p171,Kayunga,Bbaale,2020,Kitimbwa Town Council,Wabuyinja Ward,Kyetume High Primary School,Government,Male,Division 3,8
d102,c101,s113,p171,Kayunga,Bbaale,2020,Kitimbwa Town Council,Wabuyinja Ward,Kyetume High Primary School,Government,Female,Division 3,6
d102,c101,s113,p171,Kayunga,Bbaale,2020,Kitimbwa Town Council,Wabuyinja Ward,Kyetume High Primary School,Government,Male,Division 4,6
d102,c101,s113,p171,Kayunga,Bbaale,2020,Kitimbwa Town Council,Wabuyinja Ward,Kyetume High Primary School,Government,Female,Division 4,8
d102,c101,s113,p171,Kayunga,Bbaale,2020,Kitimbwa Town Council,Wabuyinja Ward,Kyetume High Primary School,Government,Male,Division U,15
d102,c101,s113,p171,Kayunga,Bbaale,2020,Kitimbwa Town Council,Wabuyinja Ward,Kyetume High Primary School,Government,Female,Division U,13
d102,c101,s113,p171,Kayunga,Bbaale,2020,Kitimbwa Town Council,Wabuyinja Ward,Kyetume High Primary School,Government,Male,Division X,1
d102,c101,s113,p171,Kayunga,Bbaale,2020,Kitimbwa Town Council,Wabuyinja Ward,Kyetume High Primary School,Government,Female,Division X,2
d102,c101,s113,p171,Kayunga,Bbaale,2020,Kitimbwa Town Council,Wabuyinja Ward,Kyetume Kabaganda Primary School,Government,Male,Division 1,0
d102,c101,s113,p171,Kayunga,Bbaale,2020,Kitimbwa Town Council,Wabuyinja Ward,Kyetume Kabaganda Primary School,Government,Female,Division 1,0
d102,c101,s113,p171,Kayunga,Bbaale,2020,Kitimbwa Town Council,Wabuyinja Ward,Kyetume Kabaganda Primary School,Government,Male,Division 2,7
d102,c101,s113,p171,Kayunga,Bbaale,2020,Kitimbwa Town Council,Wabuyinja Ward,Kyetume Kabaganda Primary School,Government,Female,Division 2,9
d102,c101,s113,p171,Kayunga,Bbaale,2020,Kitimbwa Town Council,Wabuyinja Ward,Kyetume Kabaganda Primary School,Government,Male,Division 3,3
d102,c101,s113,p171,Kayunga,Bbaale,2020,Kitimbwa Town Council,Wabuyinja Ward,Kyetume Kabaganda Primary School,Government,Female,Division 3,8
d102,c101,s113,p171,Kayunga,Bbaale,2020,Kitimbwa Town Council,Wabuyinja Ward,Kyetume Kabaganda Primary School,Government,Male,Division 4,3
d102,c101,s113,p171,Kayunga,Bbaale,2020,Kitimbwa Town Council,Wabuyinja Ward,Kyetume Kabaganda Primary School,Government,Female,Division 4,4
d102,c101,s113,p171,Kayunga,Bbaale,2020,Kitimbwa Town Council,Wabuyinja Ward,Kyetume Kabaganda Primary School,Government,Male,Division U,2
d102,c101,s113,p171,Kayunga,Bbaale,2020,Kitimbwa Town Council,Wabuyinja Ward,Kyetume Kabaganda Primary School,Government,Female,Division U,8
d102,c101,s113,p171,Kayunga,Bbaale,2020,Kitimbwa Town Council,Wabuyinja Ward,Kyetume Kabaganda Primary School,Government,Male,Division X,0
d102,c101,s113,p171,Kayunga,Bbaale,2020,Kitimbwa Town Council,Wabuyinja Ward,Kyetume Kabaganda Primary School,Government,Female,Division X,1
d102,c101,s101,p123,Kayunga,Bbaale,2019,Galiraya,Galiraya,Galiraya CU Primary School,Government,Male,Division 1,0
d102,c101,s101,p123,Kayunga,Bbaale,2019,Galiraya,Galiraya,Galiraya CU Primary School,Government,Female,Division 1,0
d102,c101,s101,p123,Kayunga,Bbaale,2019,Galiraya,Galiraya,Galiraya CU Primary School,Government,Male,Division 2,11
d102,c101,s101,p123,Kayunga,Bbaale,2019,Galiraya,Galiraya,Galiraya CU Primary School,Government,Female,Division 2,12
d102,c101,s101,p123,Kayunga,Bbaale,2019,Galiraya,Galiraya,Galiraya CU Primary School,Government,Male,Division 3,21
d102,c101,s101,p123,Kayunga,Bbaale,2019,Galiraya,Galiraya,Galiraya CU Primary School,Government,Female,Division 3,13
d102,c101,s101,p123,Kayunga,Bbaale,2019,Galiraya,Galiraya,Galiraya CU Primary School,Government,Male,Division 4,10
d102,c101,s101,p123,Kayunga,Bbaale,2019,Galiraya,Galiraya,Galiraya CU Primary School,Government,Female,Division 4,11
d102,c101,s101,p123,Kayunga,Bbaale,2019,Galiraya,Galiraya,Galiraya CU Primary School,Government,Male,Division U,13
d102,c101,s101,p123,Kayunga,Bbaale,2019,Galiraya,Galiraya,Galiraya CU Primary School,Government,Female,Division U,19
d102,c101,s101,p123,Kayunga,Bbaale,2019,Galiraya,Galiraya,Galiraya CU Primary School,Government,Male,Division X,2
d102,c101,s101,p123,Kayunga,Bbaale,2019,Galiraya,Galiraya,Galiraya CU Primary School,Government,Female,Division X,3
d102,c101,s101,p125,Kayunga,Bbaale,2019,Galiraya,Kasokwe,Kasokwe CU Primary School,Government,Male,Division 1,4
d102,c101,s101,p125,Kayunga,Bbaale,2019,Galiraya,Kasokwe,Kasokwe CU Primary School,Government,Female,Division 1,2
d102,c101,s101,p125,Kayunga,Bbaale,2019,Galiraya,Kasokwe,Kasokwe CU Primary School,Government,Male,Division 2,13
d102,c101,s101,p125,Kayunga,Bbaale,2019,Galiraya,Kasokwe,Kasokwe CU Primary School,Government,Female,Division 2,8
d102,c101,s101,p125,Kayunga,Bbaale,2019,Galiraya,Kasokwe,Kasokwe CU Primary School,Government,Male,Division 3,10
d102,c101,s101,p125,Kayunga,Bbaale,2019,Galiraya,Kasokwe,Kasokwe CU Primary School,Government,Female,Division 3,7
d102,c101,s101,p125,Kayunga,Bbaale,2019,Galiraya,Kasokwe,Kasokwe CU Primary School,Government,Male,Division 4,6
d102,c101,s101,p125,Kayunga,Bbaale,2019,Galiraya,Kasokwe,Kasokwe CU Primary School,Government,Female,Division 4,10
d102,c101,s101,p125,Kayunga,Bbaale,2019,Galiraya,Kasokwe,Kasokwe CU Primary School,Government,Male,Division U,13
d102,c101,s101,p125,Kayunga,Bbaale,2019,Galiraya,Kasokwe,Kasokwe CU Primary School,Government,Female,Division U,9
d102,c101,s101,p125,Kayunga,Bbaale,2019,Galiraya,Kasokwe,Kasokwe CU Primary School,Government,Male,Division X,2
d102,c101,s101,p125,Kayunga,Bbaale,2019,Galiraya,Kasokwe,Kasokwe CU Primary School,Government,Female,Division X,2
d102,c101,s101,p127,Kayunga,Bbaale,2019,Galiraya,Kirasa,Kirasa CU Primary School,Government,Male,Division 1,0
d102,c101,s101,p127,Kayunga,Bbaale,2019,Galiraya,Kirasa,Kirasa CU Primary School,Government,Female,Division 1,0
d102,c101,s101,p127,Kayunga,Bbaale,2019,Galiraya,Kirasa,Kirasa CU Primary School,Government,Male,Division 2,1
d102,c101,s101,p127,Kayunga,Bbaale,2019,Galiraya,Kirasa,Kirasa CU Primary School,Government,Female,Division 2,1
d102,c101,s101,p127,Kayunga,Bbaale,2019,Galiraya,Kirasa,Kirasa CU Primary School,Government,Male,Division 3,3
d102,c101,s101,p127,Kayunga,Bbaale,2019,Galiraya,Kirasa,Kirasa CU Primary School,Government,Female,Division 3,3
d102,c101,s101,p127,Kayunga,Bbaale,2019,Galiraya,Kirasa,Kirasa CU Primary School,Government,Male,Division 4,1
d102,c101,s101,p127,Kayunga,Bbaale,2019,Galiraya,Kirasa,Kirasa CU Primary School,Government,Female,Division 4,4
d102,c101,s101,p127,Kayunga,Bbaale,2019,Galiraya,Kirasa,Kirasa CU Primary School,Government,Male,Division U,7
d102,c101,s101,p127,Kayunga,Bbaale,2019,Galiraya,Kirasa,Kirasa CU Primary School,Government,Female,Division U,3
d102,c101,s101,p127,Kayunga,Bbaale,2019,Galiraya,Kirasa,Kirasa CU Primary School,Government,Male,Division X,4
d102,c101,s101,p127,Kayunga,Bbaale,2019,Galiraya,Kirasa,Kirasa CU Primary School,Government,Female,Division X,3
d102,c101,s101,p126,Kayunga,Bbaale,2019,Galiraya,Namayuge,Nakatuli RC Primary School,Government,Male,Division 1,0
d102,c101,s101,p126,Kayunga,Bbaale,2019,Galiraya,Namayuge,Nakatuli RC Primary School,Government,Female,Division 1,0
d102,c101,s101,p126,Kayunga,Bbaale,2019,Galiraya,Namayuge,Nakatuli RC Primary School,Government,Male,Division 2,4
d102,c101,s101,p126,Kayunga,Bbaale,2019,Galiraya,Namayuge,Nakatuli RC Primary School,Government,Female,Division 2,5
d102,c101,s101,p126,Kayunga,Bbaale,2019,Galiraya,Namayuge,Nakatuli RC Primary School,Government,Male,Division 3,4
d102,c101,s101,p126,Kayunga,Bbaale,2019,Galiraya,Namayuge,Nakatuli RC Primary School,Government,Female,Division 3,2
d102,c101,s101,p126,Kayunga,Bbaale,2019,Galiraya,Namayuge,Nakatuli RC Primary School,Government,Male,Division 4,3
d102,c101,s101,p126,Kayunga,Bbaale,2019,Galiraya,Namayuge,Nakatuli RC Primary School,Government,Female,Division 4,4
d102,c101,s101,p126,Kayunga,Bbaale,2019,Galiraya,Namayuge,Nakatuli RC Primary School,Government,Male,Division U,1
d102,c101,s101,p126,Kayunga,Bbaale,2019,Galiraya,Namayuge,Nakatuli RC Primary School,Government,Female,Division U,0
d102,c101,s101,p126,Kayunga,Bbaale,2019,Galiraya,Namayuge,Nakatuli RC Primary School,Government,Male,Division X,0
d102,c101,s101,p126,Kayunga,Bbaale,2019,Galiraya,Namayuge,Nakatuli RC Primary School,Government,Female,Division X,1
d102,c101,s101,p124,Kayunga,Bbaale,2019,Galiraya,Namalere,Namalere Primary School,Government,Male,Division 1,1
d102,c101,s101,p124,Kayunga,Bbaale,2019,Galiraya,Namalere,Namalere Primary School,Government,Female,Division 1,1
d102,c101,s101,p124,Kayunga,Bbaale,2019,Galiraya,Namalere,Namalere Primary School,Government,Male,Division 2,11
d102,c101,s101,p124,Kayunga,Bbaale,2019,Galiraya,Namalere,Namalere Primary School,Government,Female,Division 2,21
d102,c101,s101,p124,Kayunga,Bbaale,2019,Galiraya,Namalere,Namalere Primary School,Government,Male,Division 3,7
d102,c101,s101,p124,Kayunga,Bbaale,2019,Galiraya,Namalere,Namalere Primary School,Government,Female,Division 3,7
d102,c101,s101,p124,Kayunga,Bbaale,2019,Galiraya,Namalere,Namalere Primary School,Government,Male,Division 4,2
d102,c101,s101,p124,Kayunga,Bbaale,2019,Galiraya,Namalere,Namalere Primary School,Government,Female,Division 4,1
d102,c101,s101,p124,Kayunga,Bbaale,2019,Galiraya,Namalere,Namalere Primary School,Government,Male,Division U,0
d102,c101,s101,p124,Kayunga,Bbaale,2019,Galiraya,Namalere,Namalere Primary School,Government,Female,Division U,0
d102,c101,s101,p124,Kayunga,Bbaale,2019,Galiraya,Namalere,Namalere Primary School,Government,Male,Division X,0
d102,c101,s101,p124,Kayunga,Bbaale,2019,Galiraya,Namalere,Namalere Primary School,Government,Female,Division X,0
d102,c101,s101,p126,Kayunga,Bbaale,2019,Galiraya,Namayuge,Namayuge Primary School,Government,Male,Division 1,1
d102,c101,s101,p126,Kayunga,Bbaale,2019,Galiraya,Namayuge,Namayuge Primary School,Government,Female,Division 1,1
d102,c101,s101,p126,Kayunga,Bbaale,2019,Galiraya,Namayuge,Namayuge Primary School,Government,Male,Division 2,4
d102,c101,s101,p126,Kayunga,Bbaale,2019,Galiraya,Namayuge,Namayuge Primary School,Government,Female,Division 2,2
d102,c101,s101,p126,Kayunga,Bbaale,2019,Galiraya,Namayuge,Namayuge Primary School,Government,Male,Division 3,8
d102,c101,s101,p126,Kayunga,Bbaale,2019,Galiraya,Namayuge,Namayuge Primary School,Government,Female,Division 3,6
d102,c101,s101,p126,Kayunga,Bbaale,2019,Galiraya,Namayuge,Namayuge Primary School,Government,Male,Division 4,6
d102,c101,s101,p126,Kayunga,Bbaale,2019,Galiraya,Namayuge,Namayuge Primary School,Government,Female,Division 4,3
d102,c101,s101,p126,Kayunga,Bbaale,2019,Galiraya,Namayuge,Namayuge Primary School,Government,Male,Division U,4
d102,c101,s101,p126,Kayunga,Bbaale,2019,Galiraya,Namayuge,Namayuge Primary School,Government,Female,Division U,3
d102,c101,s101,p126,Kayunga,Bbaale,2019,Galiraya,Namayuge,Namayuge Primary School,Government,Male,Division X,1
d102,c101,s101,p126,Kayunga,Bbaale,2019,Galiraya,Namayuge,Namayuge Primary School,Government,Female,Division X,1
d102,c101,s101,p128,Kayunga,Bbaale,2019,Galiraya,Ntimba,Ntimba Primary School,Government,Male,Division 1,1
d102,c101,s101,p128,Kayunga,Bbaale,2019,Galiraya,Ntimba,Ntimba Primary School,Government,Female,Division 1,0
d102,c101,s101,p128,Kayunga,Bbaale,2019,Galiraya,Ntimba,Ntimba Primary School,Government,Male,Division 2,2
d102,c101,s101,p128,Kayunga,Bbaale,2019,Galiraya,Ntimba,Ntimba Primary School,Government,Female,Division 2,2
d102,c101,s101,p128,Kayunga,Bbaale,2019,Galiraya,Ntimba,Ntimba Primary School,Government,Male,Division 3,2
d102,c101,s101,p128,Kayunga,Bbaale,2019,Galiraya,Ntimba,Ntimba Primary School,Government,Female,Division 3,3
d102,c101,s101,p128,Kayunga,Bbaale,2019,Galiraya,Ntimba,Ntimba Primary School,Government,Male,Division 4,1
d102,c101,s101,p128,Kayunga,Bbaale,2019,Galiraya,Ntimba,Ntimba Primary School,Government,Female,Division 4,2
d102,c101,s101,p128,Kayunga,Bbaale,2019,Galiraya,Ntimba,Ntimba Primary School,Government,Male,Division U,3
d102,c101,s101,p128,Kayunga,Bbaale,2019,Galiraya,Ntimba,Ntimba Primary School,Government,Female,Division U,3
d102,c101,s101,p128,Kayunga,Bbaale,2019,Galiraya,Ntimba,Ntimba Primary School,Government,Male,Division X,1
d102,c101,s101,p128,Kayunga,Bbaale,2019,Galiraya,Ntimba,Ntimba Primary School,Government,Female,Division X,2
d102,c101,s101,p123,Kayunga,Bbaale,2019,Galiraya,Galiraya,St Kizito Kidibya Primary School,Government,Male,Division 1,0
d102,c101,s101,p123,Kayunga,Bbaale,2019,Galiraya,Galiraya,St Kizito Kidibya Primary School,Government,Female,Division 1,0
d102,c101,s101,p123,Kayunga,Bbaale,2019,Galiraya,Galiraya,St Kizito Kidibya Primary School,Government,Male,Division 2,1
d102,c101,s101,p123,Kayunga,Bbaale,2019,Galiraya,Galiraya,St Kizito Kidibya Primary School,Government,Female,Division 2,1
d102,c101,s101,p123,Kayunga,Bbaale,2019,Galiraya,Galiraya,St Kizito Kidibya Primary School,Government,Male,Division 3,9
d102,c101,s101,p123,Kayunga,Bbaale,2019,Galiraya,Galiraya,St Kizito Kidibya Primary School,Government,Female,Division 3,6
d102,c101,s101,p123,Kayunga,Bbaale,2019,Galiraya,Galiraya,St Kizito Kidibya Primary School,Government,Male,Division 4,1
d102,c101,s101,p123,Kayunga,Bbaale,2019,Galiraya,Galiraya,St Kizito Kidibya Primary School,Government,Female,Division 4,1
d102,c101,s101,p123,Kayunga,Bbaale,2019,Galiraya,Galiraya,St Kizito Kidibya Primary School,Government,Male,Division U,6
d102,c101,s101,p123,Kayunga,Bbaale,2019,Galiraya,Galiraya,St Kizito Kidibya Primary School,Government,Female,Division U,2
d102,c101,s101,p123,Kayunga,Bbaale,2019,Galiraya,Galiraya,St Kizito Kidibya Primary School,Government,Male,Division X,2
d102,c101,s101,p123,Kayunga,Bbaale,2019,Galiraya,Galiraya,St Kizito Kidibya Primary School,Government,Female,Division X,2
d102,c101,s102,p109,Kayunga,Bbaale,2019,Bbaale,Bbaale,Bbaale CU Primary School,Government,Male,Division 1,2
d102,c101,s102,p109,Kayunga,Bbaale,2019,Bbaale,Bbaale,Bbaale CU Primary School,Government,Female,Division 1,1
d102,c101,s102,p109,Kayunga,Bbaale,2019,Bbaale,Bbaale,Bbaale CU Primary School,Government,Male,Division 2,10
d102,c101,s102,p109,Kayunga,Bbaale,2019,Bbaale,Bbaale,Bbaale CU Primary School,Government,Female,Division 2,28
d102,c101,s102,p109,Kayunga,Bbaale,2019,Bbaale,Bbaale,Bbaale CU Primary School,Government,Male,Division 3,11
d102,c101,s102,p109,Kayunga,Bbaale,2019,Bbaale,Bbaale,Bbaale CU Primary School,Government,Female,Division 3,14
d102,c101,s102,p109,Kayunga,Bbaale,2019,Bbaale,Bbaale,Bbaale CU Primary School,Government,Male,Division 4,10
d102,c101,s102,p109,Kayunga,Bbaale,2019,Bbaale,Bbaale,Bbaale CU Primary School,Government,Female,Division 4,10
d102,c101,s102,p109,Kayunga,Bbaale,2019,Bbaale,Bbaale,Bbaale CU Primary School,Government,Male,Division U,1
d102,c101,s102,p109,Kayunga,Bbaale,2019,Bbaale,Bbaale,Bbaale CU Primary School,Government,Female,Division U,1
d102,c101,s102,p109,Kayunga,Bbaale,2019,Bbaale,Bbaale,Bbaale CU Primary School,Government,Male,Division X,1
d102,c101,s102,p109,Kayunga,Bbaale,2019,Bbaale,Bbaale,Bbaale CU Primary School,Government,Female,Division X,0
d102,c101,s102,p111,Kayunga,Bbaale,2019,Bbaale,Kavule,Gayaza CU Primary School,Government,Male,Division 1,0
d102,c101,s102,p111,Kayunga,Bbaale,2019,Bbaale,Kavule,Gayaza CU Primary School,Government,Female,Division 1,0
d102,c101,s102,p111,Kayunga,Bbaale,2019,Bbaale,Kavule,Gayaza CU Primary School,Government,Male,Division 2,12
d102,c101,s102,p111,Kayunga,Bbaale,2019,Bbaale,Kavule,Gayaza CU Primary School,Government,Female,Division 2,11
d102,c101,s102,p111,Kayunga,Bbaale,2019,Bbaale,Kavule,Gayaza CU Primary School,Government,Male,Division 3,10
d102,c101,s102,p111,Kayunga,Bbaale,2019,Bbaale,Kavule,Gayaza CU Primary School,Government,Female,Division 3,7
d102,c101,s102,p111,Kayunga,Bbaale,2019,Bbaale,Kavule,Gayaza CU Primary School,Government,Male,Division 4,6
d102,c101,s102,p111,Kayunga,Bbaale,2019,Bbaale,Kavule,Gayaza CU Primary School,Government,Female,Division 4,6
d102,c101,s102,p111,Kayunga,Bbaale,2019,Bbaale,Kavule,Gayaza CU Primary School,Government,Male,Division U,4
d102,c101,s102,p111,Kayunga,Bbaale,2019,Bbaale,Kavule,Gayaza CU Primary School,Government,Female,Division U,3
d102,c101,s102,p111,Kayunga,Bbaale,2019,Bbaale,Kavule,Gayaza CU Primary School,Government,Male,Division X,2
d102,c101,s102,p111,Kayunga,Bbaale,2019,Bbaale,Kavule,Gayaza CU Primary School,Government,Female,Division X,0
d102,c101,s102,p110,Kayunga,Bbaale,2019,Bbaale,Misanga,Misanga CU Primary School,Government,Male,Division 1,0
d102,c101,s102,p110,Kayunga,Bbaale,2019,Bbaale,Misanga,Misanga CU Primary School,Government,Female,Division 1,0
d102,c101,s102,p110,Kayunga,Bbaale,2019,Bbaale,Misanga,Misanga CU Primary School,Government,Male,Division 2,0
d102,c101,s102,p110,Kayunga,Bbaale,2019,Bbaale,Misanga,Misanga CU Primary School,Government,Female,Division 2,1
d102,c101,s102,p110,Kayunga,Bbaale,2019,Bbaale,Misanga,Misanga CU Primary School,Government,Male,Division 3,1
d102,c101,s102,p110,Kayunga,Bbaale,2019,Bbaale,Misanga,Misanga CU Primary School,Government,Female,Division 3,0
d102,c101,s102,p110,Kayunga,Bbaale,2019,Bbaale,Misanga,Misanga CU Primary School,Government,Male,Division 4,2
d102,c101,s102,p110,Kayunga,Bbaale,2019,Bbaale,Misanga,Misanga CU Primary School,Government,Female,Division 4,0
d102,c101,s102,p110,Kayunga,Bbaale,2019,Bbaale,Misanga,Misanga CU Primary School,Government,Male,Division U,5
d102,c101,s102,p110,Kayunga,Bbaale,2019,Bbaale,Misanga,Misanga CU Primary School,Government,Female,Division U,7
d102,c101,s102,p110,Kayunga,Bbaale,2019,Bbaale,Misanga,Misanga CU Primary School,Government,Male,Division X,1
d102,c101,s102,p110,Kayunga,Bbaale,2019,Bbaale,Misanga,Misanga CU Primary School,Government,Female,Division X,1
d102,c101,s102,p112,Kayunga,Bbaale,2019,Bbaale,Mugongo,Mugongo Primary School,Government,Male,Division 1,0
d102,c101,s102,p112,Kayunga,Bbaale,2019,Bbaale,Mugongo,Mugongo Primary School,Government,Female,Division 1,0
d102,c101,s102,p112,Kayunga,Bbaale,2019,Bbaale,Mugongo,Mugongo Primary School,Government,Male,Division 2,0
d102,c101,s102,p112,Kayunga,Bbaale,2019,Bbaale,Mugongo,Mugongo Primary School,Government,Female,Division 2,1
d102,c101,s102,p112,Kayunga,Bbaale,2019,Bbaale,Mugongo,Mugongo Primary School,Government,Male,Division 3,0
d102,c101,s102,p112,Kayunga,Bbaale,2019,Bbaale,Mugongo,Mugongo Primary School,Government,Female,Division 3,2
d102,c101,s102,p112,Kayunga,Bbaale,2019,Bbaale,Mugongo,Mugongo Primary School,Government,Male,Division 4,5
d102,c101,s102,p112,Kayunga,Bbaale,2019,Bbaale,Mugongo,Mugongo Primary School,Government,Female,Division 4,4
d102,c101,s102,p112,Kayunga,Bbaale,2019,Bbaale,Mugongo,Mugongo Primary School,Government,Male,Division U,5
d102,c101,s102,p112,Kayunga,Bbaale,2019,Bbaale,Mugongo,Mugongo Primary School,Government,Female,Division U,5
d102,c101,s102,p112,Kayunga,Bbaale,2019,Bbaale,Mugongo,Mugongo Primary School,Government,Male,Division X,0
d102,c101,s102,p112,Kayunga,Bbaale,2019,Bbaale,Mugongo,Mugongo Primary School,Government,Female,Division X,1
d102,c101,s102,p111,Kayunga,Bbaale,2019,Bbaale,Kavule,Namataala Primary School,Government,Male,Division 1,0
d102,c101,s102,p111,Kayunga,Bbaale,2019,Bbaale,Kavule,Namataala Primary School,Government,Female,Division 1,0
d102,c101,s102,p111,Kayunga,Bbaale,2019,Bbaale,Kavule,Namataala Primary School,Government,Male,Division 2,5
d102,c101,s102,p111,Kayunga,Bbaale,2019,Bbaale,Kavule,Namataala Primary School,Government,Female,Division 2,5
d102,c101,s102,p111,Kayunga,Bbaale,2019,Bbaale,Kavule,Namataala Primary School,Government,Male,Division 3,6
d102,c101,s102,p111,Kayunga,Bbaale,2019,Bbaale,Kavule,Namataala Primary School,Government,Female,Division 3,6
d102,c101,s102,p111,Kayunga,Bbaale,2019,Bbaale,Kavule,Namataala Primary School,Government,Male,Division 4,10
d102,c101,s102,p111,Kayunga,Bbaale,2019,Bbaale,Kavule,Namataala Primary School,Government,Female,Division 4,7
d102,c101,s102,p111,Kayunga,Bbaale,2019,Bbaale,Kavule,Namataala Primary School,Government,Male,Division U,10
d102,c101,s102,p111,Kayunga,Bbaale,2019,Bbaale,Kavule,Namataala Primary School,Government,Female,Division U,4
d102,c101,s102,p111,Kayunga,Bbaale,2019,Bbaale,Kavule,Namataala Primary School,Government,Male,Division X,1
d102,c101,s102,p111,Kayunga,Bbaale,2019,Bbaale,Kavule,Namataala Primary School,Government,Female,Division X,1
d102,c101,s103,p152,Kayunga,Bbaale,2019,Kayonza,Kamusabi,Bugatto RC Primary School,Government,Male,Division 1,0
d102,c101,s103,p152,Kayunga,Bbaale,2019,Kayonza,Kamusabi,Bugatto RC Primary School,Government,Female,Division 1,0
d102,c101,s103,p152,Kayunga,Bbaale,2019,Kayonza,Kamusabi,Bugatto RC Primary School,Government,Male,Division 2,4
d102,c101,s103,p152,Kayunga,Bbaale,2019,Kayonza,Kamusabi,Bugatto RC Primary School,Government,Female,Division 2,6
d102,c101,s103,p152,Kayunga,Bbaale,2019,Kayonza,Kamusabi,Bugatto RC Primary School,Government,Male,Division 3,7
d102,c101,s103,p152,Kayunga,Bbaale,2019,Kayonza,Kamusabi,Bugatto RC Primary School,Government,Female,Division 3,4
d102,c101,s103,p152,Kayunga,Bbaale,2019,Kayonza,Kamusabi,Bugatto RC Primary School,Government,Male,Division 4,1
d102,c101,s103,p152,Kayunga,Bbaale,2019,Kayonza,Kamusabi,Bugatto RC Primary School,Government,Female,Division 4,0
d102,c101,s103,p152,Kayunga,Bbaale,2019,Kayonza,Kamusabi,Bugatto RC Primary School,Government,Male,Division U,6
d102,c101,s103,p152,Kayunga,Bbaale,2019,Kayonza,Kamusabi,Bugatto RC Primary School,Government,Female,Division U,4
d102,c101,s103,p152,Kayunga,Bbaale,2019,Kayonza,Kamusabi,Bugatto RC Primary School,Government,Male,Division X,0
d102,c101,s103,p152,Kayunga,Bbaale,2019,Kayonza,Kamusabi,Bugatto RC Primary School,Government,Female,Division X,0
d102,c101,s103,p154,Kayunga,Bbaale,2019,Kayonza,Kitwe,Bugoma Primary School,Government,Male,Division 1,0
d102,c101,s103,p154,Kayunga,Bbaale,2019,Kayonza,Kitwe,Bugoma Primary School,Government,Female,Division 1,0
d102,c101,s103,p154,Kayunga,Bbaale,2019,Kayonza,Kitwe,Bugoma Primary School,Government,Male,Division 2,2
d102,c101,s103,p154,Kayunga,Bbaale,2019,Kayonza,Kitwe,Bugoma Primary School,Government,Female,Division 2,2
d102,c101,s103,p154,Kayunga,Bbaale,2019,Kayonza,Kitwe,Bugoma Primary School,Government,Male,Division 3,3
d102,c101,s103,p154,Kayunga,Bbaale,2019,Kayonza,Kitwe,Bugoma Primary School,Government,Female,Division 3,7
d102,c101,s103,p154,Kayunga,Bbaale,2019,Kayonza,Kitwe,Bugoma Primary School,Government,Male,Division 4,3
d102,c101,s103,p154,Kayunga,Bbaale,2019,Kayonza,Kitwe,Bugoma Primary School,Government,Female,Division 4,4
d102,c101,s103,p154,Kayunga,Bbaale,2019,Kayonza,Kitwe,Bugoma Primary School,Government,Male,Division U,2
d102,c101,s103,p154,Kayunga,Bbaale,2019,Kayonza,Kitwe,Bugoma Primary School,Government,Female,Division U,1
d102,c101,s103,p154,Kayunga,Bbaale,2019,Kayonza,Kitwe,Bugoma Primary School,Government,Male,Division X,0
d102,c101,s103,p154,Kayunga,Bbaale,2019,Kayonza,Kitwe,Bugoma Primary School,Government,Female,Division X,0
d102,c101,s103,p158,Kayunga,Bbaale,2019,Kayonza,Namizo,Bujwaya CU Primary School,Government,Male,Division 1,0
d102,c101,s103,p158,Kayunga,Bbaale,2019,Kayonza,Namizo,Bujwaya CU Primary School,Government,Female,Division 1,0
d102,c101,s103,p158,Kayunga,Bbaale,2019,Kayonza,Namizo,Bujwaya CU Primary School,Government,Male,Division 2,5
d102,c101,s103,p158,Kayunga,Bbaale,2019,Kayonza,Namizo,Bujwaya CU Primary School,Government,Female,Division 2,3
d102,c101,s103,p158,Kayunga,Bbaale,2019,Kayonza,Namizo,Bujwaya CU Primary School,Government,Male,Division 3,7
d102,c101,s103,p158,Kayunga,Bbaale,2019,Kayonza,Namizo,Bujwaya CU Primary School,Government,Female,Division 3,12
d102,c101,s103,p158,Kayunga,Bbaale,2019,Kayonza,Namizo,Bujwaya CU Primary School,Government,Male,Division 4,10
d102,c101,s103,p158,Kayunga,Bbaale,2019,Kayonza,Namizo,Bujwaya CU Primary School,Government,Female,Division 4,9
d102,c101,s103,p158,Kayunga,Bbaale,2019,Kayonza,Namizo,Bujwaya CU Primary School,Government,Male,Division U,3
d102,c101,s103,p158,Kayunga,Bbaale,2019,Kayonza,Namizo,Bujwaya CU Primary School,Government,Female,Division U,3
d102,c101,s103,p158,Kayunga,Bbaale,2019,Kayonza,Namizo,Bujwaya CU Primary School,Government,Male,Division X,1
d102,c101,s103,p158,Kayunga,Bbaale,2019,Kayonza,Namizo,Bujwaya CU Primary School,Government,Female,Division X,0
d102,c101,s103,p150,Kayunga,Bbaale,2019,Kayonza,Balisanga,Bwalala Primary School,Government,Male,Division 1,0
d102,c101,s103,p150,Kayunga,Bbaale,2019,Kayonza,Balisanga,Bwalala Primary School,Government,Female,Division 1,0
d102,c101,s103,p150,Kayunga,Bbaale,2019,Kayonza,Balisanga,Bwalala Primary School,Government,Male,Division 2,3
d102,c101,s103,p150,Kayunga,Bbaale,2019,Kayonza,Balisanga,Bwalala Primary School,Government,Female,Division 2,2
d102,c101,s103,p150,Kayunga,Bbaale,2019,Kayonza,Balisanga,Bwalala Primary School,Government,Male,Division 3,10
d102,c101,s103,p150,Kayunga,Bbaale,2019,Kayonza,Balisanga,Bwalala Primary School,Government,Female,Division 3,8
d102,c101,s103,p150,Kayunga,Bbaale,2019,Kayonza,Balisanga,Bwalala Primary School,Government,Male,Division 4,3
d102,c101,s103,p150,Kayunga,Bbaale,2019,Kayonza,Balisanga,Bwalala Primary School,Government,Female,Division 4,3
d102,c101,s103,p150,Kayunga,Bbaale,2019,Kayonza,Balisanga,Bwalala Primary School,Government,Male,Division U,1
d102,c101,s103,p150,Kayunga,Bbaale,2019,Kayonza,Balisanga,Bwalala Primary School,Government,Female,Division U,0
d102,c101,s103,p150,Kayunga,Bbaale,2019,Kayonza,Balisanga,Bwalala Primary School,Government,Male,Division X,1
d102,c101,s103,p150,Kayunga,Bbaale,2019,Kayonza,Balisanga,Bwalala Primary School,Government,Female,Division X,0
d102,c101,s103,p152,Kayunga,Bbaale,2019,Kayonza,Kamusabi,Kamusabi Primary School,Government,Male,Division 1,0
d102,c101,s103,p152,Kayunga,Bbaale,2019,Kayonza,Kamusabi,Kamusabi Primary School,Government,Female,Division 1,1
d102,c101,s103,p152,Kayunga,Bbaale,2019,Kayonza,Kamusabi,Kamusabi Primary School,Government,Male,Division 2,2
d102,c101,s103,p152,Kayunga,Bbaale,2019,Kayonza,Kamusabi,Kamusabi Primary School,Government,Female,Division 2,1
d102,c101,s103,p152,Kayunga,Bbaale,2019,Kayonza,Kamusabi,Kamusabi Primary School,Government,Male,Division 3,2
d102,c101,s103,p152,Kayunga,Bbaale,2019,Kayonza,Kamusabi,Kamusabi Primary School,Government,Female,Division 3,2
d102,c101,s103,p152,Kayunga,Bbaale,2019,Kayonza,Kamusabi,Kamusabi Primary School,Government,Male,Division 4,4
d102,c101,s103,p152,Kayunga,Bbaale,2019,Kayonza,Kamusabi,Kamusabi Primary School,Government,Female,Division 4,2
d102,c101,s103,p152,Kayunga,Bbaale,2019,Kayonza,Kamusabi,Kamusabi Primary School,Government,Male,Division U,10
d102,c101,s103,p152,Kayunga,Bbaale,2019,Kayonza,Kamusabi,Kamusabi Primary School,Government,Female,Division U,6
d102,c101,s103,p152,Kayunga,Bbaale,2019,Kayonza,Kamusabi,Kamusabi Primary School,Government,Male,Division X,0
d102,c101,s103,p152,Kayunga,Bbaale,2019,Kayonza,Kamusabi,Kamusabi Primary School,Government,Female,Division X,0
d102,c101,s103,p157,Kayunga,Bbaale,2019,Kayonza,Namaliri,Kawolokota CU Primary School,Government,Male,Division 1,0
d102,c101,s103,p157,Kayunga,Bbaale,2019,Kayonza,Namaliri,Kawolokota CU Primary School,Government,Female,Division 1,0
d102,c101,s103,p157,Kayunga,Bbaale,2019,Kayonza,Namaliri,Kawolokota CU Primary School,Government,Male,Division 2,7
d102,c101,s103,p157,Kayunga,Bbaale,2019,Kayonza,Namaliri,Kawolokota CU Primary School,Government,Female,Division 2,4
d102,c101,s103,p157,Kayunga,Bbaale,2019,Kayonza,Namaliri,Kawolokota CU Primary School,Government,Male,Division 3,9
d102,c101,s103,p157,Kayunga,Bbaale,2019,Kayonza,Namaliri,Kawolokota CU Primary School,Government,Female,Division 3,8
d102,c101,s103,p157,Kayunga,Bbaale,2019,Kayonza,Namaliri,Kawolokota CU Primary School,Government,Male,Division 4,3
d102,c101,s103,p157,Kayunga,Bbaale,2019,Kayonza,Namaliri,Kawolokota CU Primary School,Government,Female,Division 4,2
d102,c101,s103,p157,Kayunga,Bbaale,2019,Kayonza,Namaliri,Kawolokota CU Primary School,Government,Male,Division U,4
d102,c101,s103,p157,Kayunga,Bbaale,2019,Kayonza,Namaliri,Kawolokota CU Primary School,Government,Female,Division U,7
d102,c101,s103,p157,Kayunga,Bbaale,2019,Kayonza,Namaliri,Kawolokota CU Primary School,Government,Male,Division X,1
d102,c101,s103,p157,Kayunga,Bbaale,2019,Kayonza,Namaliri,Kawolokota CU Primary School,Government,Female,Division X,0
d102,c101,s103,p157,Kayunga,Bbaale,2019,Kayonza,Namaliri,Kawolokota RC Primary School,Government,Male,Division 1,0
d102,c101,s103,p157,Kayunga,Bbaale,2019,Kayonza,Namaliri,Kawolokota RC Primary School,Government,Female,Division 1,0
d102,c101,s103,p157,Kayunga,Bbaale,2019,Kayonza,Namaliri,Kawolokota RC Primary School,Government,Male,Division 2,11
d102,c101,s103,p157,Kayunga,Bbaale,2019,Kayonza,Namaliri,Kawolokota RC Primary School,Government,Female,Division 2,8
d102,c101,s103,p157,Kayunga,Bbaale,2019,Kayonza,Namaliri,Kawolokota RC Primary School,Government,Male,Division 3,8
d102,c101,s103,p157,Kayunga,Bbaale,2019,Kayonza,Namaliri,Kawolokota RC Primary School,Government,Female,Division 3,11
d102,c101,s103,p157,Kayunga,Bbaale,2019,Kayonza,Namaliri,Kawolokota RC Primary School,Government,Male,Division 4,5
d102,c101,s103,p157,Kayunga,Bbaale,2019,Kayonza,Namaliri,Kawolokota RC Primary School,Government,Female,Division 4,3
d102,c101,s103,p157,Kayunga,Bbaale,2019,Kayonza,Namaliri,Kawolokota RC Primary School,Government,Male,Division U,5
d102,c101,s103,p157,Kayunga,Bbaale,2019,Kayonza,Namaliri,Kawolokota RC Primary School,Government,Female,Division U,5
d102,c101,s103,p157,Kayunga,Bbaale,2019,Kayonza,Namaliri,Kawolokota RC Primary School,Government,Male,Division X,1
d102,c101,s103,p157,Kayunga,Bbaale,2019,Kayonza,Namaliri,Kawolokota RC Primary School,Government,Female,Division X,0
d102,c101,s103,p157,Kayunga,Bbaale,2019,Kayonza,Namaliri,Kayonza Primary School,Government,Male,Division 1,0
d102,c101,s103,p157,Kayunga,Bbaale,2019,Kayonza,Namaliri,Kayonza Primary School,Government,Female,Division 1,0
d102,c101,s103,p157,Kayunga,Bbaale,2019,Kayonza,Namaliri,Kayonza Primary School,Government,Male,Division 2,4
d102,c101,s103,p157,Kayunga,Bbaale,2019,Kayonza,Namaliri,Kayonza Primary School,Government,Female,Division 2,3
d102,c101,s103,p157,Kayunga,Bbaale,2019,Kayonza,Namaliri,Kayonza Primary School,Government,Male,Division 3,7
d102,c101,s103,p157,Kayunga,Bbaale,2019,Kayonza,Namaliri,Kayonza Primary School,Government,Female,Division 3,4
d102,c101,s103,p157,Kayunga,Bbaale,2019,Kayonza,Namaliri,Kayonza Primary School,Government,Male,Division 4,5
d102,c101,s103,p157,Kayunga,Bbaale,2019,Kayonza,Namaliri,Kayonza Primary School,Government,Female,Division 4,3
d102,c101,s103,p157,Kayunga,Bbaale,2019,Kayonza,Namaliri,Kayonza Primary School,Government,Male,Division U,7
d102,c101,s103,p157,Kayunga,Bbaale,2019,Kayonza,Namaliri,Kayonza Primary School,Government,Female,Division U,2
d102,c101,s103,p157,Kayunga,Bbaale,2019,Kayonza,Namaliri,Kayonza Primary School,Government,Male,Division X,1
d102,c101,s103,p157,Kayunga,Bbaale,2019,Kayonza,Namaliri,Kayonza Primary School,Government,Female,Division X,1
d102,c101,s103,p156,Kayunga,Bbaale,2019,Kayonza,Nakyesanja,Kirimantoogo RC Primary School,Government,Male,Division 1,0
d102,c101,s103,p156,Kayunga,Bbaale,2019,Kayonza,Nakyesanja,Kirimantoogo RC Primary School,Government,Female,Division 1,0
d102,c101,s103,p156,Kayunga,Bbaale,2019,Kayonza,Nakyesanja,Kirimantoogo RC Primary School,Government,Male,Division 2,2
d102,c101,s103,p156,Kayunga,Bbaale,2019,Kayonza,Nakyesanja,Kirimantoogo RC Primary School,Government,Female,Division 2,2
d102,c101,s103,p156,Kayunga,Bbaale,2019,Kayonza,Nakyesanja,Kirimantoogo RC Primary School,Government,Male,Division 3,5
d102,c101,s103,p156,Kayunga,Bbaale,2019,Kayonza,Nakyesanja,Kirimantoogo RC Primary School,Government,Female,Division 3,3
d102,c101,s103,p156,Kayunga,Bbaale,2019,Kayonza,Nakyesanja,Kirimantoogo RC Primary School,Government,Male,Division 4,2
d102,c101,s103,p156,Kayunga,Bbaale,2019,Kayonza,Nakyesanja,Kirimantoogo RC Primary School,Government,Female,Division 4,2
d102,c101,s103,p156,Kayunga,Bbaale,2019,Kayonza,Nakyesanja,Kirimantoogo RC Primary School,Government,Male,Division U,10
d102,c101,s103,p156,Kayunga,Bbaale,2019,Kayonza,Nakyesanja,Kirimantoogo RC Primary School,Government,Female,Division U,9
d102,c101,s103,p156,Kayunga,Bbaale,2019,Kayonza,Nakyesanja,Kirimantoogo RC Primary School,Government,Male,Division X,3
d102,c101,s103,p156,Kayunga,Bbaale,2019,Kayonza,Nakyesanja,Kirimantoogo RC Primary School,Government,Female,Division X,0
d102,c101,s103,p154,Kayunga,Bbaale,2019,Kayonza,Kitwe,Kitwe RC Primary School,Government,Male,Division 1,0
d102,c101,s103,p154,Kayunga,Bbaale,2019,Kayonza,Kitwe,Kitwe RC Primary School,Government,Female,Division 1,0
d102,c101,s103,p154,Kayunga,Bbaale,2019,Kayonza,Kitwe,Kitwe RC Primary School,Government,Male,Division 2,9
d102,c101,s103,p154,Kayunga,Bbaale,2019,Kayonza,Kitwe,Kitwe RC Primary School,Government,Female,Division 2,5
d102,c101,s103,p154,Kayunga,Bbaale,2019,Kayonza,Kitwe,Kitwe RC Primary School,Government,Male,Division 3,11
d102,c101,s103,p154,Kayunga,Bbaale,2019,Kayonza,Kitwe,Kitwe RC Primary School,Government,Female,Division 3,8
d102,c101,s103,p154,Kayunga,Bbaale,2019,Kayonza,Kitwe,Kitwe RC Primary School,Government,Male,Division 4,20
d102,c101,s103,p154,Kayunga,Bbaale,2019,Kayonza,Kitwe,Kitwe RC Primary School,Government,Female,Division 4,12
d102,c101,s103,p154,Kayunga,Bbaale,2019,Kayonza,Kitwe,Kitwe RC Primary School,Government,Male,Division U,4
d102,c101,s103,p154,Kayunga,Bbaale,2019,Kayonza,Kitwe,Kitwe RC Primary School,Government,Female,Division U,8
d102,c101,s103,p154,Kayunga,Bbaale,2019,Kayonza,Kitwe,Kitwe RC Primary School,Government,Male,Division X,3
d102,c101,s103,p154,Kayunga,Bbaale,2019,Kayonza,Kitwe,Kitwe RC Primary School,Government,Female,Division X,0
d102,c101,s103,p158,Kayunga,Bbaale,2019,Kayonza,Namizo,Kyebuye RC Primary School,Government,Male,Division 1,0
d102,c101,s103,p158,Kayunga,Bbaale,2019,Kayonza,Namizo,Kyebuye RC Primary School,Government,Female,Division 1,0
d102,c101,s103,p158,Kayunga,Bbaale,2019,Kayonza,Namizo,Kyebuye RC Primary School,Government,Male,Division 2,3
d102,c101,s103,p158,Kayunga,Bbaale,2019,Kayonza,Namizo,Kyebuye RC Primary School,Government,Female,Division 2,2
d102,c101,s103,p158,Kayunga,Bbaale,2019,Kayonza,Namizo,Kyebuye RC Primary School,Government,Male,Division 3,4
d102,c101,s103,p158,Kayunga,Bbaale,2019,Kayonza,Namizo,Kyebuye RC Primary School,Government,Female,Division 3,1
d102,c101,s103,p158,Kayunga,Bbaale,2019,Kayonza,Namizo,Kyebuye RC Primary School,Government,Male,Division 4,4
d102,c101,s103,p158,Kayunga,Bbaale,2019,Kayonza,Namizo,Kyebuye RC Primary School,Government,Female,Division 4,4
d102,c101,s103,p158,Kayunga,Bbaale,2019,Kayonza,Namizo,Kyebuye RC Primary School,Government,Male,Division U,8
d102,c101,s103,p158,Kayunga,Bbaale,2019,Kayonza,Namizo,Kyebuye RC Primary School,Government,Female,Division U,4
d102,c101,s103,p158,Kayunga,Bbaale,2019,Kayonza,Namizo,Kyebuye RC Primary School,Government,Male,Division X,0
d102,c101,s103,p158,Kayunga,Bbaale,2019,Kayonza,Namizo,Kyebuye RC Primary School,Government,Female,Division X,0
d102,c101,s103,p157,Kayunga,Bbaale,2019,Kayonza,Namaliri,Lugasa Primary School,Government,Male,Division 1,0
d102,c101,s103,p157,Kayunga,Bbaale,2019,Kayonza,Namaliri,Lugasa Primary School,Government,Female,Division 1,0
d102,c101,s103,p157,Kayunga,Bbaale,2019,Kayonza,Namaliri,Lugasa Primary School,Government,Male,Division 2,9
d102,c101,s103,p157,Kayunga,Bbaale,2019,Kayonza,Namaliri,Lugasa Primary School,Government,Female,Division 2,7
d102,c101,s103,p157,Kayunga,Bbaale,2019,Kayonza,Namaliri,Lugasa Primary School,Government,Male,Division 3,3
d102,c101,s103,p157,Kayunga,Bbaale,2019,Kayonza,Namaliri,Lugasa Primary School,Government,Female,Division 3,3
d102,c101,s103,p157,Kayunga,Bbaale,2019,Kayonza,Namaliri,Lugasa Primary School,Government,Male,Division 4,1
d102,c101,s103,p157,Kayunga,Bbaale,2019,Kayonza,Namaliri,Lugasa Primary School,Government,Female,Division 4,0
d102,c101,s103,p157,Kayunga,Bbaale,2019,Kayonza,Namaliri,Lugasa Primary School,Government,Male,Division U,2
d102,c101,s103,p157,Kayunga,Bbaale,2019,Kayonza,Namaliri,Lugasa Primary School,Government,Female,Division U,1
d102,c101,s103,p157,Kayunga,Bbaale,2019,Kayonza,Namaliri,Lugasa Primary School,Government,Male,Division X,0
d102,c101,s103,p157,Kayunga,Bbaale,2019,Kayonza,Namaliri,Lugasa Primary School,Government,Female,Division X,0
d102,c101,s103,p152,Kayunga,Bbaale,2019,Kayonza,Kamusabi,Lukonda Public Primary School,Government,Male,Division 1,0
d102,c101,s103,p152,Kayunga,Bbaale,2019,Kayonza,Kamusabi,Lukonda Public Primary School,Government,Female,Division 1,0
d102,c101,s103,p152,Kayunga,Bbaale,2019,Kayonza,Kamusabi,Lukonda Public Primary School,Government,Male,Division 2,0
d102,c101,s103,p152,Kayunga,Bbaale,2019,Kayonza,Kamusabi,Lukonda Public Primary School,Government,Female,Division 2,1
d102,c101,s103,p152,Kayunga,Bbaale,2019,Kayonza,Kamusabi,Lukonda Public Primary School,Government,Male,Division 3,1
d102,c101,s103,p152,Kayunga,Bbaale,2019,Kayonza,Kamusabi,Lukonda Public Primary School,Government,Female,Division 3,1
d102,c101,s103,p152,Kayunga,Bbaale,2019,Kayonza,Kamusabi,Lukonda Public Primary School,Government,Male,Division 4,2
d102,c101,s103,p152,Kayunga,Bbaale,2019,Kayonza,Kamusabi,Lukonda Public Primary School,Government,Female,Division 4,2
d102,c101,s103,p152,Kayunga,Bbaale,2019,Kayonza,Kamusabi,Lukonda Public Primary School,Government,Male,Division U,10
d102,c101,s103,p152,Kayunga,Bbaale,2019,Kayonza,Kamusabi,Lukonda Public Primary School,Government,Female,Division U,7
d102,c101,s103,p152,Kayunga,Bbaale,2019,Kayonza,Kamusabi,Lukonda Public Primary School,Government,Male,Division X,3
d102,c101,s103,p152,Kayunga,Bbaale,2019,Kayonza,Kamusabi,Lukonda Public Primary School,Government,Female,Division X,2
d102,c101,s103,p153,Kayunga,Bbaale,2019,Kayonza,Kanywero,Lwabyata Parents Primary School,Government,Male,Division 1,0
d102,c101,s103,p153,Kayunga,Bbaale,2019,Kayonza,Kanywero,Lwabyata Parents Primary School,Government,Female,Division 1,0
d102,c101,s103,p153,Kayunga,Bbaale,2019,Kayonza,Kanywero,Lwabyata Parents Primary School,Government,Male,Division 2,3
d102,c101,s103,p153,Kayunga,Bbaale,2019,Kayonza,Kanywero,Lwabyata Parents Primary School,Government,Female,Division 2,1
d102,c101,s103,p153,Kayunga,Bbaale,2019,Kayonza,Kanywero,Lwabyata Parents Primary School,Government,Male,Division 3,6
d102,c101,s103,p153,Kayunga,Bbaale,2019,Kayonza,Kanywero,Lwabyata Parents Primary School,Government,Female,Division 3,5
d102,c101,s103,p153,Kayunga,Bbaale,2019,Kayonza,Kanywero,Lwabyata Parents Primary School,Government,Male,Division 4,6
d102,c101,s103,p153,Kayunga,Bbaale,2019,Kayonza,Kanywero,Lwabyata Parents Primary School,Government,Female,Division 4,8
d102,c101,s103,p153,Kayunga,Bbaale,2019,Kayonza,Kanywero,Lwabyata Parents Primary School,Government,Male,Division U,5
d102,c101,s103,p153,Kayunga,Bbaale,2019,Kayonza,Kanywero,Lwabyata Parents Primary School,Government,Female,Division U,5
d102,c101,s103,p153,Kayunga,Bbaale,2019,Kayonza,Kanywero,Lwabyata Parents Primary School,Government,Male,Division X,0
d102,c101,s103,p153,Kayunga,Bbaale,2019,Kayonza,Kanywero,Lwabyata Parents Primary School,Government,Female,Division X,0
d102,c101,s103,p155,Kayunga,Bbaale,2019,Kayonza,Nakyesa,Nakyessa Bright Future Primary School,Government,Male,Division 1,0
d102,c101,s103,p155,Kayunga,Bbaale,2019,Kayonza,Nakyesa,Nakyessa Bright Future Primary School,Government,Female,Division 1,1
d102,c101,s103,p155,Kayunga,Bbaale,2019,Kayonza,Nakyesa,Nakyessa Bright Future Primary School,Government,Male,Division 2,11
d102,c101,s103,p155,Kayunga,Bbaale,2019,Kayonza,Nakyesa,Nakyessa Bright Future Primary School,Government,Female,Division 2,10
d102,c101,s103,p155,Kayunga,Bbaale,2019,Kayonza,Nakyesa,Nakyessa Bright Future Primary School,Government,Male,Division 3,6
d102,c101,s103,p155,Kayunga,Bbaale,2019,Kayonza,Nakyesa,Nakyessa Bright Future Primary School,Government,Female,Division 3,6
d102,c101,s103,p155,Kayunga,Bbaale,2019,Kayonza,Nakyesa,Nakyessa Bright Future Primary School,Government,Male,Division 4,4
d102,c101,s103,p155,Kayunga,Bbaale,2019,Kayonza,Nakyesa,Nakyessa Bright Future Primary School,Government,Female,Division 4,2
d102,c101,s103,p155,Kayunga,Bbaale,2019,Kayonza,Nakyesa,Nakyessa Bright Future Primary School,Government,Male,Division U,0
d102,c101,s103,p155,Kayunga,Bbaale,2019,Kayonza,Nakyesa,Nakyessa Bright Future Primary School,Government,Female,Division U,2
d102,c101,s103,p155,Kayunga,Bbaale,2019,Kayonza,Nakyesa,Nakyessa Bright Future Primary School,Government,Male,Division X,0
d102,c101,s103,p155,Kayunga,Bbaale,2019,Kayonza,Nakyesa,Nakyessa Bright Future Primary School,Government,Female,Division X,0
d102,c101,s103,p155,Kayunga,Bbaale,2019,Kayonza,Nakyesa,Nakyessa Day And Boarding Primary School,Private,Male,Division 1,1
d102,c101,s103,p155,Kayunga,Bbaale,2019,Kayonza,Nakyesa,Nakyessa Day And Boarding Primary School,Private,Female,Division 1,0
d102,c101,s103,p155,Kayunga,Bbaale,2019,Kayonza,Nakyesa,Nakyessa Day And Boarding Primary School,Private,Male,Division 2,15
d102,c101,s103,p155,Kayunga,Bbaale,2019,Kayonza,Nakyesa,Nakyessa Day And Boarding Primary School,Private,Female,Division 2,17
d102,c101,s103,p155,Kayunga,Bbaale,2019,Kayonza,Nakyesa,Nakyessa Day And Boarding Primary School,Private,Male,Division 3,11
d102,c101,s103,p155,Kayunga,Bbaale,2019,Kayonza,Nakyesa,Nakyessa Day And Boarding Primary School,Private,Female,Division 3,16
d102,c101,s103,p155,Kayunga,Bbaale,2019,Kayonza,Nakyesa,Nakyessa Day And Boarding Primary School,Private,Male,Division 4,12
d102,c101,s103,p155,Kayunga,Bbaale,2019,Kayonza,Nakyesa,Nakyessa Day And Boarding Primary School,Private,Female,Division 4,12
d102,c101,s103,p155,Kayunga,Bbaale,2019,Kayonza,Nakyesa,Nakyessa Day And Boarding Primary School,Private,Male,Division U,10
d102,c101,s103,p155,Kayunga,Bbaale,2019,Kayonza,Nakyesa,Nakyessa Day And Boarding Primary School,Private,Female,Division U,8
d102,c101,s103,p155,Kayunga,Bbaale,2019,Kayonza,Nakyesa,Nakyessa Day And Boarding Primary School,Private,Male,Division X,2
d102,c101,s103,p155,Kayunga,Bbaale,2019,Kayonza,Nakyesa,Nakyessa Day And Boarding Primary School,Private,Female,Division X,1
d102,c101,s103,p155,Kayunga,Bbaale,2019,Kayonza,Nakyesa,Nakyessa Moslem Primary School,Government,Male,Division 1,0
d102,c101,s103,p155,Kayunga,Bbaale,2019,Kayonza,Nakyesa,Nakyessa Moslem Primary School,Government,Female,Division 1,1
d102,c101,s103,p155,Kayunga,Bbaale,2019,Kayonza,Nakyesa,Nakyessa Moslem Primary School,Government,Male,Division 2,6
d102,c101,s103,p155,Kayunga,Bbaale,2019,Kayonza,Nakyesa,Nakyessa Moslem Primary School,Government,Female,Division 2,4
d102,c101,s103,p155,Kayunga,Bbaale,2019,Kayonza,Nakyesa,Nakyessa Moslem Primary School,Government,Male,Division 3,7
d102,c101,s103,p155,Kayunga,Bbaale,2019,Kayonza,Nakyesa,Nakyessa Moslem Primary School,Government,Female,Division 3,5
d102,c101,s103,p155,Kayunga,Bbaale,2019,Kayonza,Nakyesa,Nakyessa Moslem Primary School,Government,Male,Division 4,12
d102,c101,s103,p155,Kayunga,Bbaale,2019,Kayonza,Nakyesa,Nakyessa Moslem Primary School,Government,Female,Division 4,9
d102,c101,s103,p155,Kayunga,Bbaale,2019,Kayonza,Nakyesa,Nakyessa Moslem Primary School,Government,Male,Division U,1
d102,c101,s103,p155,Kayunga,Bbaale,2019,Kayonza,Nakyesa,Nakyessa Moslem Primary School,Government,Female,Division U,0
d102,c101,s103,p155,Kayunga,Bbaale,2019,Kayonza,Nakyesa,Nakyessa Moslem Primary School,Government,Male,Division X,0
d102,c101,s103,p155,Kayunga,Bbaale,2019,Kayonza,Nakyesa,Nakyessa Moslem Primary School,Government,Female,Division X,1
d102,c101,s103,p155,Kayunga,Bbaale,2019,Kayonza,Nakyesa,Namatogonya CU Primary School,Government,Male,Division 1,0
d102,c101,s103,p155,Kayunga,Bbaale,2019,Kayonza,Nakyesa,Namatogonya CU Primary School,Government,Female,Division 1,0
d102,c101,s103,p155,Kayunga,Bbaale,2019,Kayonza,Nakyesa,Namatogonya CU Primary School,Government,Male,Division 2,0
d102,c101,s103,p155,Kayunga,Bbaale,2019,Kayonza,Nakyesa,Namatogonya CU Primary School,Government,Female,Division 2,0
d102,c101,s103,p155,Kayunga,Bbaale,2019,Kayonza,Nakyesa,Namatogonya CU Primary School,Government,Male,Division 3,3
d102,c101,s103,p155,Kayunga,Bbaale,2019,Kayonza,Nakyesa,Namatogonya CU Primary School,Government,Female,Division 3,1
d102,c101,s103,p155,Kayunga,Bbaale,2019,Kayonza,Nakyesa,Namatogonya CU Primary School,Government,Male,Division 4,5
d102,c101,s103,p155,Kayunga,Bbaale,2019,Kayonza,Nakyesa,Namatogonya CU Primary School,Government,Female,Division 4,4
d102,c101,s103,p155,Kayunga,Bbaale,2019,Kayonza,Nakyesa,Namatogonya CU Primary School,Government,Male,Division U,10
d102,c101,s103,p155,Kayunga,Bbaale,2019,Kayonza,Nakyesa,Namatogonya CU Primary School,Government,Female,Division U,7
d102,c101,s103,p155,Kayunga,Bbaale,2019,Kayonza,Nakyesa,Namatogonya CU Primary School,Government,Male,Division X,1
d102,c101,s103,p155,Kayunga,Bbaale,2019,Kayonza,Nakyesa,Namatogonya CU Primary School,Government,Female,Division X,1
d102,c101,s103,p158,Kayunga,Bbaale,2019,Kayonza,Namizo,Namavundu RC Primary School,Government,Male,Division 1,1
d102,c101,s103,p158,Kayunga,Bbaale,2019,Kayonza,Namizo,Namavundu RC Primary School,Government,Female,Division 1,0
d102,c101,s103,p158,Kayunga,Bbaale,2019,Kayonza,Namizo,Namavundu RC Primary School,Government,Male,Division 2,2
d102,c101,s103,p158,Kayunga,Bbaale,2019,Kayonza,Namizo,Namavundu RC Primary School,Government,Female,Division 2,3
d102,c101,s103,p158,Kayunga,Bbaale,2019,Kayonza,Namizo,Namavundu RC Primary School,Government,Male,Division 3,1
d102,c101,s103,p158,Kayunga,Bbaale,2019,Kayonza,Namizo,Namavundu RC Primary School,Government,Female,Division 3,2
d102,c101,s103,p158,Kayunga,Bbaale,2019,Kayonza,Namizo,Namavundu RC Primary School,Government,Male,Division 4,1
d102,c101,s103,p158,Kayunga,Bbaale,2019,Kayonza,Namizo,Namavundu RC Primary School,Government,Female,Division 4,0
d102,c101,s103,p158,Kayunga,Bbaale,2019,Kayonza,Namizo,Namavundu RC Primary School,Government,Male,Division U,2
d102,c101,s103,p158,Kayunga,Bbaale,2019,Kayonza,Namizo,Namavundu RC Primary School,Government,Female,Division U,2
d102,c101,s103,p158,Kayunga,Bbaale,2019,Kayonza,Namizo,Namavundu RC Primary School,Government,Male,Division X,1
d102,c101,s103,p158,Kayunga,Bbaale,2019,Kayonza,Namizo,Namavundu RC Primary School,Government,Female,Division X,0
d102,c101,s103,p158,Kayunga,Bbaale,2019,Kayonza,Namizo,Namizo UMEA Primary School,Government,Male,Division 1,0
d102,c101,s103,p158,Kayunga,Bbaale,2019,Kayonza,Namizo,Namizo UMEA Primary School,Government,Female,Division 1,0
d102,c101,s103,p158,Kayunga,Bbaale,2019,Kayonza,Namizo,Namizo UMEA Primary School,Government,Male,Division 2,3
d102,c101,s103,p158,Kayunga,Bbaale,2019,Kayonza,Namizo,Namizo UMEA Primary School,Government,Female,Division 2,1
d102,c101,s103,p158,Kayunga,Bbaale,2019,Kayonza,Namizo,Namizo UMEA Primary School,Government,Male,Division 3,4
d102,c101,s103,p158,Kayunga,Bbaale,2019,Kayonza,Namizo,Namizo UMEA Primary School,Government,Female,Division 3,2
d102,c101,s103,p158,Kayunga,Bbaale,2019,Kayonza,Namizo,Namizo UMEA Primary School,Government,Male,Division 4,3
d102,c101,s103,p158,Kayunga,Bbaale,2019,Kayonza,Namizo,Namizo UMEA Primary School,Government,Female,Division 4,3
d102,c101,s103,p158,Kayunga,Bbaale,2019,Kayonza,Namizo,Namizo UMEA Primary School,Government,Male,Division U,0
d102,c101,s103,p158,Kayunga,Bbaale,2019,Kayonza,Namizo,Namizo UMEA Primary School,Government,Female,Division U,2
d102,c101,s103,p158,Kayunga,Bbaale,2019,Kayonza,Namizo,Namizo UMEA Primary School,Government,Male,Division X,0
d102,c101,s103,p158,Kayunga,Bbaale,2019,Kayonza,Namizo,Namizo UMEA Primary School,Government,Female,Division X,1
d102,c101,s103,p151,Kayunga,Bbaale,2019,Kayonza,Kafumba,Nyondo RC Primary School,Government,Male,Division 1,0
d102,c101,s103,p151,Kayunga,Bbaale,2019,Kayonza,Kafumba,Nyondo RC Primary School,Government,Female,Division 1,0
d102,c101,s103,p151,Kayunga,Bbaale,2019,Kayonza,Kafumba,Nyondo RC Primary School,Government,Male,Division 2,3
d102,c101,s103,p151,Kayunga,Bbaale,2019,Kayonza,Kafumba,Nyondo RC Primary School,Government,Female,Division 2,2
d102,c101,s103,p151,Kayunga,Bbaale,2019,Kayonza,Kafumba,Nyondo RC Primary School,Government,Male,Division 3,4
d102,c101,s103,p151,Kayunga,Bbaale,2019,Kayonza,Kafumba,Nyondo RC Primary School,Government,Female,Division 3,2
d102,c101,s103,p151,Kayunga,Bbaale,2019,Kayonza,Kafumba,Nyondo RC Primary School,Government,Male,Division 4,1
d102,c101,s103,p151,Kayunga,Bbaale,2019,Kayonza,Kafumba,Nyondo RC Primary School,Government,Female,Division 4,3
d102,c101,s103,p151,Kayunga,Bbaale,2019,Kayonza,Kafumba,Nyondo RC Primary School,Government,Male,Division U,5
d102,c101,s103,p151,Kayunga,Bbaale,2019,Kayonza,Kafumba,Nyondo RC Primary School,Government,Female,Division U,3
d102,c101,s103,p151,Kayunga,Bbaale,2019,Kayonza,Kafumba,Nyondo RC Primary School,Government,Male,Division X,2
d102,c101,s103,p151,Kayunga,Bbaale,2019,Kayonza,Kafumba,Nyondo RC Primary School,Government,Female,Division X,1
d102,c101,s103,p157,Kayunga,Bbaale,2019,Kayonza,Namaliri,St Jude Kayonza RC Primary School,Government,Male,Division 1,0
d102,c101,s103,p157,Kayunga,Bbaale,2019,Kayonza,Namaliri,St Jude Kayonza RC Primary School,Government,Female,Division 1,0
d102,c101,s103,p157,Kayunga,Bbaale,2019,Kayonza,Namaliri,St Jude Kayonza RC Primary School,Government,Male,Division 2,0
d102,c101,s103,p157,Kayunga,Bbaale,2019,Kayonza,Namaliri,St Jude Kayonza RC Primary School,Government,Female,Division 2,1
d102,c101,s103,p157,Kayunga,Bbaale,2019,Kayonza,Namaliri,St Jude Kayonza RC Primary School,Government,Male,Division 3,0
d102,c101,s103,p157,Kayunga,Bbaale,2019,Kayonza,Namaliri,St Jude Kayonza RC Primary School,Government,Female,Division 3,0
d102,c101,s103,p157,Kayunga,Bbaale,2019,Kayonza,Namaliri,St Jude Kayonza RC Primary School,Government,Male,Division 4,2
d102,c101,s103,p157,Kayunga,Bbaale,2019,Kayonza,Namaliri,St Jude Kayonza RC Primary School,Government,Female,Division 4,3
d102,c101,s103,p157,Kayunga,Bbaale,2019,Kayonza,Namaliri,St Jude Kayonza RC Primary School,Government,Male,Division U,4
d102,c101,s103,p157,Kayunga,Bbaale,2019,Kayonza,Namaliri,St Jude Kayonza RC Primary School,Government,Female,Division U,7
d102,c101,s103,p157,Kayunga,Bbaale,2019,Kayonza,Namaliri,St Jude Kayonza RC Primary School,Government,Male,Division X,1
d102,c101,s103,p157,Kayunga,Bbaale,2019,Kayonza,Namaliri,St Jude Kayonza RC Primary School,Government,Female,Division X,0
d102,c101,s103,p153,Kayunga,Bbaale,2019,Kayonza,Kanywero,Wabunyonyi CU Primary School,Government,Male,Division 1,0
d102,c101,s103,p153,Kayunga,Bbaale,2019,Kayonza,Kanywero,Wabunyonyi CU Primary School,Government,Female,Division 1,0
d102,c101,s103,p153,Kayunga,Bbaale,2019,Kayonza,Kanywero,Wabunyonyi CU Primary School,Government,Male,Division 2,0
d102,c101,s103,p153,Kayunga,Bbaale,2019,Kayonza,Kanywero,Wabunyonyi CU Primary School,Government,Female,Division 2,0
d102,c101,s103,p153,Kayunga,Bbaale,2019,Kayonza,Kanywero,Wabunyonyi CU Primary School,Government,Male,Division 3,1
d102,c101,s103,p153,Kayunga,Bbaale,2019,Kayonza,Kanywero,Wabunyonyi CU Primary School,Government,Female,Division 3,0
d102,c101,s103,p153,Kayunga,Bbaale,2019,Kayonza,Kanywero,Wabunyonyi CU Primary School,Government,Male,Division 4,3
d102,c101,s103,p153,Kayunga,Bbaale,2019,Kayonza,Kanywero,Wabunyonyi CU Primary School,Government,Female,Division 4,4
d102,c101,s103,p153,Kayunga,Bbaale,2019,Kayonza,Kanywero,Wabunyonyi CU Primary School,Government,Male,Division U,10
d102,c101,s103,p153,Kayunga,Bbaale,2019,Kayonza,Kanywero,Wabunyonyi CU Primary School,Government,Female,Division U,4
d102,c101,s103,p153,Kayunga,Bbaale,2019,Kayonza,Kanywero,Wabunyonyi CU Primary School,Government,Male,Division X,0
d102,c101,s103,p153,Kayunga,Bbaale,2019,Kayonza,Kanywero,Wabunyonyi CU Primary School,Government,Female,Division X,0
d102,c101,s103,p153,Kayunga,Bbaale,2019,Kayonza,Kanywero,Wunga Primary School,Government,Male,Division 1,0
d102,c101,s103,p153,Kayunga,Bbaale,2019,Kayonza,Kanywero,Wunga Primary School,Government,Female,Division 1,0
d102,c101,s103,p153,Kayunga,Bbaale,2019,Kayonza,Kanywero,Wunga Primary School,Government,Male,Division 2,2
d102,c101,s103,p153,Kayunga,Bbaale,2019,Kayonza,Kanywero,Wunga Primary School,Government,Female,Division 2,1
d102,c101,s103,p153,Kayunga,Bbaale,2019,Kayonza,Kanywero,Wunga Primary School,Government,Male,Division 3,3
d102,c101,s103,p153,Kayunga,Bbaale,2019,Kayonza,Kanywero,Wunga Primary School,Government,Female,Division 3,1
d102,c101,s103,p153,Kayunga,Bbaale,2019,Kayonza,Kanywero,Wunga Primary School,Government,Male,Division 4,9
d102,c101,s103,p153,Kayunga,Bbaale,2019,Kayonza,Kanywero,Wunga Primary School,Government,Female,Division 4,7
d102,c101,s103,p153,Kayunga,Bbaale,2019,Kayonza,Kanywero,Wunga Primary School,Government,Male,Division U,15
d102,c101,s103,p153,Kayunga,Bbaale,2019,Kayonza,Kanywero,Wunga Primary School,Government,Female,Division U,8
d102,c101,s103,p153,Kayunga,Bbaale,2019,Kayonza,Kanywero,Wunga Primary School,Government,Male,Division X,1
d102,c101,s103,p153,Kayunga,Bbaale,2019,Kayonza,Kanywero,Wunga Primary School,Government,Female,Division X,0
d102,c101,s104,p144,Kayunga,Bbaale,2019,Kitimbwa,Nakivubo,Bisaka Primary School,Government,Male,Division 1,0
d102,c101,s104,p144,Kayunga,Bbaale,2019,Kitimbwa,Nakivubo,Bisaka Primary School,Government,Female,Division 1,1
d102,c101,s104,p144,Kayunga,Bbaale,2019,Kitimbwa,Nakivubo,Bisaka Primary School,Government,Male,Division 2,10
d102,c101,s104,p144,Kayunga,Bbaale,2019,Kitimbwa,Nakivubo,Bisaka Primary School,Government,Female,Division 2,8
d102,c101,s104,p144,Kayunga,Bbaale,2019,Kitimbwa,Nakivubo,Bisaka Primary School,Government,Male,Division 3,1
d102,c101,s104,p144,Kayunga,Bbaale,2019,Kitimbwa,Nakivubo,Bisaka Primary School,Government,Female,Division 3,0
d102,c101,s104,p144,Kayunga,Bbaale,2019,Kitimbwa,Nakivubo,Bisaka Primary School,Government,Male,Division 4,2
d102,c101,s104,p144,Kayunga,Bbaale,2019,Kitimbwa,Nakivubo,Bisaka Primary School,Government,Female,Division 4,1
d102,c101,s104,p144,Kayunga,Bbaale,2019,Kitimbwa,Nakivubo,Bisaka Primary School,Government,Male,Division U,0
d102,c101,s104,p144,Kayunga,Bbaale,2019,Kitimbwa,Nakivubo,Bisaka Primary School,Government,Female,Division U,0
d102,c101,s104,p144,Kayunga,Bbaale,2019,Kitimbwa,Nakivubo,Bisaka Primary School,Government,Male,Division X,0
d102,c101,s104,p144,Kayunga,Bbaale,2019,Kitimbwa,Nakivubo,Bisaka Primary School,Government,Female,Division X,0
d102,c101,s104,p143,Kayunga,Bbaale,2019,Kitimbwa,Nkokonjeru,Bulawula Primary School,Government,Male,Division 1,0
d102,c101,s104,p143,Kayunga,Bbaale,2019,Kitimbwa,Nkokonjeru,Bulawula Primary School,Government,Female,Division 1,0
d102,c101,s104,p143,Kayunga,Bbaale,2019,Kitimbwa,Nkokonjeru,Bulawula Primary School,Government,Male,Division 2,15
d102,c101,s104,p143,Kayunga,Bbaale,2019,Kitimbwa,Nkokonjeru,Bulawula Primary School,Government,Female,Division 2,6
d102,c101,s104,p143,Kayunga,Bbaale,2019,Kitimbwa,Nkokonjeru,Bulawula Primary School,Government,Male,Division 3,3
d102,c101,s104,p143,Kayunga,Bbaale,2019,Kitimbwa,Nkokonjeru,Bulawula Primary School,Government,Female,Division 3,6
d102,c101,s104,p143,Kayunga,Bbaale,2019,Kitimbwa,Nkokonjeru,Bulawula Primary School,Government,Male,Division 4,4
d102,c101,s104,p143,Kayunga,Bbaale,2019,Kitimbwa,Nkokonjeru,Bulawula Primary School,Government,Female,Division 4,9
d102,c101,s104,p143,Kayunga,Bbaale,2019,Kitimbwa,Nkokonjeru,Bulawula Primary School,Government,Male,Division U,6
d102,c101,s104,p143,Kayunga,Bbaale,2019,Kitimbwa,Nkokonjeru,Bulawula Primary School,Government,Female,Division U,6
d102,c101,s104,p143,Kayunga,Bbaale,2019,Kitimbwa,Nkokonjeru,Bulawula Primary School,Government,Male,Division X,0
d102,c101,s104,p143,Kayunga,Bbaale,2019,Kitimbwa,Nkokonjeru,Bulawula Primary School,Government,Female,Division X,0
d102,c101,s104,p139,Kayunga,Bbaale,2019,Kitimbwa,Kitatya,Kitatya CU Primary School,Government,Male,Division 1,1
d102,c101,s104,p139,Kayunga,Bbaale,2019,Kitimbwa,Kitatya,Kitatya CU Primary School,Government,Female,Division 1,1
d102,c101,s104,p139,Kayunga,Bbaale,2019,Kitimbwa,Kitatya,Kitatya CU Primary School,Government,Male,Division 2,13
d102,c101,s104,p139,Kayunga,Bbaale,2019,Kitimbwa,Kitatya,Kitatya CU Primary School,Government,Female,Division 2,12
d102,c101,s104,p139,Kayunga,Bbaale,2019,Kitimbwa,Kitatya,Kitatya CU Primary School,Government,Male,Division 3,11
d102,c101,s104,p139,Kayunga,Bbaale,2019,Kitimbwa,Kitatya,Kitatya CU Primary School,Government,Female,Division 3,9
d102,c101,s104,p139,Kayunga,Bbaale,2019,Kitimbwa,Kitatya,Kitatya CU Primary School,Government,Male,Division 4,6
d102,c101,s104,p139,Kayunga,Bbaale,2019,Kitimbwa,Kitatya,Kitatya CU Primary School,Government,Female,Division 4,10
d102,c101,s104,p139,Kayunga,Bbaale,2019,Kitimbwa,Kitatya,Kitatya CU Primary School,Government,Male,Division U,9
d102,c101,s104,p139,Kayunga,Bbaale,2019,Kitimbwa,Kitatya,Kitatya CU Primary School,Government,Female,Division U,8
d102,c101,s104,p139,Kayunga,Bbaale,2019,Kitimbwa,Kitatya,Kitatya CU Primary School,Government,Male,Division X,1
d102,c101,s104,p139,Kayunga,Bbaale,2019,Kitimbwa,Kitatya,Kitatya CU Primary School,Government,Female,Division X,1
d102,c101,s104,p139,Kayunga,Bbaale,2019,Kitimbwa,Kitatya,Kitatya RC Primary School,Government,Male,Division 1,0
d102,c101,s104,p139,Kayunga,Bbaale,2019,Kitimbwa,Kitatya,Kitatya RC Primary School,Government,Female,Division 1,0
d102,c101,s104,p139,Kayunga,Bbaale,2019,Kitimbwa,Kitatya,Kitatya RC Primary School,Government,Male,Division 2,12
d102,c101,s104,p139,Kayunga,Bbaale,2019,Kitimbwa,Kitatya,Kitatya RC Primary School,Government,Female,Division 2,8
d102,c101,s104,p139,Kayunga,Bbaale,2019,Kitimbwa,Kitatya,Kitatya RC Primary School,Government,Male,Division 3,10
d102,c101,s104,p139,Kayunga,Bbaale,2019,Kitimbwa,Kitatya,Kitatya RC Primary School,Government,Female,Division 3,3
d102,c101,s104,p139,Kayunga,Bbaale,2019,Kitimbwa,Kitatya,Kitatya RC Primary School,Government,Male,Division 4,2
d102,c101,s104,p139,Kayunga,Bbaale,2019,Kitimbwa,Kitatya,Kitatya RC Primary School,Government,Female,Division 4,1
d102,c101,s104,p139,Kayunga,Bbaale,2019,Kitimbwa,Kitatya,Kitatya RC Primary School,Government,Male,Division U,2
d102,c101,s104,p139,Kayunga,Bbaale,2019,Kitimbwa,Kitatya,Kitatya RC Primary School,Government,Female,Division U,3
d102,c101,s104,p139,Kayunga,Bbaale,2019,Kitimbwa,Kitatya,Kitatya RC Primary School,Government,Male,Division X,0
d102,c101,s104,p139,Kayunga,Bbaale,2019,Kitimbwa,Kitatya,Kitatya RC Primary School,Government,Female,Division X,4
d102,c101,s104,p142,Kayunga,Bbaale,2019,Kitimbwa,Kyerima,Mt Carmel Primary School,Private,Male,Division 1,5
d102,c101,s104,p142,Kayunga,Bbaale,2019,Kitimbwa,Kyerima,Mt Carmel Primary School,Private,Female,Division 1,2
d102,c101,s104,p142,Kayunga,Bbaale,2019,Kitimbwa,Kyerima,Mt Carmel Primary School,Private,Male,Division 2,21
d102,c101,s104,p142,Kayunga,Bbaale,2019,Kitimbwa,Kyerima,Mt Carmel Primary School,Private,Female,Division 2,21
d102,c101,s104,p142,Kayunga,Bbaale,2019,Kitimbwa,Kyerima,Mt Carmel Primary School,Private,Male,Division 3,13
d102,c101,s104,p142,Kayunga,Bbaale,2019,Kitimbwa,Kyerima,Mt Carmel Primary School,Private,Female,Division 3,14
d102,c101,s104,p142,Kayunga,Bbaale,2019,Kitimbwa,Kyerima,Mt Carmel Primary School,Private,Male,Division 4,4
d102,c101,s104,p142,Kayunga,Bbaale,2019,Kitimbwa,Kyerima,Mt Carmel Primary School,Private,Female,Division 4,10
d102,c101,s104,p142,Kayunga,Bbaale,2019,Kitimbwa,Kyerima,Mt Carmel Primary School,Private,Male,Division U,7
d102,c101,s104,p142,Kayunga,Bbaale,2019,Kitimbwa,Kyerima,Mt Carmel Primary School,Private,Female,Division U,6
d102,c101,s104,p142,Kayunga,Bbaale,2019,Kitimbwa,Kyerima,Mt Carmel Primary School,Private,Male,Division X,1
d102,c101,s104,p142,Kayunga,Bbaale,2019,Kitimbwa,Kyerima,Mt Carmel Primary School,Private,Female,Division X,0
d102,c101,s104,p142,Kayunga,Bbaale,2019,Kitimbwa,Kyerima,Nakaseeta CU Primary School,Government,Male,Division 1,0
d102,c101,s104,p142,Kayunga,Bbaale,2019,Kitimbwa,Kyerima,Nakaseeta CU Primary School,Government,Female,Division 1,0
d102,c101,s104,p142,Kayunga,Bbaale,2019,Kitimbwa,Kyerima,Nakaseeta CU Primary School,Government,Male,Division 2,1
d102,c101,s104,p142,Kayunga,Bbaale,2019,Kitimbwa,Kyerima,Nakaseeta CU Primary School,Government,Female,Division 2,0
d102,c101,s104,p142,Kayunga,Bbaale,2019,Kitimbwa,Kyerima,Nakaseeta CU Primary School,Government,Male,Division 3,0
d102,c101,s104,p142,Kayunga,Bbaale,2019,Kitimbwa,Kyerima,Nakaseeta CU Primary School,Government,Female,Division 3,0
d102,c101,s104,p142,Kayunga,Bbaale,2019,Kitimbwa,Kyerima,Nakaseeta CU Primary School,Government,Male,Division 4,3
d102,c101,s104,p142,Kayunga,Bbaale,2019,Kitimbwa,Kyerima,Nakaseeta CU Primary School,Government,Female,Division 4,1
d102,c101,s104,p142,Kayunga,Bbaale,2019,Kitimbwa,Kyerima,Nakaseeta CU Primary School,Government,Male,Division U,5
d102,c101,s104,p142,Kayunga,Bbaale,2019,Kitimbwa,Kyerima,Nakaseeta CU Primary School,Government,Female,Division U,3
d102,c101,s104,p142,Kayunga,Bbaale,2019,Kitimbwa,Kyerima,Nakaseeta CU Primary School,Government,Male,Division X,1
d102,c101,s104,p142,Kayunga,Bbaale,2019,Kitimbwa,Kyerima,Nakaseeta CU Primary School,Government,Female,Division X,1
d102,c101,s104,p144,Kayunga,Bbaale,2019,Kitimbwa,Nakivubo,Nakivubo CU Primary School,Government,Male,Division 1,0
d102,c101,s104,p144,Kayunga,Bbaale,2019,Kitimbwa,Nakivubo,Nakivubo CU Primary School,Government,Female,Division 1,0
d102,c101,s104,p144,Kayunga,Bbaale,2019,Kitimbwa,Nakivubo,Nakivubo CU Primary School,Government,Male,Division 2,9
d102,c101,s104,p144,Kayunga,Bbaale,2019,Kitimbwa,Nakivubo,Nakivubo CU Primary School,Government,Female,Division 2,2
d102,c101,s104,p144,Kayunga,Bbaale,2019,Kitimbwa,Nakivubo,Nakivubo CU Primary School,Government,Male,Division 3,10
d102,c101,s104,p144,Kayunga,Bbaale,2019,Kitimbwa,Nakivubo,Nakivubo CU Primary School,Government,Female,Division 3,14
d102,c101,s104,p144,Kayunga,Bbaale,2019,Kitimbwa,Nakivubo,Nakivubo CU Primary School,Government,Male,Division 4,10
d102,c101,s104,p144,Kayunga,Bbaale,2019,Kitimbwa,Nakivubo,Nakivubo CU Primary School,Government,Female,Division 4,9
d102,c101,s104,p144,Kayunga,Bbaale,2019,Kitimbwa,Nakivubo,Nakivubo CU Primary School,Government,Male,Division U,7
d102,c101,s104,p144,Kayunga,Bbaale,2019,Kitimbwa,Nakivubo,Nakivubo CU Primary School,Government,Female,Division U,3
d102,c101,s104,p144,Kayunga,Bbaale,2019,Kitimbwa,Nakivubo,Nakivubo CU Primary School,Government,Male,Division X,1
d102,c101,s104,p144,Kayunga,Bbaale,2019,Kitimbwa,Nakivubo,Nakivubo CU Primary School,Government,Female,Division X,1
d102,c101,s104,p144,Kayunga,Bbaale,2019,Kitimbwa,Nakivubo,Nakivubo UMEA Primary School,Government,Male,Division 1,0
d102,c101,s104,p144,Kayunga,Bbaale,2019,Kitimbwa,Nakivubo,Nakivubo UMEA Primary School,Government,Female,Division 1,0
d102,c101,s104,p144,Kayunga,Bbaale,2019,Kitimbwa,Nakivubo,Nakivubo UMEA Primary School,Government,Male,Division 2,0
d102,c101,s104,p144,Kayunga,Bbaale,2019,Kitimbwa,Nakivubo,Nakivubo UMEA Primary School,Government,Female,Division 2,0
d102,c101,s104,p144,Kayunga,Bbaale,2019,Kitimbwa,Nakivubo,Nakivubo UMEA Primary School,Government,Male,Division 3,0
d102,c101,s104,p144,Kayunga,Bbaale,2019,Kitimbwa,Nakivubo,Nakivubo UMEA Primary School,Government,Female,Division 3,0
d102,c101,s104,p144,Kayunga,Bbaale,2019,Kitimbwa,Nakivubo,Nakivubo UMEA Primary School,Government,Male,Division 4,1
d102,c101,s104,p144,Kayunga,Bbaale,2019,Kitimbwa,Nakivubo,Nakivubo UMEA Primary School,Government,Female,Division 4,1
d102,c101,s104,p144,Kayunga,Bbaale,2019,Kitimbwa,Nakivubo,Nakivubo UMEA Primary School,Government,Male,Division U,3
d102,c101,s104,p144,Kayunga,Bbaale,2019,Kitimbwa,Nakivubo,Nakivubo UMEA Primary School,Government,Female,Division U,20
d102,c101,s104,p144,Kayunga,Bbaale,2019,Kitimbwa,Nakivubo,Nakivubo UMEA Primary School,Government,Male,Division X,2
d102,c101,s104,p144,Kayunga,Bbaale,2019,Kitimbwa,Nakivubo,Nakivubo UMEA Primary School,Government,Female,Division X,4
d102,c101,s104,p142,Kayunga,Bbaale,2019,Kitimbwa,Kyerima,Namabuga RC Primary School,Government,Male,Division 1,0
d102,c101,s104,p142,Kayunga,Bbaale,2019,Kitimbwa,Kyerima,Namabuga RC Primary School,Government,Female,Division 1,0
d102,c101,s104,p142,Kayunga,Bbaale,2019,Kitimbwa,Kyerima,Namabuga RC Primary School,Government,Male,Division 2,1
d102,c101,s104,p142,Kayunga,Bbaale,2019,Kitimbwa,Kyerima,Namabuga RC Primary School,Government,Female,Division 2,1
d102,c101,s104,p142,Kayunga,Bbaale,2019,Kitimbwa,Kyerima,Namabuga RC Primary School,Government,Male,Division 3,7
d102,c101,s104,p142,Kayunga,Bbaale,2019,Kitimbwa,Kyerima,Namabuga RC Primary School,Government,Female,Division 3,5
d102,c101,s104,p142,Kayunga,Bbaale,2019,Kitimbwa,Kyerima,Namabuga RC Primary School,Government,Male,Division 4,6
d102,c101,s104,p142,Kayunga,Bbaale,2019,Kitimbwa,Kyerima,Namabuga RC Primary School,Government,Female,Division 4,5
d102,c101,s104,p142,Kayunga,Bbaale,2019,Kitimbwa,Kyerima,Namabuga RC Primary School,Government,Male,Division U,3
d102,c101,s104,p142,Kayunga,Bbaale,2019,Kitimbwa,Kyerima,Namabuga RC Primary School,Government,Female,Division U,2
d102,c101,s104,p142,Kayunga,Bbaale,2019,Kitimbwa,Kyerima,Namabuga RC Primary School,Government,Male,Division X,0
d102,c101,s104,p142,Kayunga,Bbaale,2019,Kitimbwa,Kyerima,Namabuga RC Primary School,Government,Female,Division X,0
d102,c101,s104,p140,Kayunga,Bbaale,2019,Kitimbwa,Namulaba,Namulaba CU Primary School,Government,Male,Division 1,0
d102,c101,s104,p140,Kayunga,Bbaale,2019,Kitimbwa,Namulaba,Namulaba CU Primary School,Government,Female,Division 1,0
d102,c101,s104,p140,Kayunga,Bbaale,2019,Kitimbwa,Namulaba,Namulaba CU Primary School,Government,Male,Division 2,1
d102,c101,s104,p140,Kayunga,Bbaale,2019,Kitimbwa,Namulaba,Namulaba CU Primary School,Government,Female,Division 2,1
d102,c101,s104,p140,Kayunga,Bbaale,2019,Kitimbwa,Namulaba,Namulaba CU Primary School,Government,Male,Division 3,4
d102,c101,s104,p140,Kayunga,Bbaale,2019,Kitimbwa,Namulaba,Namulaba CU Primary School,Government,Female,Division 3,2
d102,c101,s104,p140,Kayunga,Bbaale,2019,Kitimbwa,Namulaba,Namulaba CU Primary School,Government,Male,Division 4,2
d102,c101,s104,p140,Kayunga,Bbaale,2019,Kitimbwa,Namulaba,Namulaba CU Primary School,Government,Female,Division 4,1
d102,c101,s104,p140,Kayunga,Bbaale,2019,Kitimbwa,Namulaba,Namulaba CU Primary School,Government,Male,Division U,7
d102,c101,s104,p140,Kayunga,Bbaale,2019,Kitimbwa,Namulaba,Namulaba CU Primary School,Government,Female,Division U,5
d102,c101,s104,p140,Kayunga,Bbaale,2019,Kitimbwa,Namulaba,Namulaba CU Primary School,Government,Male,Division X,1
d102,c101,s104,p140,Kayunga,Bbaale,2019,Kitimbwa,Namulaba,Namulaba CU Primary School,Government,Female,Division X,0
d102,c101,s104,p140,Kayunga,Bbaale,2019,Kitimbwa,Namulaba,Namulaba UMEA Primary School,Government,Male,Division 1,0
d102,c101,s104,p140,Kayunga,Bbaale,2019,Kitimbwa,Namulaba,Namulaba UMEA Primary School,Government,Female,Division 1,0
d102,c101,s104,p140,Kayunga,Bbaale,2019,Kitimbwa,Namulaba,Namulaba UMEA Primary School,Government,Male,Division 2,5
d102,c101,s104,p140,Kayunga,Bbaale,2019,Kitimbwa,Namulaba,Namulaba UMEA Primary School,Government,Female,Division 2,6
d102,c101,s104,p140,Kayunga,Bbaale,2019,Kitimbwa,Namulaba,Namulaba UMEA Primary School,Government,Male,Division 3,7
d102,c101,s104,p140,Kayunga,Bbaale,2019,Kitimbwa,Namulaba,Namulaba UMEA Primary School,Government,Female,Division 3,4
d102,c101,s104,p140,Kayunga,Bbaale,2019,Kitimbwa,Namulaba,Namulaba UMEA Primary School,Government,Male,Division 4,6
d102,c101,s104,p140,Kayunga,Bbaale,2019,Kitimbwa,Namulaba,Namulaba UMEA Primary School,Government,Female,Division 4,4
d102,c101,s104,p140,Kayunga,Bbaale,2019,Kitimbwa,Namulaba,Namulaba UMEA Primary School,Government,Male,Division U,5
d102,c101,s104,p140,Kayunga,Bbaale,2019,Kitimbwa,Namulaba,Namulaba UMEA Primary School,Government,Female,Division U,4
d102,c101,s104,p140,Kayunga,Bbaale,2019,Kitimbwa,Namulaba,Namulaba UMEA Primary School,Government,Male,Division X,2
d102,c101,s104,p140,Kayunga,Bbaale,2019,Kitimbwa,Namulaba,Namulaba UMEA Primary School,Government,Female,Division X,1
d102,c101,s104,p142,Kayunga,Bbaale,2019,Kitimbwa,Kyerima,Nanjwenge CU Primary School,Government,Male,Division 1,0
d102,c101,s104,p142,Kayunga,Bbaale,2019,Kitimbwa,Kyerima,Nanjwenge CU Primary School,Government,Female,Division 1,0
d102,c101,s104,p142,Kayunga,Bbaale,2019,Kitimbwa,Kyerima,Nanjwenge CU Primary School,Government,Male,Division 2,2
d102,c101,s104,p142,Kayunga,Bbaale,2019,Kitimbwa,Kyerima,Nanjwenge CU Primary School,Government,Female,Division 2,1
d102,c101,s104,p142,Kayunga,Bbaale,2019,Kitimbwa,Kyerima,Nanjwenge CU Primary School,Government,Male,Division 3,2
d102,c101,s104,p142,Kayunga,Bbaale,2019,Kitimbwa,Kyerima,Nanjwenge CU Primary School,Government,Female,Division 3,3
d102,c101,s104,p142,Kayunga,Bbaale,2019,Kitimbwa,Kyerima,Nanjwenge CU Primary School,Government,Male,Division 4,3
d102,c101,s104,p142,Kayunga,Bbaale,2019,Kitimbwa,Kyerima,Nanjwenge CU Primary School,Government,Female,Division 4,2
d102,c101,s104,p142,Kayunga,Bbaale,2019,Kitimbwa,Kyerima,Nanjwenge CU Primary School,Government,Male,Division U,10
d102,c101,s104,p142,Kayunga,Bbaale,2019,Kitimbwa,Kyerima,Nanjwenge CU Primary School,Government,Female,Division U,8
d102,c101,s104,p142,Kayunga,Bbaale,2019,Kitimbwa,Kyerima,Nanjwenge CU Primary School,Government,Male,Division X,1
d102,c101,s104,p142,Kayunga,Bbaale,2019,Kitimbwa,Kyerima,Nanjwenge CU Primary School,Government,Female,Division X,1
d102,c101,s104,p140,Kayunga,Bbaale,2019,Kitimbwa,Namulaba,Nongo CU Primary School Kitimbwa,Government,Male,Division 1,0
d102,c101,s104,p140,Kayunga,Bbaale,2019,Kitimbwa,Namulaba,Nongo CU Primary School Kitimbwa,Government,Female,Division 1,0
d102,c101,s104,p140,Kayunga,Bbaale,2019,Kitimbwa,Namulaba,Nongo CU Primary School Kitimbwa,Government,Male,Division 2,1
d102,c101,s104,p140,Kayunga,Bbaale,2019,Kitimbwa,Namulaba,Nongo CU Primary School Kitimbwa,Government,Female,Division 2,1
d102,c101,s104,p140,Kayunga,Bbaale,2019,Kitimbwa,Namulaba,Nongo CU Primary School Kitimbwa,Government,Male,Division 3,1
d102,c101,s104,p140,Kayunga,Bbaale,2019,Kitimbwa,Namulaba,Nongo CU Primary School Kitimbwa,Government,Female,Division 3,0
d102,c101,s104,p140,Kayunga,Bbaale,2019,Kitimbwa,Namulaba,Nongo CU Primary School Kitimbwa,Government,Male,Division 4,2
d102,c101,s104,p140,Kayunga,Bbaale,2019,Kitimbwa,Namulaba,Nongo CU Primary School Kitimbwa,Government,Female,Division 4,1
d102,c101,s104,p140,Kayunga,Bbaale,2019,Kitimbwa,Namulaba,Nongo CU Primary School Kitimbwa,Government,Male,Division U,5
d102,c101,s104,p140,Kayunga,Bbaale,2019,Kitimbwa,Namulaba,Nongo CU Primary School Kitimbwa,Government,Female,Division U,4
d102,c101,s104,p140,Kayunga,Bbaale,2019,Kitimbwa,Namulaba,Nongo CU Primary School Kitimbwa,Government,Male,Division X,1
d102,c101,s104,p140,Kayunga,Bbaale,2019,Kitimbwa,Namulaba,Nongo CU Primary School Kitimbwa,Government,Female,Division X,0
d102,c101,s104,p140,Kayunga,Bbaale,2019,Kitimbwa,Namulaba,St Martins Nongo RC Primary School,Government,Male,Division 1,0
d102,c101,s104,p140,Kayunga,Bbaale,2019,Kitimbwa,Namulaba,St Martins Nongo RC Primary School,Government,Female,Division 1,0
d102,c101,s104,p140,Kayunga,Bbaale,2019,Kitimbwa,Namulaba,St Martins Nongo RC Primary School,Government,Male,Division 2,0
d102,c101,s104,p140,Kayunga,Bbaale,2019,Kitimbwa,Namulaba,St Martins Nongo RC Primary School,Government,Female,Division 2,0
d102,c101,s104,p140,Kayunga,Bbaale,2019,Kitimbwa,Namulaba,St Martins Nongo RC Primary School,Government,Male,Division 3,3
d102,c101,s104,p140,Kayunga,Bbaale,2019,Kitimbwa,Namulaba,St Martins Nongo RC Primary School,Government,Female,Division 3,3
d102,c101,s104,p140,Kayunga,Bbaale,2019,Kitimbwa,Namulaba,St Martins Nongo RC Primary School,Government,Male,Division 4,3
d102,c101,s104,p140,Kayunga,Bbaale,2019,Kitimbwa,Namulaba,St Martins Nongo RC Primary School,Government,Female,Division 4,0
d102,c101,s104,p140,Kayunga,Bbaale,2019,Kitimbwa,Namulaba,St Martins Nongo RC Primary School,Government,Male,Division U,10
d102,c101,s104,p140,Kayunga,Bbaale,2019,Kitimbwa,Namulaba,St Martins Nongo RC Primary School,Government,Female,Division U,12
d102,c101,s104,p140,Kayunga,Bbaale,2019,Kitimbwa,Namulaba,St Martins Nongo RC Primary School,Government,Male,Division X,0
d102,c101,s104,p140,Kayunga,Bbaale,2019,Kitimbwa,Namulaba,St Martins Nongo RC Primary School,Government,Female,Division X,0
d102,c101,s104,p141,Kayunga,Bbaale,2019,Kitimbwa,Wabwoko,Wabwoko CU Primary School,Government,Male,Division 1,2
d102,c101,s104,p141,Kayunga,Bbaale,2019,Kitimbwa,Wabwoko,Wabwoko CU Primary School,Government,Female,Division 1,1
d102,c101,s104,p141,Kayunga,Bbaale,2019,Kitimbwa,Wabwoko,Wabwoko CU Primary School,Government,Male,Division 2,20
d102,c101,s104,p141,Kayunga,Bbaale,2019,Kitimbwa,Wabwoko,Wabwoko CU Primary School,Government,Female,Division 2,17
d102,c101,s104,p141,Kayunga,Bbaale,2019,Kitimbwa,Wabwoko,Wabwoko CU Primary School,Government,Male,Division 3,20
d102,c101,s104,p141,Kayunga,Bbaale,2019,Kitimbwa,Wabwoko,Wabwoko CU Primary School,Government,Female,Division 3,23
d102,c101,s104,p141,Kayunga,Bbaale,2019,Kitimbwa,Wabwoko,Wabwoko CU Primary School,Government,Male,Division 4,10
d102,c101,s104,p141,Kayunga,Bbaale,2019,Kitimbwa,Wabwoko,Wabwoko CU Primary School,Government,Female,Division 4,11
d102,c101,s104,p141,Kayunga,Bbaale,2019,Kitimbwa,Wabwoko,Wabwoko CU Primary School,Government,Male,Division U,7
d102,c101,s104,p141,Kayunga,Bbaale,2019,Kitimbwa,Wabwoko,Wabwoko CU Primary School,Government,Female,Division U,5
d102,c101,s104,p141,Kayunga,Bbaale,2019,Kitimbwa,Wabwoko,Wabwoko CU Primary School,Government,Male,Division X,3
d102,c101,s104,p141,Kayunga,Bbaale,2019,Kitimbwa,Wabwoko,Wabwoko CU Primary School,Government,Female,Division X,2
d102,c102,s105,p115,Kayunga,Ntenjeru,2019,Busaana,Kasana,Kasana RC Primary School,Government,Male,Division 1,4
d102,c102,s105,p115,Kayunga,Ntenjeru,2019,Busaana,Kasana,Kasana RC Primary School,Government,Female,Division 1,3
d102,c102,s105,p115,Kayunga,Ntenjeru,2019,Busaana,Kasana,Kasana RC Primary School,Government,Male,Division 2,26
d102,c102,s105,p115,Kayunga,Ntenjeru,2019,Busaana,Kasana,Kasana RC Primary School,Government,Female,Division 2,20
d102,c102,s105,p115,Kayunga,Ntenjeru,2019,Busaana,Kasana,Kasana RC Primary School,Government,Male,Division 3,9
d102,c102,s105,p115,Kayunga,Ntenjeru,2019,Busaana,Kasana,Kasana RC Primary School,Government,Female,Division 3,9
d102,c102,s105,p115,Kayunga,Ntenjeru,2019,Busaana,Kasana,Kasana RC Primary School,Government,Male,Division 4,6
d102,c102,s105,p115,Kayunga,Ntenjeru,2019,Busaana,Kasana,Kasana RC Primary School,Government,Female,Division 4,4
d102,c102,s105,p115,Kayunga,Ntenjeru,2019,Busaana,Kasana,Kasana RC Primary School,Government,Male,Division U,7
d102,c102,s105,p115,Kayunga,Ntenjeru,2019,Busaana,Kasana,Kasana RC Primary School,Government,Female,Division U,8
d102,c102,s105,p115,Kayunga,Ntenjeru,2019,Busaana,Kasana,Kasana RC Primary School,Government,Male,Division X,1
d102,c102,s105,p115,Kayunga,Ntenjeru,2019,Busaana,Kasana,Kasana RC Primary School,Government,Female,Division X,1
d102,c102,s105,p121,Kayunga,Ntenjeru,2019,Busaana,Lusenke,Kibuzi CU Primary School,Government,Male,Division 1,0
d102,c102,s105,p121,Kayunga,Ntenjeru,2019,Busaana,Lusenke,Kibuzi CU Primary School,Government,Female,Division 1,0
d102,c102,s105,p121,Kayunga,Ntenjeru,2019,Busaana,Lusenke,Kibuzi CU Primary School,Government,Male,Division 2,3
d102,c102,s105,p121,Kayunga,Ntenjeru,2019,Busaana,Lusenke,Kibuzi CU Primary School,Government,Female,Division 2,3
d102,c102,s105,p121,Kayunga,Ntenjeru,2019,Busaana,Lusenke,Kibuzi CU Primary School,Government,Male,Division 3,10
d102,c102,s105,p121,Kayunga,Ntenjeru,2019,Busaana,Lusenke,Kibuzi CU Primary School,Government,Female,Division 3,8
d102,c102,s105,p121,Kayunga,Ntenjeru,2019,Busaana,Lusenke,Kibuzi CU Primary School,Government,Male,Division 4,5
d102,c102,s105,p121,Kayunga,Ntenjeru,2019,Busaana,Lusenke,Kibuzi CU Primary School,Government,Female,Division 4,4
d102,c102,s105,p121,Kayunga,Ntenjeru,2019,Busaana,Lusenke,Kibuzi CU Primary School,Government,Male,Division U,2
d102,c102,s105,p121,Kayunga,Ntenjeru,2019,Busaana,Lusenke,Kibuzi CU Primary School,Government,Female,Division U,1
d102,c102,s105,p121,Kayunga,Ntenjeru,2019,Busaana,Lusenke,Kibuzi CU Primary School,Government,Male,Division X,0
d102,c102,s105,p121,Kayunga,Ntenjeru,2019,Busaana,Lusenke,Kibuzi CU Primary School,Government,Female,Division X,0
d102,c102,s105,p121,Kayunga,Ntenjeru,2019,Busaana,Lusenke,Kibuzi RC Primary School,Government,Male,Division 1,0
d102,c102,s105,p121,Kayunga,Ntenjeru,2019,Busaana,Lusenke,Kibuzi RC Primary School,Government,Female,Division 1,0
d102,c102,s105,p121,Kayunga,Ntenjeru,2019,Busaana,Lusenke,Kibuzi RC Primary School,Government,Male,Division 2,1
d102,c102,s105,p121,Kayunga,Ntenjeru,2019,Busaana,Lusenke,Kibuzi RC Primary School,Government,Female,Division 2,0
d102,c102,s105,p121,Kayunga,Ntenjeru,2019,Busaana,Lusenke,Kibuzi RC Primary School,Government,Male,Division 3,2
d102,c102,s105,p121,Kayunga,Ntenjeru,2019,Busaana,Lusenke,Kibuzi RC Primary School,Government,Female,Division 3,1
d102,c102,s105,p121,Kayunga,Ntenjeru,2019,Busaana,Lusenke,Kibuzi RC Primary School,Government,Male,Division 4,2
d102,c102,s105,p121,Kayunga,Ntenjeru,2019,Busaana,Lusenke,Kibuzi RC Primary School,Government,Female,Division 4,3
d102,c102,s105,p121,Kayunga,Ntenjeru,2019,Busaana,Lusenke,Kibuzi RC Primary School,Government,Male,Division U,5
d102,c102,s105,p121,Kayunga,Ntenjeru,2019,Busaana,Lusenke,Kibuzi RC Primary School,Government,Female,Division U,4
d102,c102,s105,p121,Kayunga,Ntenjeru,2019,Busaana,Lusenke,Kibuzi RC Primary School,Government,Male,Division X,0
d102,c102,s105,p121,Kayunga,Ntenjeru,2019,Busaana,Lusenke,Kibuzi RC Primary School,Government,Female,Division X,0
d102,c102,s105,p122,Kayunga,Ntenjeru,2019,Busaana,Nampanyi,Kireku CU Primary School,Government,Male,Division 1,1
d102,c102,s105,p122,Kayunga,Ntenjeru,2019,Busaana,Nampanyi,Kireku CU Primary School,Government,Female,Division 1,0
d102,c102,s105,p122,Kayunga,Ntenjeru,2019,Busaana,Nampanyi,Kireku CU Primary School,Government,Male,Division 2,20
d102,c102,s105,p122,Kayunga,Ntenjeru,2019,Busaana,Nampanyi,Kireku CU Primary School,Government,Female,Division 2,19
d102,c102,s105,p122,Kayunga,Ntenjeru,2019,Busaana,Nampanyi,Kireku CU Primary School,Government,Male,Division 3,5
d102,c102,s105,p122,Kayunga,Ntenjeru,2019,Busaana,Nampanyi,Kireku CU Primary School,Government,Female,Division 3,3
d102,c102,s105,p122,Kayunga,Ntenjeru,2019,Busaana,Nampanyi,Kireku CU Primary School,Government,Male,Division 4,1
d102,c102,s105,p122,Kayunga,Ntenjeru,2019,Busaana,Nampanyi,Kireku CU Primary School,Government,Female,Division 4,1
d102,c102,s105,p122,Kayunga,Ntenjeru,2019,Busaana,Nampanyi,Kireku CU Primary School,Government,Male,Division U,2
d102,c102,s105,p122,Kayunga,Ntenjeru,2019,Busaana,Nampanyi,Kireku CU Primary School,Government,Female,Division U,0
d102,c102,s105,p122,Kayunga,Ntenjeru,2019,Busaana,Nampanyi,Kireku CU Primary School,Government,Male,Division X,0
d102,c102,s105,p122,Kayunga,Ntenjeru,2019,Busaana,Nampanyi,Kireku CU Primary School,Government,Female,Division X,0
d102,c102,s105,p118,Kayunga,Ntenjeru,2019,Busaana,Kiwangula,Kiwangula CU Primary School,Government,Male,Division 1,0
d102,c102,s105,p118,Kayunga,Ntenjeru,2019,Busaana,Kiwangula,Kiwangula CU Primary School,Government,Female,Division 1,0
d102,c102,s105,p118,Kayunga,Ntenjeru,2019,Busaana,Kiwangula,Kiwangula CU Primary School,Government,Male,Division 2,2
d102,c102,s105,p118,Kayunga,Ntenjeru,2019,Busaana,Kiwangula,Kiwangula CU Primary School,Government,Female,Division 2,5
d102,c102,s105,p118,Kayunga,Ntenjeru,2019,Busaana,Kiwangula,Kiwangula CU Primary School,Government,Male,Division 3,7
d102,c102,s105,p118,Kayunga,Ntenjeru,2019,Busaana,Kiwangula,Kiwangula CU Primary School,Government,Female,Division 3,8
d102,c102,s105,p118,Kayunga,Ntenjeru,2019,Busaana,Kiwangula,Kiwangula CU Primary School,Government,Male,Division 4,1
d102,c102,s105,p118,Kayunga,Ntenjeru,2019,Busaana,Kiwangula,Kiwangula CU Primary School,Government,Female,Division 4,2
d102,c102,s105,p118,Kayunga,Ntenjeru,2019,Busaana,Kiwangula,Kiwangula CU Primary School,Government,Male,Division U,3
d102,c102,s105,p118,Kayunga,Ntenjeru,2019,Busaana,Kiwangula,Kiwangula CU Primary School,Government,Female,Division U,1
d102,c102,s105,p118,Kayunga,Ntenjeru,2019,Busaana,Kiwangula,Kiwangula CU Primary School,Government,Male,Division X,2
d102,c102,s105,p118,Kayunga,Ntenjeru,2019,Busaana,Kiwangula,Kiwangula CU Primary School,Government,Female,Division X,0
d102,c102,s105,p118,Kayunga,Ntenjeru,2019,Busaana,Kiwangula,Kiwangula RC Primary School,Government,Male,Division 1,0
d102,c102,s105,p118,Kayunga,Ntenjeru,2019,Busaana,Kiwangula,Kiwangula RC Primary School,Government,Female,Division 1,0
d102,c102,s105,p118,Kayunga,Ntenjeru,2019,Busaana,Kiwangula,Kiwangula RC Primary School,Government,Male,Division 2,6
d102,c102,s105,p118,Kayunga,Ntenjeru,2019,Busaana,Kiwangula,Kiwangula RC Primary School,Government,Female,Division 2,4
d102,c102,s105,p118,Kayunga,Ntenjeru,2019,Busaana,Kiwangula,Kiwangula RC Primary School,Government,Male,Division 3,8
d102,c102,s105,p118,Kayunga,Ntenjeru,2019,Busaana,Kiwangula,Kiwangula RC Primary School,Government,Female,Division 3,6
d102,c102,s105,p118,Kayunga,Ntenjeru,2019,Busaana,Kiwangula,Kiwangula RC Primary School,Government,Male,Division 4,2
d102,c102,s105,p118,Kayunga,Ntenjeru,2019,Busaana,Kiwangula,Kiwangula RC Primary School,Government,Female,Division 4,1
d102,c102,s105,p118,Kayunga,Ntenjeru,2019,Busaana,Kiwangula,Kiwangula RC Primary School,Government,Male,Division U,1
d102,c102,s105,p118,Kayunga,Ntenjeru,2019,Busaana,Kiwangula,Kiwangula RC Primary School,Government,Female,Division U,0
d102,c102,s105,p118,Kayunga,Ntenjeru,2019,Busaana,Kiwangula,Kiwangula RC Primary School,Government,Male,Division X,0
d102,c102,s105,p118,Kayunga,Ntenjeru,2019,Busaana,Kiwangula,Kiwangula RC Primary School,Government,Female,Division X,0
d102,c102,s105,p116,Kayunga,Ntenjeru,2019,Busaana,Nabuganyi,Nabuganyi CU Primary School,Government,Male,Division 1,0
d102,c102,s105,p116,Kayunga,Ntenjeru,2019,Busaana,Nabuganyi,Nabuganyi CU Primary School,Government,Female,Division 1,0
d102,c102,s105,p116,Kayunga,Ntenjeru,2019,Busaana,Nabuganyi,Nabuganyi CU Primary School,Government,Male,Division 2,14
d102,c102,s105,p116,Kayunga,Ntenjeru,2019,Busaana,Nabuganyi,Nabuganyi CU Primary School,Government,Female,Division 2,16
d102,c102,s105,p116,Kayunga,Ntenjeru,2019,Busaana,Nabuganyi,Nabuganyi CU Primary School,Government,Male,Division 3,6
d102,c102,s105,p116,Kayunga,Ntenjeru,2019,Busaana,Nabuganyi,Nabuganyi CU Primary School,Government,Female,Division 3,6
d102,c102,s105,p116,Kayunga,Ntenjeru,2019,Busaana,Nabuganyi,Nabuganyi CU Primary School,Government,Male,Division 4,2
d102,c102,s105,p116,Kayunga,Ntenjeru,2019,Busaana,Nabuganyi,Nabuganyi CU Primary School,Government,Female,Division 4,0
d102,c102,s105,p116,Kayunga,Ntenjeru,2019,Busaana,Nabuganyi,Nabuganyi CU Primary School,Government,Male,Division U,2
d102,c102,s105,p116,Kayunga,Ntenjeru,2019,Busaana,Nabuganyi,Nabuganyi CU Primary School,Government,Female,Division U,0
d102,c102,s105,p116,Kayunga,Ntenjeru,2019,Busaana,Nabuganyi,Nabuganyi CU Primary School,Government,Male,Division X,0
d102,c102,s105,p116,Kayunga,Ntenjeru,2019,Busaana,Nabuganyi,Nabuganyi CU Primary School,Government,Female,Division X,0
d102,c102,s105,p116,Kayunga,Ntenjeru,2019,Busaana,Nabuganyi,Nabuganyi RC Primary School,Government,Male,Division 1,0
d102,c102,s105,p116,Kayunga,Ntenjeru,2019,Busaana,Nabuganyi,Nabuganyi RC Primary School,Government,Female,Division 1,0
d102,c102,s105,p116,Kayunga,Ntenjeru,2019,Busaana,Nabuganyi,Nabuganyi RC Primary School,Government,Male,Division 2,8
d102,c102,s105,p116,Kayunga,Ntenjeru,2019,Busaana,Nabuganyi,Nabuganyi RC Primary School,Government,Female,Division 2,10
d102,c102,s105,p116,Kayunga,Ntenjeru,2019,Busaana,Nabuganyi,Nabuganyi RC Primary School,Government,Male,Division 3,2
d102,c102,s105,p116,Kayunga,Ntenjeru,2019,Busaana,Nabuganyi,Nabuganyi RC Primary School,Government,Female,Division 3,1
d102,c102,s105,p116,Kayunga,Ntenjeru,2019,Busaana,Nabuganyi,Nabuganyi RC Primary School,Government,Male,Division 4,3
d102,c102,s105,p116,Kayunga,Ntenjeru,2019,Busaana,Nabuganyi,Nabuganyi RC Primary School,Government,Female,Division 4,0
d102,c102,s105,p116,Kayunga,Ntenjeru,2019,Busaana,Nabuganyi,Nabuganyi RC Primary School,Government,Male,Division U,0
d102,c102,s105,p116,Kayunga,Ntenjeru,2019,Busaana,Nabuganyi,Nabuganyi RC Primary School,Government,Female,Division U,0
d102,c102,s105,p116,Kayunga,Ntenjeru,2019,Busaana,Nabuganyi,Nabuganyi RC Primary School,Government,Male,Division X,1
d102,c102,s105,p116,Kayunga,Ntenjeru,2019,Busaana,Nabuganyi,Nabuganyi RC Primary School,Government,Female,Division X,0
d102,c102,s105,p122,Kayunga,Ntenjeru,2019,Busaana,Nampanyi,Nakakandwa RC Primary School,Government,Male,Division 1,0
d102,c102,s105,p122,Kayunga,Ntenjeru,2019,Busaana,Nampanyi,Nakakandwa RC Primary School,Government,Female,Division 1,0
d102,c102,s105,p122,Kayunga,Ntenjeru,2019,Busaana,Nampanyi,Nakakandwa RC Primary School,Government,Male,Division 2,4
d102,c102,s105,p122,Kayunga,Ntenjeru,2019,Busaana,Nampanyi,Nakakandwa RC Primary School,Government,Female,Division 2,5
d102,c102,s105,p122,Kayunga,Ntenjeru,2019,Busaana,Nampanyi,Nakakandwa RC Primary School,Government,Male,Division 3,6
d102,c102,s105,p122,Kayunga,Ntenjeru,2019,Busaana,Nampanyi,Nakakandwa RC Primary School,Government,Female,Division 3,5
d102,c102,s105,p122,Kayunga,Ntenjeru,2019,Busaana,Nampanyi,Nakakandwa RC Primary School,Government,Male,Division 4,4
d102,c102,s105,p122,Kayunga,Ntenjeru,2019,Busaana,Nampanyi,Nakakandwa RC Primary School,Government,Female,Division 4,5
d102,c102,s105,p122,Kayunga,Ntenjeru,2019,Busaana,Nampanyi,Nakakandwa RC Primary School,Government,Male,Division U,3
d102,c102,s105,p122,Kayunga,Ntenjeru,2019,Busaana,Nampanyi,Nakakandwa RC Primary School,Government,Female,Division U,3
d102,c102,s105,p122,Kayunga,Ntenjeru,2019,Busaana,Nampanyi,Nakakandwa RC Primary School,Government,Male,Division X,2
d102,c102,s105,p122,Kayunga,Ntenjeru,2019,Busaana,Nampanyi,Nakakandwa RC Primary School,Government,Female,Division X,0
d102,c102,s105,p118,Kayunga,Ntenjeru,2019,Busaana,Kiwangula,Nakatovu CU Primary School,Government,Male,Division 1,4
d102,c102,s105,p118,Kayunga,Ntenjeru,2019,Busaana,Kiwangula,Nakatovu CU Primary School,Government,Female,Division 1,1
d102,c102,s105,p118,Kayunga,Ntenjeru,2019,Busaana,Kiwangula,Nakatovu CU Primary School,Government,Male,Division 2,20
d102,c102,s105,p118,Kayunga,Ntenjeru,2019,Busaana,Kiwangula,Nakatovu CU Primary School,Government,Female,Division 2,24
d102,c102,s105,p118,Kayunga,Ntenjeru,2019,Busaana,Kiwangula,Nakatovu CU Primary School,Government,Male,Division 3,2
d102,c102,s105,p118,Kayunga,Ntenjeru,2019,Busaana,Kiwangula,Nakatovu CU Primary School,Government,Female,Division 3,6
d102,c102,s105,p118,Kayunga,Ntenjeru,2019,Busaana,Kiwangula,Nakatovu CU Primary School,Government,Male,Division 4,2
d102,c102,s105,p118,Kayunga,Ntenjeru,2019,Busaana,Kiwangula,Nakatovu CU Primary School,Government,Female,Division 4,2
d102,c102,s105,p118,Kayunga,Ntenjeru,2019,Busaana,Kiwangula,Nakatovu CU Primary School,Government,Male,Division U,1
d102,c102,s105,p118,Kayunga,Ntenjeru,2019,Busaana,Kiwangula,Nakatovu CU Primary School,Government,Female,Division U,1
d102,c102,s105,p118,Kayunga,Ntenjeru,2019,Busaana,Kiwangula,Nakatovu CU Primary School,Government,Male,Division X,0
d102,c102,s105,p118,Kayunga,Ntenjeru,2019,Busaana,Kiwangula,Nakatovu CU Primary School,Government,Female,Division X,0
d102,c102,s105,p120,Kayunga,Ntenjeru,2019,Busaana,Namusaala,Namusaala CU Primary School,Government,Male,Division 1,1
d102,c102,s105,p120,Kayunga,Ntenjeru,2019,Busaana,Namusaala,Namusaala CU Primary School,Government,Female,Division 1,0
d102,c102,s105,p120,Kayunga,Ntenjeru,2019,Busaana,Namusaala,Namusaala CU Primary School,Government,Male,Division 2,25
d102,c102,s105,p120,Kayunga,Ntenjeru,2019,Busaana,Namusaala,Namusaala CU Primary School,Government,Female,Division 2,36
d102,c102,s105,p120,Kayunga,Ntenjeru,2019,Busaana,Namusaala,Namusaala CU Primary School,Government,Male,Division 3,17
d102,c102,s105,p120,Kayunga,Ntenjeru,2019,Busaana,Namusaala,Namusaala CU Primary School,Government,Female,Division 3,18
d102,c102,s105,p120,Kayunga,Ntenjeru,2019,Busaana,Namusaala,Namusaala CU Primary School,Government,Male,Division 4,17
d102,c102,s105,p120,Kayunga,Ntenjeru,2019,Busaana,Namusaala,Namusaala CU Primary School,Government,Female,Division 4,13
d102,c102,s105,p120,Kayunga,Ntenjeru,2019,Busaana,Namusaala,Namusaala CU Primary School,Government,Male,Division U,17
d102,c102,s105,p120,Kayunga,Ntenjeru,2019,Busaana,Namusaala,Namusaala CU Primary School,Government,Female,Division U,9
d102,c102,s105,p120,Kayunga,Ntenjeru,2019,Busaana,Namusaala,Namusaala CU Primary School,Government,Male,Division X,4
d102,c102,s105,p120,Kayunga,Ntenjeru,2019,Busaana,Namusaala,Namusaala CU Primary School,Government,Female,Division X,2
d102,c102,s105,p120,Kayunga,Ntenjeru,2019,Busaana,Namusaala,Namutya CU Primary School,Government,Male,Division 1,0
d102,c102,s105,p120,Kayunga,Ntenjeru,2019,Busaana,Namusaala,Namutya CU Primary School,Government,Female,Division 1,0
d102,c102,s105,p120,Kayunga,Ntenjeru,2019,Busaana,Namusaala,Namutya CU Primary School,Government,Male,Division 2,6
d102,c102,s105,p120,Kayunga,Ntenjeru,2019,Busaana,Namusaala,Namutya CU Primary School,Government,Female,Division 2,9
d102,c102,s105,p120,Kayunga,Ntenjeru,2019,Busaana,Namusaala,Namutya CU Primary School,Government,Male,Division 3,7
d102,c102,s105,p120,Kayunga,Ntenjeru,2019,Busaana,Namusaala,Namutya CU Primary School,Government,Female,Division 3,7
d102,c102,s105,p120,Kayunga,Ntenjeru,2019,Busaana,Namusaala,Namutya CU Primary School,Government,Male,Division 4,7
d102,c102,s105,p120,Kayunga,Ntenjeru,2019,Busaana,Namusaala,Namutya CU Primary School,Government,Female,Division 4,6
d102,c102,s105,p120,Kayunga,Ntenjeru,2019,Busaana,Namusaala,Namutya CU Primary School,Government,Male,Division U,9
d102,c102,s105,p120,Kayunga,Ntenjeru,2019,Busaana,Namusaala,Namutya CU Primary School,Government,Female,Division U,8
d102,c102,s105,p120,Kayunga,Ntenjeru,2019,Busaana,Namusaala,Namutya CU Primary School,Government,Male,Division X,0
d102,c102,s105,p120,Kayunga,Ntenjeru,2019,Busaana,Namusaala,Namutya CU Primary School,Government,Female,Division X,0
d102,c102,s105,p117,Kayunga,Ntenjeru,2019,Busaana,Namukuma,Nangabo CU Primary School,Government,Male,Division 1,1
d102,c102,s105,p117,Kayunga,Ntenjeru,2019,Busaana,Namukuma,Nangabo CU Primary School,Government,Female,Division 1,0
d102,c102,s105,p117,Kayunga,Ntenjeru,2019,Busaana,Namukuma,Nangabo CU Primary School,Government,Male,Division 2,5
d102,c102,s105,p117,Kayunga,Ntenjeru,2019,Busaana,Namukuma,Nangabo CU Primary School,Government,Female,Division 2,3
d102,c102,s105,p117,Kayunga,Ntenjeru,2019,Busaana,Namukuma,Nangabo CU Primary School,Government,Male,Division 3,3
d102,c102,s105,p117,Kayunga,Ntenjeru,2019,Busaana,Namukuma,Nangabo CU Primary School,Government,Female,Division 3,2
d102,c102,s105,p117,Kayunga,Ntenjeru,2019,Busaana,Namukuma,Nangabo CU Primary School,Government,Male,Division 4,2
d102,c102,s105,p117,Kayunga,Ntenjeru,2019,Busaana,Namukuma,Nangabo CU Primary School,Government,Female,Division 4,3
d102,c102,s105,p117,Kayunga,Ntenjeru,2019,Busaana,Namukuma,Nangabo CU Primary School,Government,Male,Division U,0
d102,c102,s105,p117,Kayunga,Ntenjeru,2019,Busaana,Namukuma,Nangabo CU Primary School,Government,Female,Division U,1
d102,c102,s105,p117,Kayunga,Ntenjeru,2019,Busaana,Namukuma,Nangabo CU Primary School,Government,Male,Division X,0
d102,c102,s105,p117,Kayunga,Ntenjeru,2019,Busaana,Namukuma,Nangabo CU Primary School,Government,Female,Division X,0
d102,c102,s105,p118,Kayunga,Ntenjeru,2019,Busaana,Kiwangula,St Josephs Buyungirizi RC Primary School,Government,Male,Division 1,0
d102,c102,s105,p118,Kayunga,Ntenjeru,2019,Busaana,Kiwangula,St Josephs Buyungirizi RC Primary School,Government,Female,Division 1,0
d102,c102,s105,p118,Kayunga,Ntenjeru,2019,Busaana,Kiwangula,St Josephs Buyungirizi RC Primary School,Government,Male,Division 2,1
d102,c102,s105,p118,Kayunga,Ntenjeru,2019,Busaana,Kiwangula,St Josephs Buyungirizi RC Primary School,Government,Female,Division 2,2
d102,c102,s105,p118,Kayunga,Ntenjeru,2019,Busaana,Kiwangula,St Josephs Buyungirizi RC Primary School,Government,Male,Division 3,5
d102,c102,s105,p118,Kayunga,Ntenjeru,2019,Busaana,Kiwangula,St Josephs Buyungirizi RC Primary School,Government,Female,Division 3,2
d102,c102,s105,p118,Kayunga,Ntenjeru,2019,Busaana,Kiwangula,St Josephs Buyungirizi RC Primary School,Government,Male,Division 4,2
d102,c102,s105,p118,Kayunga,Ntenjeru,2019,Busaana,Kiwangula,St Josephs Buyungirizi RC Primary School,Government,Female,Division 4,0
d102,c102,s105,p118,Kayunga,Ntenjeru,2019,Busaana,Kiwangula,St Josephs Buyungirizi RC Primary School,Government,Male,Division U,0
d102,c102,s105,p118,Kayunga,Ntenjeru,2019,Busaana,Kiwangula,St Josephs Buyungirizi RC Primary School,Government,Female,Division U,1
d102,c102,s105,p118,Kayunga,Ntenjeru,2019,Busaana,Kiwangula,St Josephs Buyungirizi RC Primary School,Government,Male,Division X,1
d102,c102,s105,p118,Kayunga,Ntenjeru,2019,Busaana,Kiwangula,St Josephs Buyungirizi RC Primary School,Government,Female,Division X,1
d102,c102,s105,p121,Kayunga,Ntenjeru,2019,Busaana,Lusenke,St Peters Primary School Lusenke,Government,Male,Division 1,0
d102,c102,s105,p121,Kayunga,Ntenjeru,2019,Busaana,Lusenke,St Peters Primary School Lusenke,Government,Female,Division 1,0
d102,c102,s105,p121,Kayunga,Ntenjeru,2019,Busaana,Lusenke,St Peters Primary School Lusenke,Government,Male,Division 2,1
d102,c102,s105,p121,Kayunga,Ntenjeru,2019,Busaana,Lusenke,St Peters Primary School Lusenke,Government,Female,Division 2,0
d102,c102,s105,p121,Kayunga,Ntenjeru,2019,Busaana,Lusenke,St Peters Primary School Lusenke,Government,Male,Division 3,0
d102,c102,s105,p121,Kayunga,Ntenjeru,2019,Busaana,Lusenke,St Peters Primary School Lusenke,Government,Female,Division 3,0
d102,c102,s105,p121,Kayunga,Ntenjeru,2019,Busaana,Lusenke,St Peters Primary School Lusenke,Government,Male,Division 4,6
d102,c102,s105,p121,Kayunga,Ntenjeru,2019,Busaana,Lusenke,St Peters Primary School Lusenke,Government,Female,Division 4,6
d102,c102,s105,p121,Kayunga,Ntenjeru,2019,Busaana,Lusenke,St Peters Primary School Lusenke,Government,Male,Division U,3
d102,c102,s105,p121,Kayunga,Ntenjeru,2019,Busaana,Lusenke,St Peters Primary School Lusenke,Government,Female,Division U,4
d102,c102,s105,p121,Kayunga,Ntenjeru,2019,Busaana,Lusenke,St Peters Primary School Lusenke,Government,Male,Division X,1
d102,c102,s105,p121,Kayunga,Ntenjeru,2019,Busaana,Lusenke,St Peters Primary School Lusenke,Government,Female,Division X,1
d102,c102,s106,p132,Kayunga,Ntenjeru,2019,Nazigo,Bukamba,Bukamba CU Primary School,Government,Male,Division 1,0
d102,c102,s106,p132,Kayunga,Ntenjeru,2019,Nazigo,Bukamba,Bukamba CU Primary School,Government,Female,Division 1,0
d102,c102,s106,p132,Kayunga,Ntenjeru,2019,Nazigo,Bukamba,Bukamba CU Primary School,Government,Male,Division 2,1
d102,c102,s106,p132,Kayunga,Ntenjeru,2019,Nazigo,Bukamba,Bukamba CU Primary School,Government,Female,Division 2,2
d102,c102,s106,p132,Kayunga,Ntenjeru,2019,Nazigo,Bukamba,Bukamba CU Primary School,Government,Male,Division 3,4
d102,c102,s106,p132,Kayunga,Ntenjeru,2019,Nazigo,Bukamba,Bukamba CU Primary School,Government,Female,Division 3,5
d102,c102,s106,p132,Kayunga,Ntenjeru,2019,Nazigo,Bukamba,Bukamba CU Primary School,Government,Male,Division 4,8
d102,c102,s106,p132,Kayunga,Ntenjeru,2019,Nazigo,Bukamba,Bukamba CU Primary School,Government,Female,Division 4,10
d102,c102,s106,p132,Kayunga,Ntenjeru,2019,Nazigo,Bukamba,Bukamba CU Primary School,Government,Male,Division U,9
d102,c102,s106,p132,Kayunga,Ntenjeru,2019,Nazigo,Bukamba,Bukamba CU Primary School,Government,Female,Division U,11
d102,c102,s106,p132,Kayunga,Ntenjeru,2019,Nazigo,Bukamba,Bukamba CU Primary School,Government,Male,Division X,0
d102,c102,s106,p132,Kayunga,Ntenjeru,2019,Nazigo,Bukamba,Bukamba CU Primary School,Government,Female,Division X,0
d102,c102,s106,p132,Kayunga,Ntenjeru,2019,Nazigo,Bukamba,Bukamba Noor Islamic Primary School,Private,Male,Division 1,0
d102,c102,s106,p132,Kayunga,Ntenjeru,2019,Nazigo,Bukamba,Bukamba Noor Islamic Primary School,Private,Female,Division 1,0
d102,c102,s106,p132,Kayunga,Ntenjeru,2019,Nazigo,Bukamba,Bukamba Noor Islamic Primary School,Private,Male,Division 2,15
d102,c102,s106,p132,Kayunga,Ntenjeru,2019,Nazigo,Bukamba,Bukamba Noor Islamic Primary School,Private,Female,Division 2,10
d102,c102,s106,p132,Kayunga,Ntenjeru,2019,Nazigo,Bukamba,Bukamba Noor Islamic Primary School,Private,Male,Division 3,11
d102,c102,s106,p132,Kayunga,Ntenjeru,2019,Nazigo,Bukamba,Bukamba Noor Islamic Primary School,Private,Female,Division 3,12
d102,c102,s106,p132,Kayunga,Ntenjeru,2019,Nazigo,Bukamba,Bukamba Noor Islamic Primary School,Private,Male,Division 4,17
d102,c102,s106,p132,Kayunga,Ntenjeru,2019,Nazigo,Bukamba,Bukamba Noor Islamic Primary School,Private,Female,Division 4,15
d102,c102,s106,p132,Kayunga,Ntenjeru,2019,Nazigo,Bukamba,Bukamba Noor Islamic Primary School,Private,Male,Division U,20
d102,c102,s106,p132,Kayunga,Ntenjeru,2019,Nazigo,Bukamba,Bukamba Noor Islamic Primary School,Private,Female,Division U,25
d102,c102,s106,p132,Kayunga,Ntenjeru,2019,Nazigo,Bukamba,Bukamba Noor Islamic Primary School,Private,Male,Division X,0
d102,c102,s106,p132,Kayunga,Ntenjeru,2019,Nazigo,Bukamba,Bukamba Noor Islamic Primary School,Private,Female,Division X,2
d102,c102,s106,p133,Kayunga,Ntenjeru,2019,Nazigo,Kirindi,Kikonyogo Primary School,Government,Male,Division 1,0
d102,c102,s106,p133,Kayunga,Ntenjeru,2019,Nazigo,Kirindi,Kikonyogo Primary School,Government,Female,Division 1,0
d102,c102,s106,p133,Kayunga,Ntenjeru,2019,Nazigo,Kirindi,Kikonyogo Primary School,Government,Male,Division 2,2
d102,c102,s106,p133,Kayunga,Ntenjeru,2019,Nazigo,Kirindi,Kikonyogo Primary School,Government,Female,Division 2,2
d102,c102,s106,p133,Kayunga,Ntenjeru,2019,Nazigo,Kirindi,Kikonyogo Primary School,Government,Male,Division 3,7
d102,c102,s106,p133,Kayunga,Ntenjeru,2019,Nazigo,Kirindi,Kikonyogo Primary School,Government,Female,Division 3,3
d102,c102,s106,p133,Kayunga,Ntenjeru,2019,Nazigo,Kirindi,Kikonyogo Primary School,Government,Male,Division 4,0
d102,c102,s106,p133,Kayunga,Ntenjeru,2019,Nazigo,Kirindi,Kikonyogo Primary School,Government,Female,Division 4,2
d102,c102,s106,p133,Kayunga,Ntenjeru,2019,Nazigo,Kirindi,Kikonyogo Primary School,Government,Male,Division U,1
d102,c102,s106,p133,Kayunga,Ntenjeru,2019,Nazigo,Kirindi,Kikonyogo Primary School,Government,Female,Division U,0
d102,c102,s106,p133,Kayunga,Ntenjeru,2019,Nazigo,Kirindi,Kikonyogo Primary School,Government,Male,Division X,1
d102,c102,s106,p133,Kayunga,Ntenjeru,2019,Nazigo,Kirindi,Kikonyogo Primary School,Government,Female,Division X,1
d102,c102,s106,p137,Kayunga,Ntenjeru,2019,Nazigo,Kimanya,Kimanya CU Primary School,Government,Male,Division 1,0
d102,c102,s106,p137,Kayunga,Ntenjeru,2019,Nazigo,Kimanya,Kimanya CU Primary School,Government,Female,Division 1,0
d102,c102,s106,p137,Kayunga,Ntenjeru,2019,Nazigo,Kimanya,Kimanya CU Primary School,Government,Male,Division 2,4
d102,c102,s106,p137,Kayunga,Ntenjeru,2019,Nazigo,Kimanya,Kimanya CU Primary School,Government,Female,Division 2,3
d102,c102,s106,p137,Kayunga,Ntenjeru,2019,Nazigo,Kimanya,Kimanya CU Primary School,Government,Male,Division 3,5
d102,c102,s106,p137,Kayunga,Ntenjeru,2019,Nazigo,Kimanya,Kimanya CU Primary School,Government,Female,Division 3,3
d102,c102,s106,p137,Kayunga,Ntenjeru,2019,Nazigo,Kimanya,Kimanya CU Primary School,Government,Male,Division 4,4
d102,c102,s106,p137,Kayunga,Ntenjeru,2019,Nazigo,Kimanya,Kimanya CU Primary School,Government,Female,Division 4,5
d102,c102,s106,p137,Kayunga,Ntenjeru,2019,Nazigo,Kimanya,Kimanya CU Primary School,Government,Male,Division U,5
d102,c102,s106,p137,Kayunga,Ntenjeru,2019,Nazigo,Kimanya,Kimanya CU Primary School,Government,Female,Division U,6
d102,c102,s106,p137,Kayunga,Ntenjeru,2019,Nazigo,Kimanya,Kimanya CU Primary School,Government,Male,Division X,1
d102,c102,s106,p137,Kayunga,Ntenjeru,2019,Nazigo,Kimanya,Kimanya CU Primary School,Government,Female,Division X,0
d102,c102,s106,p136,Kayunga,Ntenjeru,2019,Nazigo,Natteta,Kiribedda CU Primary School,Government,Male,Division 1,0
d102,c102,s106,p136,Kayunga,Ntenjeru,2019,Nazigo,Natteta,Kiribedda CU Primary School,Government,Female,Division 1,0
d102,c102,s106,p136,Kayunga,Ntenjeru,2019,Nazigo,Natteta,Kiribedda CU Primary School,Government,Male,Division 2,1
d102,c102,s106,p136,Kayunga,Ntenjeru,2019,Nazigo,Natteta,Kiribedda CU Primary School,Government,Female,Division 2,2
d102,c102,s106,p136,Kayunga,Ntenjeru,2019,Nazigo,Natteta,Kiribedda CU Primary School,Government,Male,Division 3,2
d102,c102,s106,p136,Kayunga,Ntenjeru,2019,Nazigo,Natteta,Kiribedda CU Primary School,Government,Female,Division 3,2
d102,c102,s106,p136,Kayunga,Ntenjeru,2019,Nazigo,Natteta,Kiribedda CU Primary School,Government,Male,Division 4,3
d102,c102,s106,p136,Kayunga,Ntenjeru,2019,Nazigo,Natteta,Kiribedda CU Primary School,Government,Female,Division 4,1
d102,c102,s106,p136,Kayunga,Ntenjeru,2019,Nazigo,Natteta,Kiribedda CU Primary School,Government,Male,Division U,2
d102,c102,s106,p136,Kayunga,Ntenjeru,2019,Nazigo,Natteta,Kiribedda CU Primary School,Government,Female,Division U,2
d102,c102,s106,p136,Kayunga,Ntenjeru,2019,Nazigo,Natteta,Kiribedda CU Primary School,Government,Male,Division X,0
d102,c102,s106,p136,Kayunga,Ntenjeru,2019,Nazigo,Natteta,Kiribedda CU Primary School,Government,Female,Division X,1
d102,c102,s106,p138,Kayunga,Ntenjeru,2019,Nazigo,Nazigo,Kisa Nursery And Primary School,Private,Male,Division 1,1
d102,c102,s106,p138,Kayunga,Ntenjeru,2019,Nazigo,Nazigo,Kisa Nursery And Primary School,Private,Female,Division 1,0
d102,c102,s106,p138,Kayunga,Ntenjeru,2019,Nazigo,Nazigo,Kisa Nursery And Primary School,Private,Male,Division 2,14
d102,c102,s106,p138,Kayunga,Ntenjeru,2019,Nazigo,Nazigo,Kisa Nursery And Primary School,Private,Female,Division 2,11
d102,c102,s106,p138,Kayunga,Ntenjeru,2019,Nazigo,Nazigo,Kisa Nursery And Primary School,Private,Male,Division 3,4
d102,c102,s106,p138,Kayunga,Ntenjeru,2019,Nazigo,Nazigo,Kisa Nursery And Primary School,Private,Female,Division 3,4
d102,c102,s106,p138,Kayunga,Ntenjeru,2019,Nazigo,Nazigo,Kisa Nursery And Primary School,Private,Male,Division 4,3
d102,c102,s106,p138,Kayunga,Ntenjeru,2019,Nazigo,Nazigo,Kisa Nursery And Primary School,Private,Female,Division 4,0
d102,c102,s106,p138,Kayunga,Ntenjeru,2019,Nazigo,Nazigo,Kisa Nursery And Primary School,Private,Male,Division U,1
d102,c102,s106,p138,Kayunga,Ntenjeru,2019,Nazigo,Nazigo,Kisa Nursery And Primary School,Private,Female,Division U,0
d102,c102,s106,p138,Kayunga,Ntenjeru,2019,Nazigo,Nazigo,Kisa Nursery And Primary School,Private,Male,Division X,0
d102,c102,s106,p138,Kayunga,Ntenjeru,2019,Nazigo,Nazigo,Kisa Nursery And Primary School,Private,Female,Division X,0
d102,c102,s106,p132,Kayunga,Ntenjeru,2019,Nazigo,Bukamba,Kiswa RC Primary School,Government,Male,Division 1,0
d102,c102,s106,p132,Kayunga,Ntenjeru,2019,Nazigo,Bukamba,Kiswa RC Primary School,Government,Female,Division 1,0
d102,c102,s106,p132,Kayunga,Ntenjeru,2019,Nazigo,Bukamba,Kiswa RC Primary School,Government,Male,Division 2,3
d102,c102,s106,p132,Kayunga,Ntenjeru,2019,Nazigo,Bukamba,Kiswa RC Primary School,Government,Female,Division 2,2
d102,c102,s106,p132,Kayunga,Ntenjeru,2019,Nazigo,Bukamba,Kiswa RC Primary School,Government,Male,Division 3,4
d102,c102,s106,p132,Kayunga,Ntenjeru,2019,Nazigo,Bukamba,Kiswa RC Primary School,Government,Female,Division 3,2
d102,c102,s106,p132,Kayunga,Ntenjeru,2019,Nazigo,Bukamba,Kiswa RC Primary School,Government,Male,Division 4,4
d102,c102,s106,p132,Kayunga,Ntenjeru,2019,Nazigo,Bukamba,Kiswa RC Primary School,Government,Female,Division 4,4
d102,c102,s106,p132,Kayunga,Ntenjeru,2019,Nazigo,Bukamba,Kiswa RC Primary School,Government,Male,Division U,7
d102,c102,s106,p132,Kayunga,Ntenjeru,2019,Nazigo,Bukamba,Kiswa RC Primary School,Government,Female,Division U,5
d102,c102,s106,p132,Kayunga,Ntenjeru,2019,Nazigo,Bukamba,Kiswa RC Primary School,Government,Male,Division X,1
d102,c102,s106,p132,Kayunga,Ntenjeru,2019,Nazigo,Bukamba,Kiswa RC Primary School,Government,Female,Division X,0
d102,c102,s106,p137,Kayunga,Ntenjeru,2019,Nazigo,Kimanya,Kiziika CU Primary School,Government,Male,Division 1,5
d102,c102,s106,p137,Kayunga,Ntenjeru,2019,Nazigo,Kimanya,Kiziika CU Primary School,Government,Female,Division 1,4
d102,c102,s106,p137,Kayunga,Ntenjeru,2019,Nazigo,Kimanya,Kiziika CU Primary School,Government,Male,Division 2,20
d102,c102,s106,p137,Kayunga,Ntenjeru,2019,Nazigo,Kimanya,Kiziika CU Primary School,Government,Female,Division 2,19
d102,c102,s106,p137,Kayunga,Ntenjeru,2019,Nazigo,Kimanya,Kiziika CU Primary School,Government,Male,Division 3,11
d102,c102,s106,p137,Kayunga,Ntenjeru,2019,Nazigo,Kimanya,Kiziika CU Primary School,Government,Female,Division 3,10
d102,c102,s106,p137,Kayunga,Ntenjeru,2019,Nazigo,Kimanya,Kiziika CU Primary School,Government,Male,Division 4,4
d102,c102,s106,p137,Kayunga,Ntenjeru,2019,Nazigo,Kimanya,Kiziika CU Primary School,Government,Female,Division 4,0
d102,c102,s106,p137,Kayunga,Ntenjeru,2019,Nazigo,Kimanya,Kiziika CU Primary School,Government,Male,Division U,5
d102,c102,s106,p137,Kayunga,Ntenjeru,2019,Nazigo,Kimanya,Kiziika CU Primary School,Government,Female,Division U,2
d102,c102,s106,p137,Kayunga,Ntenjeru,2019,Nazigo,Kimanya,Kiziika CU Primary School,Government,Male,Division X,1
d102,c102,s106,p137,Kayunga,Ntenjeru,2019,Nazigo,Kimanya,Kiziika CU Primary School,Government,Female,Division X,0
d102,c102,s106,p134,Kayunga,Ntenjeru,2019,Nazigo,Nsiima,Kotwe Taqwa Islamic Primary School,Private,Male,Division 1,3
d102,c102,s106,p134,Kayunga,Ntenjeru,2019,Nazigo,Nsiima,Kotwe Taqwa Islamic Primary School,Private,Female,Division 1,11
d102,c102,s106,p134,Kayunga,Ntenjeru,2019,Nazigo,Nsiima,Kotwe Taqwa Islamic Primary School,Private,Male,Division 2,4
d102,c102,s106,p134,Kayunga,Ntenjeru,2019,Nazigo,Nsiima,Kotwe Taqwa Islamic Primary School,Private,Female,Division 2,5
d102,c102,s106,p134,Kayunga,Ntenjeru,2019,Nazigo,Nsiima,Kotwe Taqwa Islamic Primary School,Private,Male,Division 3,0
d102,c102,s106,p134,Kayunga,Ntenjeru,2019,Nazigo,Nsiima,Kotwe Taqwa Islamic Primary School,Private,Female,Division 3,0
d102,c102,s106,p134,Kayunga,Ntenjeru,2019,Nazigo,Nsiima,Kotwe Taqwa Islamic Primary School,Private,Male,Division 4,0
d102,c102,s106,p134,Kayunga,Ntenjeru,2019,Nazigo,Nsiima,Kotwe Taqwa Islamic Primary School,Private,Female,Division 4,0
d102,c102,s106,p134,Kayunga,Ntenjeru,2019,Nazigo,Nsiima,Kotwe Taqwa Islamic Primary School,Private,Male,Division U,0
d102,c102,s106,p134,Kayunga,Ntenjeru,2019,Nazigo,Nsiima,Kotwe Taqwa Islamic Primary School,Private,Female,Division U,0
d102,c102,s106,p134,Kayunga,Ntenjeru,2019,Nazigo,Nsiima,Kotwe Taqwa Islamic Primary School,Private,Male,Division X,0
d102,c102,s106,p134,Kayunga,Ntenjeru,2019,Nazigo,Nsiima,Kotwe Taqwa Islamic Primary School,Private,Female,Division X,0
d102,c102,s106,p138,Kayunga,Ntenjeru,2019,Nazigo,Nazigo,Kyampisi CU Primary School,Government,Male,Division 1,0
d102,c102,s106,p138,Kayunga,Ntenjeru,2019,Nazigo,Nazigo,Kyampisi CU Primary School,Government,Female,Division 1,0
d102,c102,s106,p138,Kayunga,Ntenjeru,2019,Nazigo,Nazigo,Kyampisi CU Primary School,Government,Male,Division 2,1
d102,c102,s106,p138,Kayunga,Ntenjeru,2019,Nazigo,Nazigo,Kyampisi CU Primary School,Government,Female,Division 2,1
d102,c102,s106,p138,Kayunga,Ntenjeru,2019,Nazigo,Nazigo,Kyampisi CU Primary School,Government,Male,Division 3,7
d102,c102,s106,p138,Kayunga,Ntenjeru,2019,Nazigo,Nazigo,Kyampisi CU Primary School,Government,Female,Division 3,0
d102,c102,s106,p138,Kayunga,Ntenjeru,2019,Nazigo,Nazigo,Kyampisi CU Primary School,Government,Male,Division 4,1
d102,c102,s106,p138,Kayunga,Ntenjeru,2019,Nazigo,Nazigo,Kyampisi CU Primary School,Government,Female,Division 4,1
d102,c102,s106,p138,Kayunga,Ntenjeru,2019,Nazigo,Nazigo,Kyampisi CU Primary School,Government,Male,Division U,3
d102,c102,s106,p138,Kayunga,Ntenjeru,2019,Nazigo,Nazigo,Kyampisi CU Primary School,Government,Female,Division U,2
d102,c102,s106,p138,Kayunga,Ntenjeru,2019,Nazigo,Nazigo,Kyampisi CU Primary School,Government,Male,Division X,0
d102,c102,s106,p138,Kayunga,Ntenjeru,2019,Nazigo,Nazigo,Kyampisi CU Primary School,Government,Female,Division X,0
d102,c102,s106,p138,Kayunga,Ntenjeru,2019,Nazigo,Nazigo,Magala RC Primary School,Government,Male,Division 1,0
d102,c102,s106,p138,Kayunga,Ntenjeru,2019,Nazigo,Nazigo,Magala RC Primary School,Government,Female,Division 1,0
d102,c102,s106,p138,Kayunga,Ntenjeru,2019,Nazigo,Nazigo,Magala RC Primary School,Government,Male,Division 2,5
d102,c102,s106,p138,Kayunga,Ntenjeru,2019,Nazigo,Nazigo,Magala RC Primary School,Government,Female,Division 2,3
d102,c102,s106,p138,Kayunga,Ntenjeru,2019,Nazigo,Nazigo,Magala RC Primary School,Government,Male,Division 3,3
d102,c102,s106,p138,Kayunga,Ntenjeru,2019,Nazigo,Nazigo,Magala RC Primary School,Government,Female,Division 3,3
d102,c102,s106,p138,Kayunga,Ntenjeru,2019,Nazigo,Nazigo,Magala RC Primary School,Government,Male,Division 4,1
d102,c102,s106,p138,Kayunga,Ntenjeru,2019,Nazigo,Nazigo,Magala RC Primary School,Government,Female,Division 4,3
d102,c102,s106,p138,Kayunga,Ntenjeru,2019,Nazigo,Nazigo,Magala RC Primary School,Government,Male,Division U,6
d102,c102,s106,p138,Kayunga,Ntenjeru,2019,Nazigo,Nazigo,Magala RC Primary School,Government,Female,Division U,5
d102,c102,s106,p138,Kayunga,Ntenjeru,2019,Nazigo,Nazigo,Magala RC Primary School,Government,Male,Division X,0
d102,c102,s106,p138,Kayunga,Ntenjeru,2019,Nazigo,Nazigo,Magala RC Primary School,Government,Female,Division X,1
d102,c102,s106,p134,Kayunga,Ntenjeru,2019,Nazigo,Nsiima,Musiitwa UMEA Primary School,Government,Male,Division 1,1
d102,c102,s106,p134,Kayunga,Ntenjeru,2019,Nazigo,Nsiima,Musiitwa UMEA Primary School,Government,Female,Division 1,3
d102,c102,s106,p134,Kayunga,Ntenjeru,2019,Nazigo,Nsiima,Musiitwa UMEA Primary School,Government,Male,Division 2,25
d102,c102,s106,p134,Kayunga,Ntenjeru,2019,Nazigo,Nsiima,Musiitwa UMEA Primary School,Government,Female,Division 2,15
d102,c102,s106,p134,Kayunga,Ntenjeru,2019,Nazigo,Nsiima,Musiitwa UMEA Primary School,Government,Male,Division 3,10
d102,c102,s106,p134,Kayunga,Ntenjeru,2019,Nazigo,Nsiima,Musiitwa UMEA Primary School,Government,Female,Division 3,12
d102,c102,s106,p134,Kayunga,Ntenjeru,2019,Nazigo,Nsiima,Musiitwa UMEA Primary School,Government,Male,Division 4,8
d102,c102,s106,p134,Kayunga,Ntenjeru,2019,Nazigo,Nsiima,Musiitwa UMEA Primary School,Government,Female,Division 4,9
d102,c102,s106,p134,Kayunga,Ntenjeru,2019,Nazigo,Nsiima,Musiitwa UMEA Primary School,Government,Male,Division U,3
d102,c102,s106,p134,Kayunga,Ntenjeru,2019,Nazigo,Nsiima,Musiitwa UMEA Primary School,Government,Female,Division U,0
d102,c102,s106,p134,Kayunga,Ntenjeru,2019,Nazigo,Nsiima,Musiitwa UMEA Primary School,Government,Male,Division X,1
d102,c102,s106,p134,Kayunga,Ntenjeru,2019,Nazigo,Nsiima,Musiitwa UMEA Primary School,Government,Female,Division X,0
d102,c102,s106,p135,Kayunga,Ntenjeru,2019,Nazigo,Katikanyonyi,Nakatooke RC Primary School,Government,Male,Division 1,0
d102,c102,s106,p135,Kayunga,Ntenjeru,2019,Nazigo,Katikanyonyi,Nakatooke RC Primary School,Government,Female,Division 1,0
d102,c102,s106,p135,Kayunga,Ntenjeru,2019,Nazigo,Katikanyonyi,Nakatooke RC Primary School,Government,Male,Division 2,0
d102,c102,s106,p135,Kayunga,Ntenjeru,2019,Nazigo,Katikanyonyi,Nakatooke RC Primary School,Government,Female,Division 2,0
d102,c102,s106,p135,Kayunga,Ntenjeru,2019,Nazigo,Katikanyonyi,Nakatooke RC Primary School,Government,Male,Division 3,1
d102,c102,s106,p135,Kayunga,Ntenjeru,2019,Nazigo,Katikanyonyi,Nakatooke RC Primary School,Government,Female,Division 3,1
d102,c102,s106,p135,Kayunga,Ntenjeru,2019,Nazigo,Katikanyonyi,Nakatooke RC Primary School,Government,Male,Division 4,3
d102,c102,s106,p135,Kayunga,Ntenjeru,2019,Nazigo,Katikanyonyi,Nakatooke RC Primary School,Government,Female,Division 4,4
d102,c102,s106,p135,Kayunga,Ntenjeru,2019,Nazigo,Katikanyonyi,Nakatooke RC Primary School,Government,Male,Division U,4
d102,c102,s106,p135,Kayunga,Ntenjeru,2019,Nazigo,Katikanyonyi,Nakatooke RC Primary School,Government,Female,Division U,4
d102,c102,s106,p135,Kayunga,Ntenjeru,2019,Nazigo,Katikanyonyi,Nakatooke RC Primary School,Government,Male,Division X,1
d102,c102,s106,p135,Kayunga,Ntenjeru,2019,Nazigo,Katikanyonyi,Nakatooke RC Primary School,Government,Female,Division X,0
d102,c102,s106,p136,Kayunga,Ntenjeru,2019,Nazigo,Natteta,Natteta CU Primary School,Government,Male,Division 1,0
d102,c102,s106,p136,Kayunga,Ntenjeru,2019,Nazigo,Natteta,Natteta CU Primary School,Government,Female,Division 1,0
d102,c102,s106,p136,Kayunga,Ntenjeru,2019,Nazigo,Natteta,Natteta CU Primary School,Government,Male,Division 2,3
d102,c102,s106,p136,Kayunga,Ntenjeru,2019,Nazigo,Natteta,Natteta CU Primary School,Government,Female,Division 2,5
d102,c102,s106,p136,Kayunga,Ntenjeru,2019,Nazigo,Natteta,Natteta CU Primary School,Government,Male,Division 3,4
d102,c102,s106,p136,Kayunga,Ntenjeru,2019,Nazigo,Natteta,Natteta CU Primary School,Government,Female,Division 3,4
d102,c102,s106,p136,Kayunga,Ntenjeru,2019,Nazigo,Natteta,Natteta CU Primary School,Government,Male,Division 4,2
d102,c102,s106,p136,Kayunga,Ntenjeru,2019,Nazigo,Natteta,Natteta CU Primary School,Government,Female,Division 4,3
d102,c102,s106,p136,Kayunga,Ntenjeru,2019,Nazigo,Natteta,Natteta CU Primary School,Government,Male,Division U,11
d102,c102,s106,p136,Kayunga,Ntenjeru,2019,Nazigo,Natteta,Natteta CU Primary School,Government,Female,Division U,10
d102,c102,s106,p136,Kayunga,Ntenjeru,2019,Nazigo,Natteta,Natteta CU Primary School,Government,Male,Division X,0
d102,c102,s106,p136,Kayunga,Ntenjeru,2019,Nazigo,Natteta,Natteta CU Primary School,Government,Female,Division X,0
d102,c102,s106,p136,Kayunga,Ntenjeru,2019,Nazigo,Natteta,Natteta Islamic Primary School,Private,Male,Division 1,0
d102,c102,s106,p136,Kayunga,Ntenjeru,2019,Nazigo,Natteta,Natteta Islamic Primary School,Private,Female,Division 1,0
d102,c102,s106,p136,Kayunga,Ntenjeru,2019,Nazigo,Natteta,Natteta Islamic Primary School,Private,Male,Division 2,9
d102,c102,s106,p136,Kayunga,Ntenjeru,2019,Nazigo,Natteta,Natteta Islamic Primary School,Private,Female,Division 2,12
d102,c102,s106,p136,Kayunga,Ntenjeru,2019,Nazigo,Natteta,Natteta Islamic Primary School,Private,Male,Division 3,8
d102,c102,s106,p136,Kayunga,Ntenjeru,2019,Nazigo,Natteta,Natteta Islamic Primary School,Private,Female,Division 3,8
d102,c102,s106,p136,Kayunga,Ntenjeru,2019,Nazigo,Natteta,Natteta Islamic Primary School,Private,Male,Division 4,8
d102,c102,s106,p136,Kayunga,Ntenjeru,2019,Nazigo,Natteta,Natteta Islamic Primary School,Private,Female,Division 4,9
d102,c102,s106,p136,Kayunga,Ntenjeru,2019,Nazigo,Natteta,Natteta Islamic Primary School,Private,Male,Division U,15
d102,c102,s106,p136,Kayunga,Ntenjeru,2019,Nazigo,Natteta,Natteta Islamic Primary School,Private,Female,Division U,16
d102,c102,s106,p136,Kayunga,Ntenjeru,2019,Nazigo,Natteta,Natteta Islamic Primary School,Private,Male,Division X,1
d102,c102,s106,p136,Kayunga,Ntenjeru,2019,Nazigo,Natteta,Natteta Islamic Primary School,Private,Female,Division X,1
d102,c102,s106,p138,Kayunga,Ntenjeru,2019,Nazigo,Nazigo,Nazigo Demonstration Primary School,Government,Male,Division 1,0
d102,c102,s106,p138,Kayunga,Ntenjeru,2019,Nazigo,Nazigo,Nazigo Demonstration Primary School,Government,Female,Division 1,0
d102,c102,s106,p138,Kayunga,Ntenjeru,2019,Nazigo,Nazigo,Nazigo Demonstration Primary School,Government,Male,Division 2,4
d102,c102,s106,p138,Kayunga,Ntenjeru,2019,Nazigo,Nazigo,Nazigo Demonstration Primary School,Government,Female,Division 2,2
d102,c102,s106,p138,Kayunga,Ntenjeru,2019,Nazigo,Nazigo,Nazigo Demonstration Primary School,Government,Male,Division 3,4
d102,c102,s106,p138,Kayunga,Ntenjeru,2019,Nazigo,Nazigo,Nazigo Demonstration Primary School,Government,Female,Division 3,0
d102,c102,s106,p138,Kayunga,Ntenjeru,2019,Nazigo,Nazigo,Nazigo Demonstration Primary School,Government,Male,Division 4,3
d102,c102,s106,p138,Kayunga,Ntenjeru,2019,Nazigo,Nazigo,Nazigo Demonstration Primary School,Government,Female,Division 4,3
d102,c102,s106,p138,Kayunga,Ntenjeru,2019,Nazigo,Nazigo,Nazigo Demonstration Primary School,Government,Male,Division U,5
d102,c102,s106,p138,Kayunga,Ntenjeru,2019,Nazigo,Nazigo,Nazigo Demonstration Primary School,Government,Female,Division U,8
d102,c102,s106,p138,Kayunga,Ntenjeru,2019,Nazigo,Nazigo,Nazigo Demonstration Primary School,Government,Male,Division X,0
d102,c102,s106,p138,Kayunga,Ntenjeru,2019,Nazigo,Nazigo,Nazigo Demonstration Primary School,Government,Female,Division X,1
d102,c102,s106,p138,Kayunga,Ntenjeru,2019,Nazigo,Nazigo,Nazigo Noor Primary School,Private,Male,Division 1,15
d102,c102,s106,p138,Kayunga,Ntenjeru,2019,Nazigo,Nazigo,Nazigo Noor Primary School,Private,Female,Division 1,9
d102,c102,s106,p138,Kayunga,Ntenjeru,2019,Nazigo,Nazigo,Nazigo Noor Primary School,Private,Male,Division 2,15
d102,c102,s106,p138,Kayunga,Ntenjeru,2019,Nazigo,Nazigo,Nazigo Noor Primary School,Private,Female,Division 2,16
d102,c102,s106,p138,Kayunga,Ntenjeru,2019,Nazigo,Nazigo,Nazigo Noor Primary School,Private,Male,Division 3,0
d102,c102,s106,p138,Kayunga,Ntenjeru,2019,Nazigo,Nazigo,Nazigo Noor Primary School,Private,Female,Division 3,0
d102,c102,s106,p138,Kayunga,Ntenjeru,2019,Nazigo,Nazigo,Nazigo Noor Primary School,Private,Male,Division 4,0
d102,c102,s106,p138,Kayunga,Ntenjeru,2019,Nazigo,Nazigo,Nazigo Noor Primary School,Private,Female,Division 4,0
d102,c102,s106,p138,Kayunga,Ntenjeru,2019,Nazigo,Nazigo,Nazigo Noor Primary School,Private,Male,Division U,0
d102,c102,s106,p138,Kayunga,Ntenjeru,2019,Nazigo,Nazigo,Nazigo Noor Primary School,Private,Female,Division U,0
d102,c102,s106,p138,Kayunga,Ntenjeru,2019,Nazigo,Nazigo,Nazigo Noor Primary School,Private,Male,Division X,0
d102,c102,s106,p138,Kayunga,Ntenjeru,2019,Nazigo,Nazigo,Nazigo Noor Primary School,Private,Female,Division X,0
d102,c102,s106,p134,Kayunga,Ntenjeru,2019,Nazigo,Nsiima,Nazigo RC Primary School,Government,Male,Division 1,1
d102,c102,s106,p134,Kayunga,Ntenjeru,2019,Nazigo,Nsiima,Nazigo RC Primary School,Government,Female,Division 1,0
d102,c102,s106,p134,Kayunga,Ntenjeru,2019,Nazigo,Nsiima,Nazigo RC Primary School,Government,Male,Division 2,40
d102,c102,s106,p134,Kayunga,Ntenjeru,2019,Nazigo,Nsiima,Nazigo RC Primary School,Government,Female,Division 2,22
d102,c102,s106,p134,Kayunga,Ntenjeru,2019,Nazigo,Nsiima,Nazigo RC Primary School,Government,Male,Division 3,13
d102,c102,s106,p134,Kayunga,Ntenjeru,2019,Nazigo,Nsiima,Nazigo RC Primary School,Government,Female,Division 3,10
d102,c102,s106,p134,Kayunga,Ntenjeru,2019,Nazigo,Nsiima,Nazigo RC Primary School,Government,Male,Division 4,5
d102,c102,s106,p134,Kayunga,Ntenjeru,2019,Nazigo,Nsiima,Nazigo RC Primary School,Government,Female,Division 4,4
d102,c102,s106,p134,Kayunga,Ntenjeru,2019,Nazigo,Nsiima,Nazigo RC Primary School,Government,Male,Division U,0
d102,c102,s106,p134,Kayunga,Ntenjeru,2019,Nazigo,Nsiima,Nazigo RC Primary School,Government,Female,Division U,0
d102,c102,s106,p134,Kayunga,Ntenjeru,2019,Nazigo,Nsiima,Nazigo RC Primary School,Government,Male,Division X,0
d102,c102,s106,p134,Kayunga,Ntenjeru,2019,Nazigo,Nsiima,Nazigo RC Primary School,Government,Female,Division X,1
d102,c102,s106,p134,Kayunga,Ntenjeru,2019,Nazigo,Nsiima,Nsiima CU Primary School,Government,Male,Division 1,0
d102,c102,s106,p134,Kayunga,Ntenjeru,2019,Nazigo,Nsiima,Nsiima CU Primary School,Government,Female,Division 1,0
d102,c102,s106,p134,Kayunga,Ntenjeru,2019,Nazigo,Nsiima,Nsiima CU Primary School,Government,Male,Division 2,1
d102,c102,s106,p134,Kayunga,Ntenjeru,2019,Nazigo,Nsiima,Nsiima CU Primary School,Government,Female,Division 2,3
d102,c102,s106,p134,Kayunga,Ntenjeru,2019,Nazigo,Nsiima,Nsiima CU Primary School,Government,Male,Division 3,0
d102,c102,s106,p134,Kayunga,Ntenjeru,2019,Nazigo,Nsiima,Nsiima CU Primary School,Government,Female,Division 3,1
d102,c102,s106,p134,Kayunga,Ntenjeru,2019,Nazigo,Nsiima,Nsiima CU Primary School,Government,Male,Division 4,5
d102,c102,s106,p134,Kayunga,Ntenjeru,2019,Nazigo,Nsiima,Nsiima CU Primary School,Government,Female,Division 4,6
d102,c102,s106,p134,Kayunga,Ntenjeru,2019,Nazigo,Nsiima,Nsiima CU Primary School,Government,Male,Division U,5
d102,c102,s106,p134,Kayunga,Ntenjeru,2019,Nazigo,Nsiima,Nsiima CU Primary School,Government,Female,Division U,3
d102,c102,s106,p134,Kayunga,Ntenjeru,2019,Nazigo,Nsiima,Nsiima CU Primary School,Government,Male,Division X,0
d102,c102,s106,p134,Kayunga,Ntenjeru,2019,Nazigo,Nsiima,Nsiima CU Primary School,Government,Female,Division X,0
d102,c102,s106,p136,Kayunga,Ntenjeru,2019,Nazigo,Natteta,St Anthony Junior School Nazigo,Private,Male,Division 1,0
d102,c102,s106,p136,Kayunga,Ntenjeru,2019,Nazigo,Natteta,St Anthony Junior School Nazigo,Private,Female,Division 1,0
d102,c102,s106,p136,Kayunga,Ntenjeru,2019,Nazigo,Natteta,St Anthony Junior School Nazigo,Private,Male,Division 2,14
d102,c102,s106,p136,Kayunga,Ntenjeru,2019,Nazigo,Natteta,St Anthony Junior School Nazigo,Private,Female,Division 2,4
d102,c102,s106,p136,Kayunga,Ntenjeru,2019,Nazigo,Natteta,St Anthony Junior School Nazigo,Private,Male,Division 3,4
d102,c102,s106,p136,Kayunga,Ntenjeru,2019,Nazigo,Natteta,St Anthony Junior School Nazigo,Private,Female,Division 3,6
d102,c102,s106,p136,Kayunga,Ntenjeru,2019,Nazigo,Natteta,St Anthony Junior School Nazigo,Private,Male,Division 4,3
d102,c102,s106,p136,Kayunga,Ntenjeru,2019,Nazigo,Natteta,St Anthony Junior School Nazigo,Private,Female,Division 4,1
d102,c102,s106,p136,Kayunga,Ntenjeru,2019,Nazigo,Natteta,St Anthony Junior School Nazigo,Private,Male,Division U,2
d102,c102,s106,p136,Kayunga,Ntenjeru,2019,Nazigo,Natteta,St Anthony Junior School Nazigo,Private,Female,Division U,3
d102,c102,s106,p136,Kayunga,Ntenjeru,2019,Nazigo,Natteta,St Anthony Junior School Nazigo,Private,Male,Division X,0
d102,c102,s106,p136,Kayunga,Ntenjeru,2019,Nazigo,Natteta,St Anthony Junior School Nazigo,Private,Female,Division X,0
d102,c102,s106,p136,Kayunga,Ntenjeru,2019,Nazigo,Natteta,Wabirongo CU Primary School,Government,Male,Division 1,0
d102,c102,s106,p136,Kayunga,Ntenjeru,2019,Nazigo,Natteta,Wabirongo CU Primary School,Government,Female,Division 1,0
d102,c102,s106,p136,Kayunga,Ntenjeru,2019,Nazigo,Natteta,Wabirongo CU Primary School,Government,Male,Division 2,3
d102,c102,s106,p136,Kayunga,Ntenjeru,2019,Nazigo,Natteta,Wabirongo CU Primary School,Government,Female,Division 2,5
d102,c102,s106,p136,Kayunga,Ntenjeru,2019,Nazigo,Natteta,Wabirongo CU Primary School,Government,Male,Division 3,4
d102,c102,s106,p136,Kayunga,Ntenjeru,2019,Nazigo,Natteta,Wabirongo CU Primary School,Government,Female,Division 3,4
d102,c102,s106,p136,Kayunga,Ntenjeru,2019,Nazigo,Natteta,Wabirongo CU Primary School,Government,Male,Division 4,2
d102,c102,s106,p136,Kayunga,Ntenjeru,2019,Nazigo,Natteta,Wabirongo CU Primary School,Government,Female,Division 4,3
d102,c102,s106,p136,Kayunga,Ntenjeru,2019,Nazigo,Natteta,Wabirongo CU Primary School,Government,Male,Division U,11
d102,c102,s106,p136,Kayunga,Ntenjeru,2019,Nazigo,Natteta,Wabirongo CU Primary School,Government,Female,Division U,10
d102,c102,s106,p136,Kayunga,Ntenjeru,2019,Nazigo,Natteta,Wabirongo CU Primary School,Government,Male,Division X,0
d102,c102,s106,p136,Kayunga,Ntenjeru,2019,Nazigo,Natteta,Wabirongo CU Primary School,Government,Female,Division X,0
d102,c102,s107,p131,Kayunga,Ntenjeru,2019,Kangulumira,Seeta Nyiize,All Saints Nakirubi CU Primary School,Government,Male,Division 1,0
d102,c102,s107,p131,Kayunga,Ntenjeru,2019,Kangulumira,Seeta Nyiize,All Saints Nakirubi CU Primary School,Government,Female,Division 1,0
d102,c102,s107,p131,Kayunga,Ntenjeru,2019,Kangulumira,Seeta Nyiize,All Saints Nakirubi CU Primary School,Government,Male,Division 2,5
d102,c102,s107,p131,Kayunga,Ntenjeru,2019,Kangulumira,Seeta Nyiize,All Saints Nakirubi CU Primary School,Government,Female,Division 2,4
d102,c102,s107,p131,Kayunga,Ntenjeru,2019,Kangulumira,Seeta Nyiize,All Saints Nakirubi CU Primary School,Government,Male,Division 3,6
d102,c102,s107,p131,Kayunga,Ntenjeru,2019,Kangulumira,Seeta Nyiize,All Saints Nakirubi CU Primary School,Government,Female,Division 3,6
d102,c102,s107,p131,Kayunga,Ntenjeru,2019,Kangulumira,Seeta Nyiize,All Saints Nakirubi CU Primary School,Government,Male,Division 4,4
d102,c102,s107,p131,Kayunga,Ntenjeru,2019,Kangulumira,Seeta Nyiize,All Saints Nakirubi CU Primary School,Government,Female,Division 4,9
d102,c102,s107,p131,Kayunga,Ntenjeru,2019,Kangulumira,Seeta Nyiize,All Saints Nakirubi CU Primary School,Government,Male,Division U,20
d102,c102,s107,p131,Kayunga,Ntenjeru,2019,Kangulumira,Seeta Nyiize,All Saints Nakirubi CU Primary School,Government,Female,Division U,20
d102,c102,s107,p131,Kayunga,Ntenjeru,2019,Kangulumira,Seeta Nyiize,All Saints Nakirubi CU Primary School,Government,Male,Division X,2
d102,c102,s107,p131,Kayunga,Ntenjeru,2019,Kangulumira,Seeta Nyiize,All Saints Nakirubi CU Primary School,Government,Female,Division X,1
d102,c102,s107,p130,Kayunga,Ntenjeru,2019,Kangulumira,Kawomya,Bukeeka CU Primary School,Government,Male,Division 1,3
d102,c102,s107,p130,Kayunga,Ntenjeru,2019,Kangulumira,Kawomya,Bukeeka CU Primary School,Government,Female,Division 1,1
d102,c102,s107,p130,Kayunga,Ntenjeru,2019,Kangulumira,Kawomya,Bukeeka CU Primary School,Government,Male,Division 2,28
d102,c102,s107,p130,Kayunga,Ntenjeru,2019,Kangulumira,Kawomya,Bukeeka CU Primary School,Government,Female,Division 2,20
d102,c102,s107,p130,Kayunga,Ntenjeru,2019,Kangulumira,Kawomya,Bukeeka CU Primary School,Government,Male,Division 3,5
d102,c102,s107,p130,Kayunga,Ntenjeru,2019,Kangulumira,Kawomya,Bukeeka CU Primary School,Government,Female,Division 3,3
d102,c102,s107,p130,Kayunga,Ntenjeru,2019,Kangulumira,Kawomya,Bukeeka CU Primary School,Government,Male,Division 4,2
d102,c102,s107,p130,Kayunga,Ntenjeru,2019,Kangulumira,Kawomya,Bukeeka CU Primary School,Government,Female,Division 4,2
d102,c102,s107,p130,Kayunga,Ntenjeru,2019,Kangulumira,Kawomya,Bukeeka CU Primary School,Government,Male,Division U,0
d102,c102,s107,p130,Kayunga,Ntenjeru,2019,Kangulumira,Kawomya,Bukeeka CU Primary School,Government,Female,Division U,1
d102,c102,s107,p130,Kayunga,Ntenjeru,2019,Kangulumira,Kawomya,Bukeeka CU Primary School,Government,Male,Division X,1
d102,c102,s107,p130,Kayunga,Ntenjeru,2019,Kangulumira,Kawomya,Bukeeka CU Primary School,Government,Female,Division X,1
d102,c102,s107,p130,Kayunga,Ntenjeru,2019,Kangulumira,Kawomya,Fountain of Hope Primary School,Private,Male,Division 1,20
d102,c102,s107,p130,Kayunga,Ntenjeru,2019,Kangulumira,Kawomya,Fountain of Hope Primary School,Private,Female,Division 1,14
d102,c102,s107,p130,Kayunga,Ntenjeru,2019,Kangulumira,Kawomya,Fountain of Hope Primary School,Private,Male,Division 2,14
d102,c102,s107,p130,Kayunga,Ntenjeru,2019,Kangulumira,Kawomya,Fountain of Hope Primary School,Private,Female,Division 2,10
d102,c102,s107,p130,Kayunga,Ntenjeru,2019,Kangulumira,Kawomya,Fountain of Hope Primary School,Private,Male,Division 3,0
d102,c102,s107,p130,Kayunga,Ntenjeru,2019,Kangulumira,Kawomya,Fountain of Hope Primary School,Private,Female,Division 3,0
d102,c102,s107,p130,Kayunga,Ntenjeru,2019,Kangulumira,Kawomya,Fountain of Hope Primary School,Private,Male,Division 4,0
d102,c102,s107,p130,Kayunga,Ntenjeru,2019,Kangulumira,Kawomya,Fountain of Hope Primary School,Private,Female,Division 4,0
d102,c102,s107,p130,Kayunga,Ntenjeru,2019,Kangulumira,Kawomya,Fountain of Hope Primary School,Private,Male,Division U,0
d102,c102,s107,p130,Kayunga,Ntenjeru,2019,Kangulumira,Kawomya,Fountain of Hope Primary School,Private,Female,Division U,0
d102,c102,s107,p130,Kayunga,Ntenjeru,2019,Kangulumira,Kawomya,Fountain of Hope Primary School,Private,Male,Division X,0
d102,c102,s107,p130,Kayunga,Ntenjeru,2019,Kangulumira,Kawomya,Fountain of Hope Primary School,Private,Female,Division X,0
d102,c102,s107,p129,Kayunga,Ntenjeru,2019,Kangulumira,Kikwanya,Kimooli UMEA Primary School,Government,Male,Division 1,2
d102,c102,s107,p129,Kayunga,Ntenjeru,2019,Kangulumira,Kikwanya,Kimooli UMEA Primary School,Government,Female,Division 1,1
d102,c102,s107,p129,Kayunga,Ntenjeru,2019,Kangulumira,Kikwanya,Kimooli UMEA Primary School,Government,Male,Division 2,20
d102,c102,s107,p129,Kayunga,Ntenjeru,2019,Kangulumira,Kikwanya,Kimooli UMEA Primary School,Government,Female,Division 2,21
d102,c102,s107,p129,Kayunga,Ntenjeru,2019,Kangulumira,Kikwanya,Kimooli UMEA Primary School,Government,Male,Division 3,11
d102,c102,s107,p129,Kayunga,Ntenjeru,2019,Kangulumira,Kikwanya,Kimooli UMEA Primary School,Government,Female,Division 3,11
d102,c102,s107,p129,Kayunga,Ntenjeru,2019,Kangulumira,Kikwanya,Kimooli UMEA Primary School,Government,Male,Division 4,10
d102,c102,s107,p129,Kayunga,Ntenjeru,2019,Kangulumira,Kikwanya,Kimooli UMEA Primary School,Government,Female,Division 4,7
d102,c102,s107,p129,Kayunga,Ntenjeru,2019,Kangulumira,Kikwanya,Kimooli UMEA Primary School,Government,Male,Division U,6
d102,c102,s107,p129,Kayunga,Ntenjeru,2019,Kangulumira,Kikwanya,Kimooli UMEA Primary School,Government,Female,Division U,4
d102,c102,s107,p129,Kayunga,Ntenjeru,2019,Kangulumira,Kikwanya,Kimooli UMEA Primary School,Government,Male,Division X,1
d102,c102,s107,p129,Kayunga,Ntenjeru,2019,Kangulumira,Kikwanya,Kimooli UMEA Primary School,Government,Female,Division X,1
d102,c102,s107,p130,Kayunga,Ntenjeru,2019,Kangulumira,Kawomya,Kungu CU Primary School,Government,Male,Division 1,0
d102,c102,s107,p130,Kayunga,Ntenjeru,2019,Kangulumira,Kawomya,Kungu CU Primary School,Government,Female,Division 1,0
d102,c102,s107,p130,Kayunga,Ntenjeru,2019,Kangulumira,Kawomya,Kungu CU Primary School,Government,Male,Division 2,4
d102,c102,s107,p130,Kayunga,Ntenjeru,2019,Kangulumira,Kawomya,Kungu CU Primary School,Government,Female,Division 2,4
d102,c102,s107,p130,Kayunga,Ntenjeru,2019,Kangulumira,Kawomya,Kungu CU Primary School,Government,Male,Division 3,7
d102,c102,s107,p130,Kayunga,Ntenjeru,2019,Kangulumira,Kawomya,Kungu CU Primary School,Government,Female,Division 3,6
d102,c102,s107,p130,Kayunga,Ntenjeru,2019,Kangulumira,Kawomya,Kungu CU Primary School,Government,Male,Division 4,3
d102,c102,s107,p130,Kayunga,Ntenjeru,2019,Kangulumira,Kawomya,Kungu CU Primary School,Government,Female,Division 4,6
d102,c102,s107,p130,Kayunga,Ntenjeru,2019,Kangulumira,Kawomya,Kungu CU Primary School,Government,Male,Division U,8
d102,c102,s107,p130,Kayunga,Ntenjeru,2019,Kangulumira,Kawomya,Kungu CU Primary School,Government,Female,Division U,3
d102,c102,s107,p130,Kayunga,Ntenjeru,2019,Kangulumira,Kawomya,Kungu CU Primary School,Government,Male,Division X,0
d102,c102,s107,p130,Kayunga,Ntenjeru,2019,Kangulumira,Kawomya,Kungu CU Primary School,Government,Female,Division X,0
d102,c102,s107,p130,Kayunga,Ntenjeru,2019,Kangulumira,Kawomya,Maligita Primary School,Government,Male,Division 1,0
d102,c102,s107,p130,Kayunga,Ntenjeru,2019,Kangulumira,Kawomya,Maligita Primary School,Government,Female,Division 1,0
d102,c102,s107,p130,Kayunga,Ntenjeru,2019,Kangulumira,Kawomya,Maligita Primary School,Government,Male,Division 2,0
d102,c102,s107,p130,Kayunga,Ntenjeru,2019,Kangulumira,Kawomya,Maligita Primary School,Government,Female,Division 2,3
d102,c102,s107,p130,Kayunga,Ntenjeru,2019,Kangulumira,Kawomya,Maligita Primary School,Government,Male,Division 3,8
d102,c102,s107,p130,Kayunga,Ntenjeru,2019,Kangulumira,Kawomya,Maligita Primary School,Government,Female,Division 3,5
d102,c102,s107,p130,Kayunga,Ntenjeru,2019,Kangulumira,Kawomya,Maligita Primary School,Government,Male,Division 4,7
d102,c102,s107,p130,Kayunga,Ntenjeru,2019,Kangulumira,Kawomya,Maligita Primary School,Government,Female,Division 4,4
d102,c102,s107,p130,Kayunga,Ntenjeru,2019,Kangulumira,Kawomya,Maligita Primary School,Government,Male,Division U,15
d102,c102,s107,p130,Kayunga,Ntenjeru,2019,Kangulumira,Kawomya,Maligita Primary School,Government,Female,Division U,7
d102,c102,s107,p130,Kayunga,Ntenjeru,2019,Kangulumira,Kawomya,Maligita Primary School,Government,Male,Division X,0
d102,c102,s107,p130,Kayunga,Ntenjeru,2019,Kangulumira,Kawomya,Maligita Primary School,Government,Female,Division X,0
d102,c102,s107,p131,Kayunga,Ntenjeru,2019,Kangulumira,Seeta Nyiize,Nyiize CU Primary School,Government,Male,Division 1,32
d102,c102,s107,p131,Kayunga,Ntenjeru,2019,Kangulumira,Seeta Nyiize,Nyiize CU Primary School,Government,Female,Division 1,18
d102,c102,s107,p131,Kayunga,Ntenjeru,2019,Kangulumira,Seeta Nyiize,Nyiize CU Primary School,Government,Male,Division 2,61
d102,c102,s107,p131,Kayunga,Ntenjeru,2019,Kangulumira,Seeta Nyiize,Nyiize CU Primary School,Government,Female,Division 2,30
d102,c102,s107,p131,Kayunga,Ntenjeru,2019,Kangulumira,Seeta Nyiize,Nyiize CU Primary School,Government,Male,Division 3,4
d102,c102,s107,p131,Kayunga,Ntenjeru,2019,Kangulumira,Seeta Nyiize,Nyiize CU Primary School,Government,Female,Division 3,4
d102,c102,s107,p131,Kayunga,Ntenjeru,2019,Kangulumira,Seeta Nyiize,Nyiize CU Primary School,Government,Male,Division 4,0
d102,c102,s107,p131,Kayunga,Ntenjeru,2019,Kangulumira,Seeta Nyiize,Nyiize CU Primary School,Government,Female,Division 4,2
d102,c102,s107,p131,Kayunga,Ntenjeru,2019,Kangulumira,Seeta Nyiize,Nyiize CU Primary School,Government,Male,Division U,0
d102,c102,s107,p131,Kayunga,Ntenjeru,2019,Kangulumira,Seeta Nyiize,Nyiize CU Primary School,Government,Female,Division U,0
d102,c102,s107,p131,Kayunga,Ntenjeru,2019,Kangulumira,Seeta Nyiize,Nyiize CU Primary School,Government,Male,Division X,1
d102,c102,s107,p131,Kayunga,Ntenjeru,2019,Kangulumira,Seeta Nyiize,Nyiize CU Primary School,Government,Female,Division X,2
d102,c102,s107,p131,Kayunga,Ntenjeru,2019,Kangulumira,Seeta Nyiize,Nyiize RC Primary School,Government,Male,Division 1,0
d102,c102,s107,p131,Kayunga,Ntenjeru,2019,Kangulumira,Seeta Nyiize,Nyiize RC Primary School,Government,Female,Division 1,0
d102,c102,s107,p131,Kayunga,Ntenjeru,2019,Kangulumira,Seeta Nyiize,Nyiize RC Primary School,Government,Male,Division 2,6
d102,c102,s107,p131,Kayunga,Ntenjeru,2019,Kangulumira,Seeta Nyiize,Nyiize RC Primary School,Government,Female,Division 2,5
d102,c102,s107,p131,Kayunga,Ntenjeru,2019,Kangulumira,Seeta Nyiize,Nyiize RC Primary School,Government,Male,Division 3,3
d102,c102,s107,p131,Kayunga,Ntenjeru,2019,Kangulumira,Seeta Nyiize,Nyiize RC Primary School,Government,Female,Division 3,2
d102,c102,s107,p131,Kayunga,Ntenjeru,2019,Kangulumira,Seeta Nyiize,Nyiize RC Primary School,Government,Male,Division 4,1
d102,c102,s107,p131,Kayunga,Ntenjeru,2019,Kangulumira,Seeta Nyiize,Nyiize RC Primary School,Government,Female,Division 4,2
d102,c102,s107,p131,Kayunga,Ntenjeru,2019,Kangulumira,Seeta Nyiize,Nyiize RC Primary School,Government,Male,Division U,0
d102,c102,s107,p131,Kayunga,Ntenjeru,2019,Kangulumira,Seeta Nyiize,Nyiize RC Primary School,Government,Female,Division U,0
d102,c102,s107,p131,Kayunga,Ntenjeru,2019,Kangulumira,Seeta Nyiize,Nyiize RC Primary School,Government,Male,Division X,0
d102,c102,s107,p131,Kayunga,Ntenjeru,2019,Kangulumira,Seeta Nyiize,Nyiize RC Primary School,Government,Female,Division X,0
d102,c102,s108,p107,Kayunga,Ntenjeru,2019,Kayunga,Bukujju,Bukujju UMEA Primary School,Government,Male,Division 1,0
d102,c102,s108,p107,Kayunga,Ntenjeru,2019,Kayunga,Bukujju,Bukujju UMEA Primary School,Government,Female,Division 1,0
d102,c102,s108,p107,Kayunga,Ntenjeru,2019,Kayunga,Bukujju,Bukujju UMEA Primary School,Government,Male,Division 2,1
d102,c102,s108,p107,Kayunga,Ntenjeru,2019,Kayunga,Bukujju,Bukujju UMEA Primary School,Government,Female,Division 2,1
d102,c102,s108,p107,Kayunga,Ntenjeru,2019,Kayunga,Bukujju,Bukujju UMEA Primary School,Government,Male,Division 3,2
d102,c102,s108,p107,Kayunga,Ntenjeru,2019,Kayunga,Bukujju,Bukujju UMEA Primary School,Government,Female,Division 3,0
d102,c102,s108,p107,Kayunga,Ntenjeru,2019,Kayunga,Bukujju,Bukujju UMEA Primary School,Government,Male,Division 4,2
d102,c102,s108,p107,Kayunga,Ntenjeru,2019,Kayunga,Bukujju,Bukujju UMEA Primary School,Government,Female,Division 4,3
d102,c102,s108,p107,Kayunga,Ntenjeru,2019,Kayunga,Bukujju,Bukujju UMEA Primary School,Government,Male,Division U,2
d102,c102,s108,p107,Kayunga,Ntenjeru,2019,Kayunga,Bukujju,Bukujju UMEA Primary School,Government,Female,Division U,2
d102,c102,s108,p107,Kayunga,Ntenjeru,2019,Kayunga,Bukujju,Bukujju UMEA Primary School,Government,Male,Division X,1
d102,c102,s108,p107,Kayunga,Ntenjeru,2019,Kayunga,Bukujju,Bukujju UMEA Primary School,Government,Female,Division X,1
d102,c102,s108,p102,Kayunga,Ntenjeru,2019,Kayunga,Busaale,Busaale CU Primary School,Government,Male,Division 1,1
d102,c102,s108,p102,Kayunga,Ntenjeru,2019,Kayunga,Busaale,Busaale CU Primary School,Government,Female,Division 1,0
d102,c102,s108,p102,Kayunga,Ntenjeru,2019,Kayunga,Busaale,Busaale CU Primary School,Government,Male,Division 2,6
d102,c102,s108,p102,Kayunga,Ntenjeru,2019,Kayunga,Busaale,Busaale CU Primary School,Government,Female,Division 2,6
d102,c102,s108,p102,Kayunga,Ntenjeru,2019,Kayunga,Busaale,Busaale CU Primary School,Government,Male,Division 3,0
d102,c102,s108,p102,Kayunga,Ntenjeru,2019,Kayunga,Busaale,Busaale CU Primary School,Government,Female,Division 3,0
d102,c102,s108,p102,Kayunga,Ntenjeru,2019,Kayunga,Busaale,Busaale CU Primary School,Government,Male,Division 4,1
d102,c102,s108,p102,Kayunga,Ntenjeru,2019,Kayunga,Busaale,Busaale CU Primary School,Government,Female,Division 4,1
d102,c102,s108,p102,Kayunga,Ntenjeru,2019,Kayunga,Busaale,Busaale CU Primary School,Government,Male,Division U,0
d102,c102,s108,p102,Kayunga,Ntenjeru,2019,Kayunga,Busaale,Busaale CU Primary School,Government,Female,Division U,0
d102,c102,s108,p102,Kayunga,Ntenjeru,2019,Kayunga,Busaale,Busaale CU Primary School,Government,Male,Division X,0
d102,c102,s108,p102,Kayunga,Ntenjeru,2019,Kayunga,Busaale,Busaale CU Primary School,Government,Female,Division X,0
d102,c102,s108,p105,Kayunga,Ntenjeru,2019,Kayunga,Buyobe,Buwungiro Primary School,Government,Male,Division 1,0
d102,c102,s108,p105,Kayunga,Ntenjeru,2019,Kayunga,Buyobe,Buwungiro Primary School,Government,Female,Division 1,0
d102,c102,s108,p105,Kayunga,Ntenjeru,2019,Kayunga,Buyobe,Buwungiro Primary School,Government,Male,Division 2,3
d102,c102,s108,p105,Kayunga,Ntenjeru,2019,Kayunga,Buyobe,Buwungiro Primary School,Government,Female,Division 2,1
d102,c102,s108,p105,Kayunga,Ntenjeru,2019,Kayunga,Buyobe,Buwungiro Primary School,Government,Male,Division 3,2
d102,c102,s108,p105,Kayunga,Ntenjeru,2019,Kayunga,Buyobe,Buwungiro Primary School,Government,Female,Division 3,3
d102,c102,s108,p105,Kayunga,Ntenjeru,2019,Kayunga,Buyobe,Buwungiro Primary School,Government,Male,Division 4,4
d102,c102,s108,p105,Kayunga,Ntenjeru,2019,Kayunga,Buyobe,Buwungiro Primary School,Government,Female,Division 4,1
d102,c102,s108,p105,Kayunga,Ntenjeru,2019,Kayunga,Buyobe,Buwungiro Primary School,Government,Male,Division U,3
d102,c102,s108,p105,Kayunga,Ntenjeru,2019,Kayunga,Buyobe,Buwungiro Primary School,Government,Female,Division U,1
d102,c102,s108,p105,Kayunga,Ntenjeru,2019,Kayunga,Buyobe,Buwungiro Primary School,Government,Male,Division X,1
d102,c102,s108,p105,Kayunga,Ntenjeru,2019,Kayunga,Buyobe,Buwungiro Primary School,Government,Female,Division X,0
d102,c102,s108,p103,Kayunga,Ntenjeru,2019,Kayunga,Bukolooto,Bwetyaba RC Primary School,Government,Male,Division 1,0
d102,c102,s108,p103,Kayunga,Ntenjeru,2019,Kayunga,Bukolooto,Bwetyaba RC Primary School,Government,Female,Division 1,0
d102,c102,s108,p103,Kayunga,Ntenjeru,2019,Kayunga,Bukolooto,Bwetyaba RC Primary School,Government,Male,Division 2,17
d102,c102,s108,p103,Kayunga,Ntenjeru,2019,Kayunga,Bukolooto,Bwetyaba RC Primary School,Government,Female,Division 2,15
d102,c102,s108,p103,Kayunga,Ntenjeru,2019,Kayunga,Bukolooto,Bwetyaba RC Primary School,Government,Male,Division 3,3
d102,c102,s108,p103,Kayunga,Ntenjeru,2019,Kayunga,Bukolooto,Bwetyaba RC Primary School,Government,Female,Division 3,3
d102,c102,s108,p103,Kayunga,Ntenjeru,2019,Kayunga,Bukolooto,Bwetyaba RC Primary School,Government,Male,Division 4,1
d102,c102,s108,p103,Kayunga,Ntenjeru,2019,Kayunga,Bukolooto,Bwetyaba RC Primary School,Government,Female,Division 4,0
d102,c102,s108,p103,Kayunga,Ntenjeru,2019,Kayunga,Bukolooto,Bwetyaba RC Primary School,Government,Male,Division U,0
d102,c102,s108,p103,Kayunga,Ntenjeru,2019,Kayunga,Bukolooto,Bwetyaba RC Primary School,Government,Female,Division U,0
d102,c102,s108,p103,Kayunga,Ntenjeru,2019,Kayunga,Bukolooto,Bwetyaba RC Primary School,Government,Male,Division X,0
d102,c102,s108,p103,Kayunga,Ntenjeru,2019,Kayunga,Bukolooto,Bwetyaba RC Primary School,Government,Female,Division X,0
d102,c102,s108,p105,Kayunga,Ntenjeru,2019,Kayunga,Buyobe,Kanjuki CU Primary School,Government,Male,Division 1,0
d102,c102,s108,p105,Kayunga,Ntenjeru,2019,Kayunga,Buyobe,Kanjuki CU Primary School,Government,Female,Division 1,0
d102,c102,s108,p105,Kayunga,Ntenjeru,2019,Kayunga,Buyobe,Kanjuki CU Primary School,Government,Male,Division 2,10
d102,c102,s108,p105,Kayunga,Ntenjeru,2019,Kayunga,Buyobe,Kanjuki CU Primary School,Government,Female,Division 2,6
d102,c102,s108,p105,Kayunga,Ntenjeru,2019,Kayunga,Buyobe,Kanjuki CU Primary School,Government,Male,Division 3,4
d102,c102,s108,p105,Kayunga,Ntenjeru,2019,Kayunga,Buyobe,Kanjuki CU Primary School,Government,Female,Division 3,4
d102,c102,s108,p105,Kayunga,Ntenjeru,2019,Kayunga,Buyobe,Kanjuki CU Primary School,Government,Male,Division 4,10
d102,c102,s108,p105,Kayunga,Ntenjeru,2019,Kayunga,Buyobe,Kanjuki CU Primary School,Government,Female,Division 4,4
d102,c102,s108,p105,Kayunga,Ntenjeru,2019,Kayunga,Buyobe,Kanjuki CU Primary School,Government,Male,Division U,0
d102,c102,s108,p105,Kayunga,Ntenjeru,2019,Kayunga,Buyobe,Kanjuki CU Primary School,Government,Female,Division U,0
d102,c102,s108,p105,Kayunga,Ntenjeru,2019,Kayunga,Buyobe,Kanjuki CU Primary School,Government,Male,Division X,1
d102,c102,s108,p105,Kayunga,Ntenjeru,2019,Kayunga,Buyobe,Kanjuki CU Primary School,Government,Female,Division X,0
d102,c102,s108,p105,Kayunga,Ntenjeru,2019,Kayunga,Buyobe,Kanjuki RC Primary School,Government,Male,Division 1,0
d102,c102,s108,p105,Kayunga,Ntenjeru,2019,Kayunga,Buyobe,Kanjuki RC Primary School,Government,Female,Division 1,0
d102,c102,s108,p105,Kayunga,Ntenjeru,2019,Kayunga,Buyobe,Kanjuki RC Primary School,Government,Male,Division 2,5
d102,c102,s108,p105,Kayunga,Ntenjeru,2019,Kayunga,Buyobe,Kanjuki RC Primary School,Government,Female,Division 2,4
d102,c102,s108,p105,Kayunga,Ntenjeru,2019,Kayunga,Buyobe,Kanjuki RC Primary School,Government,Male,Division 3,3
d102,c102,s108,p105,Kayunga,Ntenjeru,2019,Kayunga,Buyobe,Kanjuki RC Primary School,Government,Female,Division 3,2
d102,c102,s108,p105,Kayunga,Ntenjeru,2019,Kayunga,Buyobe,Kanjuki RC Primary School,Government,Male,Division 4,4
d102,c102,s108,p105,Kayunga,Ntenjeru,2019,Kayunga,Buyobe,Kanjuki RC Primary School,Government,Female,Division 4,2
d102,c102,s108,p105,Kayunga,Ntenjeru,2019,Kayunga,Buyobe,Kanjuki RC Primary School,Government,Male,Division U,2
d102,c102,s108,p105,Kayunga,Ntenjeru,2019,Kayunga,Buyobe,Kanjuki RC Primary School,Government,Female,Division U,3
d102,c102,s108,p105,Kayunga,Ntenjeru,2019,Kayunga,Buyobe,Kanjuki RC Primary School,Government,Male,Division X,1
d102,c102,s108,p105,Kayunga,Ntenjeru,2019,Kayunga,Buyobe,Kanjuki RC Primary School,Government,Female,Division X,1
d102,c102,s108,p105,Kayunga,Ntenjeru,2019,Kayunga,Buyobe,Kanjuki UMEA Primary School,Government,Male,Division 1,0
d102,c102,s108,p105,Kayunga,Ntenjeru,2019,Kayunga,Buyobe,Kanjuki UMEA Primary School,Government,Female,Division 1,0
d102,c102,s108,p105,Kayunga,Ntenjeru,2019,Kayunga,Buyobe,Kanjuki UMEA Primary School,Government,Male,Division 2,14
d102,c102,s108,p105,Kayunga,Ntenjeru,2019,Kayunga,Buyobe,Kanjuki UMEA Primary School,Government,Female,Division 2,14
d102,c102,s108,p105,Kayunga,Ntenjeru,2019,Kayunga,Buyobe,Kanjuki UMEA Primary School,Government,Male,Division 3,16
d102,c102,s108,p105,Kayunga,Ntenjeru,2019,Kayunga,Buyobe,Kanjuki UMEA Primary School,Government,Female,Division 3,10
d102,c102,s108,p105,Kayunga,Ntenjeru,2019,Kayunga,Buyobe,Kanjuki UMEA Primary School,Government,Male,Division 4,3
d102,c102,s108,p105,Kayunga,Ntenjeru,2019,Kayunga,Buyobe,Kanjuki UMEA Primary School,Government,Female,Division 4,1
d102,c102,s108,p105,Kayunga,Ntenjeru,2019,Kayunga,Buyobe,Kanjuki UMEA Primary School,Government,Male,Division U,0
d102,c102,s108,p105,Kayunga,Ntenjeru,2019,Kayunga,Buyobe,Kanjuki UMEA Primary School,Government,Female,Division U,0
d102,c102,s108,p105,Kayunga,Ntenjeru,2019,Kayunga,Buyobe,Kanjuki UMEA Primary School,Government,Male,Division X,0
d102,c102,s108,p105,Kayunga,Ntenjeru,2019,Kayunga,Buyobe,Kanjuki UMEA Primary School,Government,Female,Division X,0
d102,c102,s108,p106,Kayunga,Ntenjeru,2019,Kayunga,Nsotoka,Kiwooza CU Primary School,Government,Male,Division 1,0
d102,c102,s108,p106,Kayunga,Ntenjeru,2019,Kayunga,Nsotoka,Kiwooza CU Primary School,Government,Female,Division 1,0
d102,c102,s108,p106,Kayunga,Ntenjeru,2019,Kayunga,Nsotoka,Kiwooza CU Primary School,Government,Male,Division 2,3
d102,c102,s108,p106,Kayunga,Ntenjeru,2019,Kayunga,Nsotoka,Kiwooza CU Primary School,Government,Female,Division 2,2
d102,c102,s108,p106,Kayunga,Ntenjeru,2019,Kayunga,Nsotoka,Kiwooza CU Primary School,Government,Male,Division 3,2
d102,c102,s108,p106,Kayunga,Ntenjeru,2019,Kayunga,Nsotoka,Kiwooza CU Primary School,Government,Female,Division 3,3
d102,c102,s108,p106,Kayunga,Ntenjeru,2019,Kayunga,Nsotoka,Kiwooza CU Primary School,Government,Male,Division 4,7
d102,c102,s108,p106,Kayunga,Ntenjeru,2019,Kayunga,Nsotoka,Kiwooza CU Primary School,Government,Female,Division 4,2
d102,c102,s108,p106,Kayunga,Ntenjeru,2019,Kayunga,Nsotoka,Kiwooza CU Primary School,Government,Male,Division U,3
d102,c102,s108,p106,Kayunga,Ntenjeru,2019,Kayunga,Nsotoka,Kiwooza CU Primary School,Government,Female,Division U,2
d102,c102,s108,p106,Kayunga,Ntenjeru,2019,Kayunga,Nsotoka,Kiwooza CU Primary School,Government,Male,Division X,2
d102,c102,s108,p106,Kayunga,Ntenjeru,2019,Kayunga,Nsotoka,Kiwooza CU Primary School,Government,Female,Division X,2
d102,c102,s108,p105,Kayunga,Ntenjeru,2019,Kayunga,Buyobe,Kyanya CU Primary School,Government,Male,Division 1,0
d102,c102,s108,p105,Kayunga,Ntenjeru,2019,Kayunga,Buyobe,Kyanya CU Primary School,Government,Female,Division 1,0
d102,c102,s108,p105,Kayunga,Ntenjeru,2019,Kayunga,Buyobe,Kyanya CU Primary School,Government,Male,Division 2,10
d102,c102,s108,p105,Kayunga,Ntenjeru,2019,Kayunga,Buyobe,Kyanya CU Primary School,Government,Female,Division 2,3
d102,c102,s108,p105,Kayunga,Ntenjeru,2019,Kayunga,Buyobe,Kyanya CU Primary School,Government,Male,Division 3,13
d102,c102,s108,p105,Kayunga,Ntenjeru,2019,Kayunga,Buyobe,Kyanya CU Primary School,Government,Female,Division 3,13
d102,c102,s108,p105,Kayunga,Ntenjeru,2019,Kayunga,Buyobe,Kyanya CU Primary School,Government,Male,Division 4,5
d102,c102,s108,p105,Kayunga,Ntenjeru,2019,Kayunga,Buyobe,Kyanya CU Primary School,Government,Female,Division 4,2
d102,c102,s108,p105,Kayunga,Ntenjeru,2019,Kayunga,Buyobe,Kyanya CU Primary School,Government,Male,Division U,4
d102,c102,s108,p105,Kayunga,Ntenjeru,2019,Kayunga,Buyobe,Kyanya CU Primary School,Government,Female,Division U,0
d102,c102,s108,p105,Kayunga,Ntenjeru,2019,Kayunga,Buyobe,Kyanya CU Primary School,Government,Male,Division X,3
d102,c102,s108,p105,Kayunga,Ntenjeru,2019,Kayunga,Buyobe,Kyanya CU Primary School,Government,Female,Division X,0
d102,c102,s108,p106,Kayunga,Ntenjeru,2019,Kayunga,Nsotoka,Mataba Muslim Quaran Primary School,Private,Male,Division 1,0
d102,c102,s108,p106,Kayunga,Ntenjeru,2019,Kayunga,Nsotoka,Mataba Muslim Quaran Primary School,Private,Female,Division 1,1
d102,c102,s108,p106,Kayunga,Ntenjeru,2019,Kayunga,Nsotoka,Mataba Muslim Quaran Primary School,Private,Male,Division 2,11
d102,c102,s108,p106,Kayunga,Ntenjeru,2019,Kayunga,Nsotoka,Mataba Muslim Quaran Primary School,Private,Female,Division 2,13
d102,c102,s108,p106,Kayunga,Ntenjeru,2019,Kayunga,Nsotoka,Mataba Muslim Quaran Primary School,Private,Male,Division 3,7
d102,c102,s108,p106,Kayunga,Ntenjeru,2019,Kayunga,Nsotoka,Mataba Muslim Quaran Primary School,Private,Female,Division 3,9
d102,c102,s108,p106,Kayunga,Ntenjeru,2019,Kayunga,Nsotoka,Mataba Muslim Quaran Primary School,Private,Male,Division 4,3
d102,c102,s108,p106,Kayunga,Ntenjeru,2019,Kayunga,Nsotoka,Mataba Muslim Quaran Primary School,Private,Female,Division 4,4
d102,c102,s108,p106,Kayunga,Ntenjeru,2019,Kayunga,Nsotoka,Mataba Muslim Quaran Primary School,Private,Male,Division U,1
d102,c102,s108,p106,Kayunga,Ntenjeru,2019,Kayunga,Nsotoka,Mataba Muslim Quaran Primary School,Private,Female,Division U,1
d102,c102,s108,p106,Kayunga,Ntenjeru,2019,Kayunga,Nsotoka,Mataba Muslim Quaran Primary School,Private,Male,Division X,0
d102,c102,s108,p106,Kayunga,Ntenjeru,2019,Kayunga,Nsotoka,Mataba Muslim Quaran Primary School,Private,Female,Division X,0
d102,c102,s108,p101,Kayunga,Ntenjeru,2019,Kayunga,Bubajjwe,Mugema Primary School,Government,Male,Division 1,0
d102,c102,s108,p101,Kayunga,Ntenjeru,2019,Kayunga,Bubajjwe,Mugema Primary School,Government,Female,Division 1,0
d102,c102,s108,p101,Kayunga,Ntenjeru,2019,Kayunga,Bubajjwe,Mugema Primary School,Government,Male,Division 2,10
d102,c102,s108,p101,Kayunga,Ntenjeru,2019,Kayunga,Bubajjwe,Mugema Primary School,Government,Female,Division 2,16
d102,c102,s108,p101,Kayunga,Ntenjeru,2019,Kayunga,Bubajjwe,Mugema Primary School,Government,Male,Division 3,11
d102,c102,s108,p101,Kayunga,Ntenjeru,2019,Kayunga,Bubajjwe,Mugema Primary School,Government,Female,Division 3,11
d102,c102,s108,p101,Kayunga,Ntenjeru,2019,Kayunga,Bubajjwe,Mugema Primary School,Government,Male,Division 4,4
d102,c102,s108,p101,Kayunga,Ntenjeru,2019,Kayunga,Bubajjwe,Mugema Primary School,Government,Female,Division 4,4
d102,c102,s108,p101,Kayunga,Ntenjeru,2019,Kayunga,Bubajjwe,Mugema Primary School,Government,Male,Division U,6
d102,c102,s108,p101,Kayunga,Ntenjeru,2019,Kayunga,Bubajjwe,Mugema Primary School,Government,Female,Division U,4
d102,c102,s108,p101,Kayunga,Ntenjeru,2019,Kayunga,Bubajjwe,Mugema Primary School,Government,Male,Division X,1
d102,c102,s108,p101,Kayunga,Ntenjeru,2019,Kayunga,Bubajjwe,Mugema Primary School,Government,Female,Division X,0
d102,c102,s108,p104,Kayunga,Ntenjeru,2019,Kayunga,Nakaseeta,Nakaziba CU Primary School,Government,Male,Division 1,0
d102,c102,s108,p104,Kayunga,Ntenjeru,2019,Kayunga,Nakaseeta,Nakaziba CU Primary School,Government,Female,Division 1,0
d102,c102,s108,p104,Kayunga,Ntenjeru,2019,Kayunga,Nakaseeta,Nakaziba CU Primary School,Government,Male,Division 2,0
d102,c102,s108,p104,Kayunga,Ntenjeru,2019,Kayunga,Nakaseeta,Nakaziba CU Primary School,Government,Female,Division 2,0
d102,c102,s108,p104,Kayunga,Ntenjeru,2019,Kayunga,Nakaseeta,Nakaziba CU Primary School,Government,Male,Division 3,2
d102,c102,s108,p104,Kayunga,Ntenjeru,2019,Kayunga,Nakaseeta,Nakaziba CU Primary School,Government,Female,Division 3,1
d102,c102,s108,p104,Kayunga,Ntenjeru,2019,Kayunga,Nakaseeta,Nakaziba CU Primary School,Government,Male,Division 4,3
d102,c102,s108,p104,Kayunga,Ntenjeru,2019,Kayunga,Nakaseeta,Nakaziba CU Primary School,Government,Female,Division 4,2
d102,c102,s108,p104,Kayunga,Ntenjeru,2019,Kayunga,Nakaseeta,Nakaziba CU Primary School,Government,Male,Division U,4
d102,c102,s108,p104,Kayunga,Ntenjeru,2019,Kayunga,Nakaseeta,Nakaziba CU Primary School,Government,Female,Division U,2
d102,c102,s108,p104,Kayunga,Ntenjeru,2019,Kayunga,Nakaseeta,Nakaziba CU Primary School,Government,Male,Division X,1
d102,c102,s108,p104,Kayunga,Ntenjeru,2019,Kayunga,Nakaseeta,Nakaziba CU Primary School,Government,Female,Division X,0
d102,c102,s108,p106,Kayunga,Ntenjeru,2019,Kayunga,Nsotoka,Namulanda CU Primary School,Government,Male,Division 1,0
d102,c102,s108,p106,Kayunga,Ntenjeru,2019,Kayunga,Nsotoka,Namulanda CU Primary School,Government,Female,Division 1,0
d102,c102,s108,p106,Kayunga,Ntenjeru,2019,Kayunga,Nsotoka,Namulanda CU Primary School,Government,Male,Division 2,2
d102,c102,s108,p106,Kayunga,Ntenjeru,2019,Kayunga,Nsotoka,Namulanda CU Primary School,Government,Female,Division 2,2
d102,c102,s108,p106,Kayunga,Ntenjeru,2019,Kayunga,Nsotoka,Namulanda CU Primary School,Government,Male,Division 3,3
d102,c102,s108,p106,Kayunga,Ntenjeru,2019,Kayunga,Nsotoka,Namulanda CU Primary School,Government,Female,Division 3,4
d102,c102,s108,p106,Kayunga,Ntenjeru,2019,Kayunga,Nsotoka,Namulanda CU Primary School,Government,Male,Division 4,2
d102,c102,s108,p106,Kayunga,Ntenjeru,2019,Kayunga,Nsotoka,Namulanda CU Primary School,Government,Female,Division 4,2
d102,c102,s108,p106,Kayunga,Ntenjeru,2019,Kayunga,Nsotoka,Namulanda CU Primary School,Government,Male,Division U,5
d102,c102,s108,p106,Kayunga,Ntenjeru,2019,Kayunga,Nsotoka,Namulanda CU Primary School,Government,Female,Division U,4
d102,c102,s108,p106,Kayunga,Ntenjeru,2019,Kayunga,Nsotoka,Namulanda CU Primary School,Government,Male,Division X,0
d102,c102,s108,p106,Kayunga,Ntenjeru,2019,Kayunga,Nsotoka,Namulanda CU Primary School,Government,Female,Division X,0
d102,c102,s108,p106,Kayunga,Ntenjeru,2019,Kayunga,Nsotoka,Namulanda RC Primary School,Government,Male,Division 1,0
d102,c102,s108,p106,Kayunga,Ntenjeru,2019,Kayunga,Nsotoka,Namulanda RC Primary School,Government,Female,Division 1,0
d102,c102,s108,p106,Kayunga,Ntenjeru,2019,Kayunga,Nsotoka,Namulanda RC Primary School,Government,Male,Division 2,3
d102,c102,s108,p106,Kayunga,Ntenjeru,2019,Kayunga,Nsotoka,Namulanda RC Primary School,Government,Female,Division 2,4
d102,c102,s108,p106,Kayunga,Ntenjeru,2019,Kayunga,Nsotoka,Namulanda RC Primary School,Government,Male,Division 3,6
d102,c102,s108,p106,Kayunga,Ntenjeru,2019,Kayunga,Nsotoka,Namulanda RC Primary School,Government,Female,Division 3,2
d102,c102,s108,p106,Kayunga,Ntenjeru,2019,Kayunga,Nsotoka,Namulanda RC Primary School,Government,Male,Division 4,2
d102,c102,s108,p106,Kayunga,Ntenjeru,2019,Kayunga,Nsotoka,Namulanda RC Primary School,Government,Female,Division 4,0
d102,c102,s108,p106,Kayunga,Ntenjeru,2019,Kayunga,Nsotoka,Namulanda RC Primary School,Government,Male,Division U,0
d102,c102,s108,p106,Kayunga,Ntenjeru,2019,Kayunga,Nsotoka,Namulanda RC Primary School,Government,Female,Division U,4
d102,c102,s108,p106,Kayunga,Ntenjeru,2019,Kayunga,Nsotoka,Namulanda RC Primary School,Government,Male,Division X,0
d102,c102,s108,p106,Kayunga,Ntenjeru,2019,Kayunga,Nsotoka,Namulanda RC Primary School,Government,Female,Division X,0
d102,c102,s108,p103,Kayunga,Ntenjeru,2019,Kayunga,Bukolooto,Nawandagala RC Primary School,Government,Male,Division 1,0
d102,c102,s108,p103,Kayunga,Ntenjeru,2019,Kayunga,Bukolooto,Nawandagala RC Primary School,Government,Female,Division 1,0
d102,c102,s108,p103,Kayunga,Ntenjeru,2019,Kayunga,Bukolooto,Nawandagala RC Primary School,Government,Male,Division 2,3
d102,c102,s108,p103,Kayunga,Ntenjeru,2019,Kayunga,Bukolooto,Nawandagala RC Primary School,Government,Female,Division 2,3
d102,c102,s108,p103,Kayunga,Ntenjeru,2019,Kayunga,Bukolooto,Nawandagala RC Primary School,Government,Male,Division 3,4
d102,c102,s108,p103,Kayunga,Ntenjeru,2019,Kayunga,Bukolooto,Nawandagala RC Primary School,Government,Female,Division 3,4
d102,c102,s108,p103,Kayunga,Ntenjeru,2019,Kayunga,Bukolooto,Nawandagala RC Primary School,Government,Male,Division 4,1
d102,c102,s108,p103,Kayunga,Ntenjeru,2019,Kayunga,Bukolooto,Nawandagala RC Primary School,Government,Female,Division 4,1
d102,c102,s108,p103,Kayunga,Ntenjeru,2019,Kayunga,Bukolooto,Nawandagala RC Primary School,Government,Male,Division U,1
d102,c102,s108,p103,Kayunga,Ntenjeru,2019,Kayunga,Bukolooto,Nawandagala RC Primary School,Government,Female,Division U,2
d102,c102,s108,p103,Kayunga,Ntenjeru,2019,Kayunga,Bukolooto,Nawandagala RC Primary School,Government,Male,Division X,0
d102,c102,s108,p103,Kayunga,Ntenjeru,2019,Kayunga,Bukolooto,Nawandagala RC Primary School,Government,Female,Division X,1
d102,c102,s108,p106,Kayunga,Ntenjeru,2019,Kayunga,Nsotoka,Nsotoka Islamic Primary School,Private,Male,Division 1,0
d102,c102,s108,p106,Kayunga,Ntenjeru,2019,Kayunga,Nsotoka,Nsotoka Islamic Primary School,Private,Female,Division 1,0
d102,c102,s108,p106,Kayunga,Ntenjeru,2019,Kayunga,Nsotoka,Nsotoka Islamic Primary School,Private,Male,Division 2,5
d102,c102,s108,p106,Kayunga,Ntenjeru,2019,Kayunga,Nsotoka,Nsotoka Islamic Primary School,Private,Female,Division 2,6
d102,c102,s108,p106,Kayunga,Ntenjeru,2019,Kayunga,Nsotoka,Nsotoka Islamic Primary School,Private,Male,Division 3,8
d102,c102,s108,p106,Kayunga,Ntenjeru,2019,Kayunga,Nsotoka,Nsotoka Islamic Primary School,Private,Female,Division 3,10
d102,c102,s108,p106,Kayunga,Ntenjeru,2019,Kayunga,Nsotoka,Nsotoka Islamic Primary School,Private,Male,Division 4,4
d102,c102,s108,p106,Kayunga,Ntenjeru,2019,Kayunga,Nsotoka,Nsotoka Islamic Primary School,Private,Female,Division 4,2
d102,c102,s108,p106,Kayunga,Ntenjeru,2019,Kayunga,Nsotoka,Nsotoka Islamic Primary School,Private,Male,Division U,3
d102,c102,s108,p106,Kayunga,Ntenjeru,2019,Kayunga,Nsotoka,Nsotoka Islamic Primary School,Private,Female,Division U,1
d102,c102,s108,p106,Kayunga,Ntenjeru,2019,Kayunga,Nsotoka,Nsotoka Islamic Primary School,Private,Male,Division X,0
d102,c102,s108,p106,Kayunga,Ntenjeru,2019,Kayunga,Nsotoka,Nsotoka Islamic Primary School,Private,Female,Division X,0
d102,c102,s108,p106,Kayunga,Ntenjeru,2019,Kayunga,Nsotoka,Obadia Sajjabi Community Primary School,Private,Male,Division 1,1
d102,c102,s108,p106,Kayunga,Ntenjeru,2019,Kayunga,Nsotoka,Obadia Sajjabi Community Primary School,Private,Female,Division 1,0
d102,c102,s108,p106,Kayunga,Ntenjeru,2019,Kayunga,Nsotoka,Obadia Sajjabi Community Primary School,Private,Male,Division 2,22
d102,c102,s108,p106,Kayunga,Ntenjeru,2019,Kayunga,Nsotoka,Obadia Sajjabi Community Primary School,Private,Female,Division 2,27
d102,c102,s108,p106,Kayunga,Ntenjeru,2019,Kayunga,Nsotoka,Obadia Sajjabi Community Primary School,Private,Male,Division 3,10
d102,c102,s108,p106,Kayunga,Ntenjeru,2019,Kayunga,Nsotoka,Obadia Sajjabi Community Primary School,Private,Female,Division 3,12
d102,c102,s108,p106,Kayunga,Ntenjeru,2019,Kayunga,Nsotoka,Obadia Sajjabi Community Primary School,Private,Male,Division 4,5
d102,c102,s108,p106,Kayunga,Ntenjeru,2019,Kayunga,Nsotoka,Obadia Sajjabi Community Primary School,Private,Female,Division 4,7
d102,c102,s108,p106,Kayunga,Ntenjeru,2019,Kayunga,Nsotoka,Obadia Sajjabi Community Primary School,Private,Male,Division U,13
d102,c102,s108,p106,Kayunga,Ntenjeru,2019,Kayunga,Nsotoka,Obadia Sajjabi Community Primary School,Private,Female,Division U,14
d102,c102,s108,p106,Kayunga,Ntenjeru,2019,Kayunga,Nsotoka,Obadia Sajjabi Community Primary School,Private,Male,Division X,2
d102,c102,s108,p106,Kayunga,Ntenjeru,2019,Kayunga,Nsotoka,Obadia Sajjabi Community Primary School,Private,Female,Division X,0
d102,c102,s108,p108,Kayunga,Ntenjeru,2019,Kayunga,Kiteredde,Ssekagya Islamic Primary School,Government,Male,Division 1,10
d102,c102,s108,p108,Kayunga,Ntenjeru,2019,Kayunga,Kiteredde,Ssekagya Islamic Primary School,Government,Female,Division 1,18
d102,c102,s108,p108,Kayunga,Ntenjeru,2019,Kayunga,Kiteredde,Ssekagya Islamic Primary School,Government,Male,Division 2,28
d102,c102,s108,p108,Kayunga,Ntenjeru,2019,Kayunga,Kiteredde,Ssekagya Islamic Primary School,Government,Female,Division 2,16
d102,c102,s108,p108,Kayunga,Ntenjeru,2019,Kayunga,Kiteredde,Ssekagya Islamic Primary School,Government,Male,Division 3,5
d102,c102,s108,p108,Kayunga,Ntenjeru,2019,Kayunga,Kiteredde,Ssekagya Islamic Primary School,Government,Female,Division 3,4
d102,c102,s108,p108,Kayunga,Ntenjeru,2019,Kayunga,Kiteredde,Ssekagya Islamic Primary School,Government,Male,Division 4,1
d102,c102,s108,p108,Kayunga,Ntenjeru,2019,Kayunga,Kiteredde,Ssekagya Islamic Primary School,Government,Female,Division 4,5
d102,c102,s108,p108,Kayunga,Ntenjeru,2019,Kayunga,Kiteredde,Ssekagya Islamic Primary School,Government,Male,Division U,3
d102,c102,s108,p108,Kayunga,Ntenjeru,2019,Kayunga,Kiteredde,Ssekagya Islamic Primary School,Government,Female,Division U,0
d102,c102,s108,p108,Kayunga,Ntenjeru,2019,Kayunga,Kiteredde,Ssekagya Islamic Primary School,Government,Male,Division X,3
d102,c102,s108,p108,Kayunga,Ntenjeru,2019,Kayunga,Kiteredde,Ssekagya Islamic Primary School,Government,Female,Division X,0
d102,c102,s108,p103,Kayunga,Ntenjeru,2019,Kayunga,Bukolooto,Ssezibwa CU Primary School,Government,Male,Division 1,2
d102,c102,s108,p103,Kayunga,Ntenjeru,2019,Kayunga,Bukolooto,Ssezibwa CU Primary School,Government,Female,Division 1,1
d102,c102,s108,p103,Kayunga,Ntenjeru,2019,Kayunga,Bukolooto,Ssezibwa CU Primary School,Government,Male,Division 2,10
d102,c102,s108,p103,Kayunga,Ntenjeru,2019,Kayunga,Bukolooto,Ssezibwa CU Primary School,Government,Female,Division 2,26
d102,c102,s108,p103,Kayunga,Ntenjeru,2019,Kayunga,Bukolooto,Ssezibwa CU Primary School,Government,Male,Division 3,9
d102,c102,s108,p103,Kayunga,Ntenjeru,2019,Kayunga,Bukolooto,Ssezibwa CU Primary School,Government,Female,Division 3,10
d102,c102,s108,p103,Kayunga,Ntenjeru,2019,Kayunga,Bukolooto,Ssezibwa CU Primary School,Government,Male,Division 4,3
d102,c102,s108,p103,Kayunga,Ntenjeru,2019,Kayunga,Bukolooto,Ssezibwa CU Primary School,Government,Female,Division 4,3
d102,c102,s108,p103,Kayunga,Ntenjeru,2019,Kayunga,Bukolooto,Ssezibwa CU Primary School,Government,Male,Division U,5
d102,c102,s108,p103,Kayunga,Ntenjeru,2019,Kayunga,Bukolooto,Ssezibwa CU Primary School,Government,Female,Division U,8
d102,c102,s108,p103,Kayunga,Ntenjeru,2019,Kayunga,Bukolooto,Ssezibwa CU Primary School,Government,Male,Division X,2
d102,c102,s108,p103,Kayunga,Ntenjeru,2019,Kayunga,Bukolooto,Ssezibwa CU Primary School,Government,Female,Division X,1
d102,c102,s108,p103,Kayunga,Ntenjeru,2019,Kayunga,Bukolooto,St Anthony Junior School,Private,Male,Division 1,5
d102,c102,s108,p103,Kayunga,Ntenjeru,2019,Kayunga,Bukolooto,St Anthony Junior School,Private,Female,Division 1,5
d102,c102,s108,p103,Kayunga,Ntenjeru,2019,Kayunga,Bukolooto,St Anthony Junior School,Private,Male,Division 2,17
d102,c102,s108,p103,Kayunga,Ntenjeru,2019,Kayunga,Bukolooto,St Anthony Junior School,Private,Female,Division 2,17
d102,c102,s108,p103,Kayunga,Ntenjeru,2019,Kayunga,Bukolooto,St Anthony Junior School,Private,Male,Division 3,5
d102,c102,s108,p103,Kayunga,Ntenjeru,2019,Kayunga,Bukolooto,St Anthony Junior School,Private,Female,Division 3,5
d102,c102,s108,p103,Kayunga,Ntenjeru,2019,Kayunga,Bukolooto,St Anthony Junior School,Private,Male,Division 4,0
d102,c102,s108,p103,Kayunga,Ntenjeru,2019,Kayunga,Bukolooto,St Anthony Junior School,Private,Female,Division 4,1
d102,c102,s108,p103,Kayunga,Ntenjeru,2019,Kayunga,Bukolooto,St Anthony Junior School,Private,Male,Division U,0
d102,c102,s108,p103,Kayunga,Ntenjeru,2019,Kayunga,Bukolooto,St Anthony Junior School,Private,Female,Division U,0
d102,c102,s108,p103,Kayunga,Ntenjeru,2019,Kayunga,Bukolooto,St Anthony Junior School,Private,Male,Division X,0
d102,c102,s108,p103,Kayunga,Ntenjeru,2019,Kayunga,Bukolooto,St Anthony Junior School,Private,Female,Division X,0
d102,c102,s109,p145,Kayunga,Ntenjeru,2019,Kayunga Town Council,Bukolooto Ward,Aunt Vicky Primary School,Private,Male,Division 1,0
d102,c102,s109,p145,Kayunga,Ntenjeru,2019,Kayunga Town Council,Bukolooto Ward,Aunt Vicky Primary School,Private,Female,Division 1,0
d102,c102,s109,p145,Kayunga,Ntenjeru,2019,Kayunga Town Council,Bukolooto Ward,Aunt Vicky Primary School,Private,Male,Division 2,15
d102,c102,s109,p145,Kayunga,Ntenjeru,2019,Kayunga Town Council,Bukolooto Ward,Aunt Vicky Primary School,Private,Female,Division 2,11
d102,c102,s109,p145,Kayunga,Ntenjeru,2019,Kayunga Town Council,Bukolooto Ward,Aunt Vicky Primary School,Private,Male,Division 3,10
d102,c102,s109,p145,Kayunga,Ntenjeru,2019,Kayunga Town Council,Bukolooto Ward,Aunt Vicky Primary School,Private,Female,Division 3,6
d102,c102,s109,p145,Kayunga,Ntenjeru,2019,Kayunga Town Council,Bukolooto Ward,Aunt Vicky Primary School,Private,Male,Division 4,5
d102,c102,s109,p145,Kayunga,Ntenjeru,2019,Kayunga Town Council,Bukolooto Ward,Aunt Vicky Primary School,Private,Female,Division 4,5
d102,c102,s109,p145,Kayunga,Ntenjeru,2019,Kayunga Town Council,Bukolooto Ward,Aunt Vicky Primary School,Private,Male,Division U,10
d102,c102,s109,p145,Kayunga,Ntenjeru,2019,Kayunga Town Council,Bukolooto Ward,Aunt Vicky Primary School,Private,Female,Division U,7
d102,c102,s109,p145,Kayunga,Ntenjeru,2019,Kayunga Town Council,Bukolooto Ward,Aunt Vicky Primary School,Private,Male,Division X,1
d102,c102,s109,p145,Kayunga,Ntenjeru,2019,Kayunga Town Council,Bukolooto Ward,Aunt Vicky Primary School,Private,Female,Division X,2
d102,c102,s109,p148,Kayunga,Ntenjeru,2019,Kayunga Town Council,Namagabi Ward,Gospel Valley Nursery And Primary School,Private,Male,Division 1,10
d102,c102,s109,p148,Kayunga,Ntenjeru,2019,Kayunga Town Council,Namagabi Ward,Gospel Valley Nursery And Primary School,Private,Female,Division 1,14
d102,c102,s109,p148,Kayunga,Ntenjeru,2019,Kayunga Town Council,Namagabi Ward,Gospel Valley Nursery And Primary School,Private,Male,Division 2,6
d102,c102,s109,p148,Kayunga,Ntenjeru,2019,Kayunga Town Council,Namagabi Ward,Gospel Valley Nursery And Primary School,Private,Female,Division 2,2
d102,c102,s109,p148,Kayunga,Ntenjeru,2019,Kayunga Town Council,Namagabi Ward,Gospel Valley Nursery And Primary School,Private,Male,Division 3,0
d102,c102,s109,p148,Kayunga,Ntenjeru,2019,Kayunga Town Council,Namagabi Ward,Gospel Valley Nursery And Primary School,Private,Female,Division 3,0
d102,c102,s109,p148,Kayunga,Ntenjeru,2019,Kayunga Town Council,Namagabi Ward,Gospel Valley Nursery And Primary School,Private,Male,Division 4,0
d102,c102,s109,p148,Kayunga,Ntenjeru,2019,Kayunga Town Council,Namagabi Ward,Gospel Valley Nursery And Primary School,Private,Female,Division 4,0
d102,c102,s109,p148,Kayunga,Ntenjeru,2019,Kayunga Town Council,Namagabi Ward,Gospel Valley Nursery And Primary School,Private,Male,Division U,0
d102,c102,s109,p148,Kayunga,Ntenjeru,2019,Kayunga Town Council,Namagabi Ward,Gospel Valley Nursery And Primary School,Private,Female,Division U,0
d102,c102,s109,p148,Kayunga,Ntenjeru,2019,Kayunga Town Council,Namagabi Ward,Gospel Valley Nursery And Primary School,Private,Male,Division X,0
d102,c102,s109,p148,Kayunga,Ntenjeru,2019,Kayunga Town Council,Namagabi Ward,Gospel Valley Nursery And Primary School,Private,Female,Division X,0
d102,c102,s109,,Kayunga,Ntenjeru,2019,Kayunga Town Council,,Hope Primary School,Private,Male,Division 1,3
d102,c102,s109,,Kayunga,Ntenjeru,2019,Kayunga Town Council,,Hope Primary School,Private,Female,Division 1,3
d102,c102,s109,,Kayunga,Ntenjeru,2019,Kayunga Town Council,,Hope Primary School,Private,Male,Division 2,30
d102,c102,s109,,Kayunga,Ntenjeru,2019,Kayunga Town Council,,Hope Primary School,Private,Female,Division 2,11
d102,c102,s109,,Kayunga,Ntenjeru,2019,Kayunga Town Council,,Hope Primary School,Private,Male,Division 3,1
d102,c102,s109,,Kayunga,Ntenjeru,2019,Kayunga Town Council,,Hope Primary School,Private,Female,Division 3,4
d102,c102,s109,,Kayunga,Ntenjeru,2019,Kayunga Town Council,,Hope Primary School,Private,Male,Division 4,2
d102,c102,s109,,Kayunga,Ntenjeru,2019,Kayunga Town Council,,Hope Primary School,Private,Female,Division 4,2
d102,c102,s109,,Kayunga,Ntenjeru,2019,Kayunga Town Council,,Hope Primary School,Private,Male,Division U,0
d102,c102,s109,,Kayunga,Ntenjeru,2019,Kayunga Town Council,,Hope Primary School,Private,Female,Division U,0
d102,c102,s109,,Kayunga,Ntenjeru,2019,Kayunga Town Council,,Hope Primary School,Private,Male,Division X,0
d102,c102,s109,,Kayunga,Ntenjeru,2019,Kayunga Town Council,,Hope Primary School,Private,Female,Division X,0
d102,c102,s109,p148,Kayunga,Ntenjeru,2019,Kayunga Town Council,Namagabi Ward,Kayunga Girls Primary School,Government,Male,Division 1,6
d102,c102,s109,p148,Kayunga,Ntenjeru,2019,Kayunga Town Council,Namagabi Ward,Kayunga Girls Primary School,Government,Female,Division 1,3
d102,c102,s109,p148,Kayunga,Ntenjeru,2019,Kayunga Town Council,Namagabi Ward,Kayunga Girls Primary School,Government,Male,Division 2,10
d102,c102,s109,p148,Kayunga,Ntenjeru,2019,Kayunga Town Council,Namagabi Ward,Kayunga Girls Primary School,Government,Female,Division 2,14
d102,c102,s109,p148,Kayunga,Ntenjeru,2019,Kayunga Town Council,Namagabi Ward,Kayunga Girls Primary School,Government,Male,Division 3,0
d102,c102,s109,p148,Kayunga,Ntenjeru,2019,Kayunga Town Council,Namagabi Ward,Kayunga Girls Primary School,Government,Female,Division 3,2
d102,c102,s109,p148,Kayunga,Ntenjeru,2019,Kayunga Town Council,Namagabi Ward,Kayunga Girls Primary School,Government,Male,Division 4,0
d102,c102,s109,p148,Kayunga,Ntenjeru,2019,Kayunga Town Council,Namagabi Ward,Kayunga Girls Primary School,Government,Female,Division 4,0
d102,c102,s109,p148,Kayunga,Ntenjeru,2019,Kayunga Town Council,Namagabi Ward,Kayunga Girls Primary School,Government,Male,Division U,0
d102,c102,s109,p148,Kayunga,Ntenjeru,2019,Kayunga Town Council,Namagabi Ward,Kayunga Girls Primary School,Government,Female,Division U,0
d102,c102,s109,p148,Kayunga,Ntenjeru,2019,Kayunga Town Council,Namagabi Ward,Kayunga Girls Primary School,Government,Male,Division X,0
d102,c102,s109,p148,Kayunga,Ntenjeru,2019,Kayunga Town Council,Namagabi Ward,Kayunga Girls Primary School,Government,Female,Division X,0
d102,c102,s109,p148,Kayunga,Ntenjeru,2019,Kayunga Town Council,Namagabi Ward,Kayunga Mixed Primary School,Government,Male,Division 1,0
d102,c102,s109,p148,Kayunga,Ntenjeru,2019,Kayunga Town Council,Namagabi Ward,Kayunga Mixed Primary School,Government,Female,Division 1,1
d102,c102,s109,p148,Kayunga,Ntenjeru,2019,Kayunga Town Council,Namagabi Ward,Kayunga Mixed Primary School,Government,Male,Division 2,12
d102,c102,s109,p148,Kayunga,Ntenjeru,2019,Kayunga Town Council,Namagabi Ward,Kayunga Mixed Primary School,Government,Female,Division 2,16
d102,c102,s109,p148,Kayunga,Ntenjeru,2019,Kayunga Town Council,Namagabi Ward,Kayunga Mixed Primary School,Government,Male,Division 3,2
d102,c102,s109,p148,Kayunga,Ntenjeru,2019,Kayunga Town Council,Namagabi Ward,Kayunga Mixed Primary School,Government,Female,Division 3,4
d102,c102,s109,p148,Kayunga,Ntenjeru,2019,Kayunga Town Council,Namagabi Ward,Kayunga Mixed Primary School,Government,Male,Division 4,0
d102,c102,s109,p148,Kayunga,Ntenjeru,2019,Kayunga Town Council,Namagabi Ward,Kayunga Mixed Primary School,Government,Female,Division 4,0
d102,c102,s109,p148,Kayunga,Ntenjeru,2019,Kayunga Town Council,Namagabi Ward,Kayunga Mixed Primary School,Government,Male,Division U,0
d102,c102,s109,p148,Kayunga,Ntenjeru,2019,Kayunga Town Council,Namagabi Ward,Kayunga Mixed Primary School,Government,Female,Division U,0
d102,c102,s109,p148,Kayunga,Ntenjeru,2019,Kayunga Town Council,Namagabi Ward,Kayunga Mixed Primary School,Government,Male,Division X,0
d102,c102,s109,p148,Kayunga,Ntenjeru,2019,Kayunga Town Council,Namagabi Ward,Kayunga Mixed Primary School,Government,Female,Division X,0
d102,c102,s109,p145,Kayunga,Ntenjeru,2019,Kayunga Town Council,Bukolooto Ward,Lion of Judah Primary School,Private,Male,Division 1,3
d102,c102,s109,p145,Kayunga,Ntenjeru,2019,Kayunga Town Council,Bukolooto Ward,Lion of Judah Primary School,Private,Female,Division 1,1
d102,c102,s109,p145,Kayunga,Ntenjeru,2019,Kayunga Town Council,Bukolooto Ward,Lion of Judah Primary School,Private,Male,Division 2,10
d102,c102,s109,p145,Kayunga,Ntenjeru,2019,Kayunga Town Council,Bukolooto Ward,Lion of Judah Primary School,Private,Female,Division 2,11
d102,c102,s109,p145,Kayunga,Ntenjeru,2019,Kayunga Town Council,Bukolooto Ward,Lion of Judah Primary School,Private,Male,Division 3,0
d102,c102,s109,p145,Kayunga,Ntenjeru,2019,Kayunga Town Council,Bukolooto Ward,Lion of Judah Primary School,Private,Female,Division 3,0
d102,c102,s109,p145,Kayunga,Ntenjeru,2019,Kayunga Town Council,Bukolooto Ward,Lion of Judah Primary School,Private,Male,Division 4,0
d102,c102,s109,p145,Kayunga,Ntenjeru,2019,Kayunga Town Council,Bukolooto Ward,Lion of Judah Primary School,Private,Female,Division 4,0
d102,c102,s109,p145,Kayunga,Ntenjeru,2019,Kayunga Town Council,Bukolooto Ward,Lion of Judah Primary School,Private,Male,Division U,0
d102,c102,s109,p145,Kayunga,Ntenjeru,2019,Kayunga Town Council,Bukolooto Ward,Lion of Judah Primary School,Private,Female,Division U,0
d102,c102,s109,p145,Kayunga,Ntenjeru,2019,Kayunga Town Council,Bukolooto Ward,Lion of Judah Primary School,Private,Male,Division X,0
d102,c102,s109,p145,Kayunga,Ntenjeru,2019,Kayunga Town Council,Bukolooto Ward,Lion of Judah Primary School,Private,Female,Division X,0
d102,c102,s109,p148,Kayunga,Ntenjeru,2019,Kayunga Town Council,Namagabi Ward,Namagabi Bishop Brown Primary School,Government,Male,Division 1,2
d102,c102,s109,p148,Kayunga,Ntenjeru,2019,Kayunga Town Council,Namagabi Ward,Namagabi Bishop Brown Primary School,Government,Female,Division 1,3
d102,c102,s109,p148,Kayunga,Ntenjeru,2019,Kayunga Town Council,Namagabi Ward,Namagabi Bishop Brown Primary School,Government,Male,Division 2,43
d102,c102,s109,p148,Kayunga,Ntenjeru,2019,Kayunga Town Council,Namagabi Ward,Namagabi Bishop Brown Primary School,Government,Female,Division 2,20
d102,c102,s109,p148,Kayunga,Ntenjeru,2019,Kayunga Town Council,Namagabi Ward,Namagabi Bishop Brown Primary School,Government,Male,Division 3,9
d102,c102,s109,p148,Kayunga,Ntenjeru,2019,Kayunga Town Council,Namagabi Ward,Namagabi Bishop Brown Primary School,Government,Female,Division 3,7
d102,c102,s109,p148,Kayunga,Ntenjeru,2019,Kayunga Town Council,Namagabi Ward,Namagabi Bishop Brown Primary School,Government,Male,Division 4,4
d102,c102,s109,p148,Kayunga,Ntenjeru,2019,Kayunga Town Council,Namagabi Ward,Namagabi Bishop Brown Primary School,Government,Female,Division 4,2
d102,c102,s109,p148,Kayunga,Ntenjeru,2019,Kayunga Town Council,Namagabi Ward,Namagabi Bishop Brown Primary School,Government,Male,Division U,4
d102,c102,s109,p148,Kayunga,Ntenjeru,2019,Kayunga Town Council,Namagabi Ward,Namagabi Bishop Brown Primary School,Government,Female,Division U,4
d102,c102,s109,p148,Kayunga,Ntenjeru,2019,Kayunga Town Council,Namagabi Ward,Namagabi Bishop Brown Primary School,Government,Male,Division X,0
d102,c102,s109,p148,Kayunga,Ntenjeru,2019,Kayunga Town Council,Namagabi Ward,Namagabi Bishop Brown Primary School,Government,Female,Division X,0
d102,c102,s109,p148,Kayunga,Ntenjeru,2019,Kayunga Town Council,Namagabi Ward,Namagabi UMEA Primary School,Government,Male,Division 1,1
d102,c102,s109,p148,Kayunga,Ntenjeru,2019,Kayunga Town Council,Namagabi Ward,Namagabi UMEA Primary School,Government,Female,Division 1,1
d102,c102,s109,p148,Kayunga,Ntenjeru,2019,Kayunga Town Council,Namagabi Ward,Namagabi UMEA Primary School,Government,Male,Division 2,24
d102,c102,s109,p148,Kayunga,Ntenjeru,2019,Kayunga Town Council,Namagabi Ward,Namagabi UMEA Primary School,Government,Female,Division 2,22
d102,c102,s109,p148,Kayunga,Ntenjeru,2019,Kayunga Town Council,Namagabi Ward,Namagabi UMEA Primary School,Government,Male,Division 3,9
d102,c102,s109,p148,Kayunga,Ntenjeru,2019,Kayunga Town Council,Namagabi Ward,Namagabi UMEA Primary School,Government,Female,Division 3,10
d102,c102,s109,p148,Kayunga,Ntenjeru,2019,Kayunga Town Council,Namagabi Ward,Namagabi UMEA Primary School,Government,Male,Division 4,6
d102,c102,s109,p148,Kayunga,Ntenjeru,2019,Kayunga Town Council,Namagabi Ward,Namagabi UMEA Primary School,Government,Female,Division 4,3
d102,c102,s109,p148,Kayunga,Ntenjeru,2019,Kayunga Town Council,Namagabi Ward,Namagabi UMEA Primary School,Government,Male,Division U,4
d102,c102,s109,p148,Kayunga,Ntenjeru,2019,Kayunga Town Council,Namagabi Ward,Namagabi UMEA Primary School,Government,Female,Division U,2
d102,c102,s109,p148,Kayunga,Ntenjeru,2019,Kayunga Town Council,Namagabi Ward,Namagabi UMEA Primary School,Government,Male,Division X,0
d102,c102,s109,p148,Kayunga,Ntenjeru,2019,Kayunga Town Council,Namagabi Ward,Namagabi UMEA Primary School,Government,Female,Division X,0
d102,c102,s109,p145,Kayunga,Ntenjeru,2019,Kayunga Town Council,Bukolooto Ward,Ndeeba CU Primary School,Government,Male,Division 1,3
d102,c102,s109,p145,Kayunga,Ntenjeru,2019,Kayunga Town Council,Bukolooto Ward,Ndeeba CU Primary School,Government,Female,Division 1,0
d102,c102,s109,p145,Kayunga,Ntenjeru,2019,Kayunga Town Council,Bukolooto Ward,Ndeeba CU Primary School,Government,Male,Division 2,20
d102,c102,s109,p145,Kayunga,Ntenjeru,2019,Kayunga Town Council,Bukolooto Ward,Ndeeba CU Primary School,Government,Female,Division 2,17
d102,c102,s109,p145,Kayunga,Ntenjeru,2019,Kayunga Town Council,Bukolooto Ward,Ndeeba CU Primary School,Government,Male,Division 3,6
d102,c102,s109,p145,Kayunga,Ntenjeru,2019,Kayunga Town Council,Bukolooto Ward,Ndeeba CU Primary School,Government,Female,Division 3,4
d102,c102,s109,p145,Kayunga,Ntenjeru,2019,Kayunga Town Council,Bukolooto Ward,Ndeeba CU Primary School,Government,Male,Division 4,2
d102,c102,s109,p145,Kayunga,Ntenjeru,2019,Kayunga Town Council,Bukolooto Ward,Ndeeba CU Primary School,Government,Female,Division 4,2
d102,c102,s109,p145,Kayunga,Ntenjeru,2019,Kayunga Town Council,Bukolooto Ward,Ndeeba CU Primary School,Government,Male,Division U,0
d102,c102,s109,p145,Kayunga,Ntenjeru,2019,Kayunga Town Council,Bukolooto Ward,Ndeeba CU Primary School,Government,Female,Division U,1
d102,c102,s109,p145,Kayunga,Ntenjeru,2019,Kayunga Town Council,Bukolooto Ward,Ndeeba CU Primary School,Government,Male,Division X,2
d102,c102,s109,p145,Kayunga,Ntenjeru,2019,Kayunga Town Council,Bukolooto Ward,Ndeeba CU Primary School,Government,Female,Division X,0
d102,c102,s109,p146,Kayunga,Ntenjeru,2019,Kayunga Town Council,Ntenjeru Ward,St Regina Primary School,Private,Male,Division 1,14
d102,c102,s109,p146,Kayunga,Ntenjeru,2019,Kayunga Town Council,Ntenjeru Ward,St Regina Primary School,Private,Female,Division 1,14
d102,c102,s109,p146,Kayunga,Ntenjeru,2019,Kayunga Town Council,Ntenjeru Ward,St Regina Primary School,Private,Male,Division 2,7
d102,c102,s109,p146,Kayunga,Ntenjeru,2019,Kayunga Town Council,Ntenjeru Ward,St Regina Primary School,Private,Female,Division 2,5
d102,c102,s109,p146,Kayunga,Ntenjeru,2019,Kayunga Town Council,Ntenjeru Ward,St Regina Primary School,Private,Male,Division 3,0
d102,c102,s109,p146,Kayunga,Ntenjeru,2019,Kayunga Town Council,Ntenjeru Ward,St Regina Primary School,Private,Female,Division 3,0
d102,c102,s109,p146,Kayunga,Ntenjeru,2019,Kayunga Town Council,Ntenjeru Ward,St Regina Primary School,Private,Male,Division 4,0
d102,c102,s109,p146,Kayunga,Ntenjeru,2019,Kayunga Town Council,Ntenjeru Ward,St Regina Primary School,Private,Female,Division 4,0
d102,c102,s109,p146,Kayunga,Ntenjeru,2019,Kayunga Town Council,Ntenjeru Ward,St Regina Primary School,Private,Male,Division U,0
d102,c102,s109,p146,Kayunga,Ntenjeru,2019,Kayunga Town Council,Ntenjeru Ward,St Regina Primary School,Private,Female,Division U,0
d102,c102,s109,p146,Kayunga,Ntenjeru,2019,Kayunga Town Council,Ntenjeru Ward,St Regina Primary School,Private,Male,Division X,0
d102,c102,s109,p146,Kayunga,Ntenjeru,2019,Kayunga Town Council,Ntenjeru Ward,St Regina Primary School,Private,Female,Division X,0
d102,c102,s109,p145,Kayunga,Ntenjeru,2019,Kayunga Town Council,Bukolooto Ward,Star Academy Primary School,Private,Male,Division 1,1
d102,c102,s109,p145,Kayunga,Ntenjeru,2019,Kayunga Town Council,Bukolooto Ward,Star Academy Primary School,Private,Female,Division 1,1
d102,c102,s109,p145,Kayunga,Ntenjeru,2019,Kayunga Town Council,Bukolooto Ward,Star Academy Primary School,Private,Male,Division 2,11
d102,c102,s109,p145,Kayunga,Ntenjeru,2019,Kayunga Town Council,Bukolooto Ward,Star Academy Primary School,Private,Female,Division 2,9
d102,c102,s109,p145,Kayunga,Ntenjeru,2019,Kayunga Town Council,Bukolooto Ward,Star Academy Primary School,Private,Male,Division 3,3
d102,c102,s109,p145,Kayunga,Ntenjeru,2019,Kayunga Town Council,Bukolooto Ward,Star Academy Primary School,Private,Female,Division 3,1
d102,c102,s109,p145,Kayunga,Ntenjeru,2019,Kayunga Town Council,Bukolooto Ward,Star Academy Primary School,Private,Male,Division 4,2
d102,c102,s109,p145,Kayunga,Ntenjeru,2019,Kayunga Town Council,Bukolooto Ward,Star Academy Primary School,Private,Female,Division 4,0
d102,c102,s109,p145,Kayunga,Ntenjeru,2019,Kayunga Town Council,Bukolooto Ward,Star Academy Primary School,Private,Male,Division U,1
d102,c102,s109,p145,Kayunga,Ntenjeru,2019,Kayunga Town Council,Bukolooto Ward,Star Academy Primary School,Private,Female,Division U,0
d102,c102,s109,p145,Kayunga,Ntenjeru,2019,Kayunga Town Council,Bukolooto Ward,Star Academy Primary School,Private,Male,Division X,1
d102,c102,s109,p145,Kayunga,Ntenjeru,2019,Kayunga Town Council,Bukolooto Ward,Star Academy Primary School,Private,Female,Division X,1
d102,c102,s109,p146,Kayunga,Ntenjeru,2019,Kayunga Town Council,Ntenjeru Ward,Tente Primary School,Government,Male,Division 1,1
d102,c102,s109,p146,Kayunga,Ntenjeru,2019,Kayunga Town Council,Ntenjeru Ward,Tente Primary School,Government,Female,Division 1,1
d102,c102,s109,p146,Kayunga,Ntenjeru,2019,Kayunga Town Council,Ntenjeru Ward,Tente Primary School,Government,Male,Division 2,30
d102,c102,s109,p146,Kayunga,Ntenjeru,2019,Kayunga Town Council,Ntenjeru Ward,Tente Primary School,Government,Female,Division 2,20
d102,c102,s109,p146,Kayunga,Ntenjeru,2019,Kayunga Town Council,Ntenjeru Ward,Tente Primary School,Government,Male,Division 3,13
d102,c102,s109,p146,Kayunga,Ntenjeru,2019,Kayunga Town Council,Ntenjeru Ward,Tente Primary School,Government,Female,Division 3,7
d102,c102,s109,p146,Kayunga,Ntenjeru,2019,Kayunga Town Council,Ntenjeru Ward,Tente Primary School,Government,Male,Division 4,3
d102,c102,s109,p146,Kayunga,Ntenjeru,2019,Kayunga Town Council,Ntenjeru Ward,Tente Primary School,Government,Female,Division 4,4
d102,c102,s109,p146,Kayunga,Ntenjeru,2019,Kayunga Town Council,Ntenjeru Ward,Tente Primary School,Government,Male,Division U,2
d102,c102,s109,p146,Kayunga,Ntenjeru,2019,Kayunga Town Council,Ntenjeru Ward,Tente Primary School,Government,Female,Division U,2
d102,c102,s109,p146,Kayunga,Ntenjeru,2019,Kayunga Town Council,Ntenjeru Ward,Tente Primary School,Government,Male,Division X,0
d102,c102,s109,p146,Kayunga,Ntenjeru,2019,Kayunga Town Council,Ntenjeru Ward,Tente Primary School,Government,Female,Division X,1
d102,c102,s110,p159,Kayunga,Ntenjeru,2019,Busaana Town Council,Kasana Ward,Bugaddu CU Primary School,Government,Male,Division 1,2
d102,c102,s110,p159,Kayunga,Ntenjeru,2019,Busaana Town Council,Kasana Ward,Bugaddu CU Primary School,Government,Female,Division 1,3
d102,c102,s110,p159,Kayunga,Ntenjeru,2019,Busaana Town Council,Kasana Ward,Bugaddu CU Primary School,Government,Male,Division 2,20
d102,c102,s110,p159,Kayunga,Ntenjeru,2019,Busaana Town Council,Kasana Ward,Bugaddu CU Primary School,Government,Female,Division 2,28
d102,c102,s110,p159,Kayunga,Ntenjeru,2019,Busaana Town Council,Kasana Ward,Bugaddu CU Primary School,Government,Male,Division 3,11
d102,c102,s110,p159,Kayunga,Ntenjeru,2019,Busaana Town Council,Kasana Ward,Bugaddu CU Primary School,Government,Female,Division 3,9
d102,c102,s110,p159,Kayunga,Ntenjeru,2019,Busaana Town Council,Kasana Ward,Bugaddu CU Primary School,Government,Male,Division 4,7
d102,c102,s110,p159,Kayunga,Ntenjeru,2019,Busaana Town Council,Kasana Ward,Bugaddu CU Primary School,Government,Female,Division 4,5
d102,c102,s110,p159,Kayunga,Ntenjeru,2019,Busaana Town Council,Kasana Ward,Bugaddu CU Primary School,Government,Male,Division U,10
d102,c102,s110,p159,Kayunga,Ntenjeru,2019,Busaana Town Council,Kasana Ward,Bugaddu CU Primary School,Government,Female,Division U,7
d102,c102,s110,p159,Kayunga,Ntenjeru,2019,Busaana Town Council,Kasana Ward,Bugaddu CU Primary School,Government,Male,Division X,1
d102,c102,s110,p159,Kayunga,Ntenjeru,2019,Busaana Town Council,Kasana Ward,Bugaddu CU Primary School,Government,Female,Division X,1
d102,c102,s110,p159,Kayunga,Ntenjeru,2019,Busaana Town Council,Kasana Ward,Busaana CU Primary School,Government,Male,Division 1,3
d102,c102,s110,p159,Kayunga,Ntenjeru,2019,Busaana Town Council,Kasana Ward,Busaana CU Primary School,Government,Female,Division 1,1
d102,c102,s110,p159,Kayunga,Ntenjeru,2019,Busaana Town Council,Kasana Ward,Busaana CU Primary School,Government,Male,Division 2,20
d102,c102,s110,p159,Kayunga,Ntenjeru,2019,Busaana Town Council,Kasana Ward,Busaana CU Primary School,Government,Female,Division 2,33
d102,c102,s110,p159,Kayunga,Ntenjeru,2019,Busaana Town Council,Kasana Ward,Busaana CU Primary School,Government,Male,Division 3,12
d102,c102,s110,p159,Kayunga,Ntenjeru,2019,Busaana Town Council,Kasana Ward,Busaana CU Primary School,Government,Female,Division 3,14
d102,c102,s110,p159,Kayunga,Ntenjeru,2019,Busaana Town Council,Kasana Ward,Busaana CU Primary School,Government,Male,Division 4,20
d102,c102,s110,p159,Kayunga,Ntenjeru,2019,Busaana Town Council,Kasana Ward,Busaana CU Primary School,Government,Female,Division 4,14
d102,c102,s110,p159,Kayunga,Ntenjeru,2019,Busaana Town Council,Kasana Ward,Busaana CU Primary School,Government,Male,Division U,6
d102,c102,s110,p159,Kayunga,Ntenjeru,2019,Busaana Town Council,Kasana Ward,Busaana CU Primary School,Government,Female,Division U,6
d102,c102,s110,p159,Kayunga,Ntenjeru,2019,Busaana Town Council,Kasana Ward,Busaana CU Primary School,Government,Male,Division X,1
d102,c102,s110,p159,Kayunga,Ntenjeru,2019,Busaana Town Council,Kasana Ward,Busaana CU Primary School,Government,Female,Division X,1
d102,c102,s110,p159,Kayunga,Ntenjeru,2019,Busaana Town Council,Kasana Ward,Busaana Parents Primary School,Private,Male,Division 1,5
d102,c102,s110,p159,Kayunga,Ntenjeru,2019,Busaana Town Council,Kasana Ward,Busaana Parents Primary School,Private,Female,Division 1,6
d102,c102,s110,p159,Kayunga,Ntenjeru,2019,Busaana Town Council,Kasana Ward,Busaana Parents Primary School,Private,Male,Division 2,15
d102,c102,s110,p159,Kayunga,Ntenjeru,2019,Busaana Town Council,Kasana Ward,Busaana Parents Primary School,Private,Female,Division 2,24
d102,c102,s110,p159,Kayunga,Ntenjeru,2019,Busaana Town Council,Kasana Ward,Busaana Parents Primary School,Private,Male,Division 3,1
d102,c102,s110,p159,Kayunga,Ntenjeru,2019,Busaana Town Council,Kasana Ward,Busaana Parents Primary School,Private,Female,Division 3,2
d102,c102,s110,p159,Kayunga,Ntenjeru,2019,Busaana Town Council,Kasana Ward,Busaana Parents Primary School,Private,Male,Division 4,0
d102,c102,s110,p159,Kayunga,Ntenjeru,2019,Busaana Town Council,Kasana Ward,Busaana Parents Primary School,Private,Female,Division 4,0
d102,c102,s110,p159,Kayunga,Ntenjeru,2019,Busaana Town Council,Kasana Ward,Busaana Parents Primary School,Private,Male,Division U,0
d102,c102,s110,p159,Kayunga,Ntenjeru,2019,Busaana Town Council,Kasana Ward,Busaana Parents Primary School,Private,Female,Division U,0
d102,c102,s110,p159,Kayunga,Ntenjeru,2019,Busaana Town Council,Kasana Ward,Busaana Parents Primary School,Private,Male,Division X,0
d102,c102,s110,p159,Kayunga,Ntenjeru,2019,Busaana Town Council,Kasana Ward,Busaana Parents Primary School,Private,Female,Division X,0
d102,c102,s110,p159,Kayunga,Ntenjeru,2019,Busaana Town Council,Kasana Ward,Busaana RC Primary School,Government,Male,Division 1,0
d102,c102,s110,p159,Kayunga,Ntenjeru,2019,Busaana Town Council,Kasana Ward,Busaana RC Primary School,Government,Female,Division 1,0
d102,c102,s110,p159,Kayunga,Ntenjeru,2019,Busaana Town Council,Kasana Ward,Busaana RC Primary School,Government,Male,Division 2,5
d102,c102,s110,p159,Kayunga,Ntenjeru,2019,Busaana Town Council,Kasana Ward,Busaana RC Primary School,Government,Female,Division 2,0
d102,c102,s110,p159,Kayunga,Ntenjeru,2019,Busaana Town Council,Kasana Ward,Busaana RC Primary School,Government,Male,Division 3,7
d102,c102,s110,p159,Kayunga,Ntenjeru,2019,Busaana Town Council,Kasana Ward,Busaana RC Primary School,Government,Female,Division 3,5
d102,c102,s110,p159,Kayunga,Ntenjeru,2019,Busaana Town Council,Kasana Ward,Busaana RC Primary School,Government,Male,Division 4,5
d102,c102,s110,p159,Kayunga,Ntenjeru,2019,Busaana Town Council,Kasana Ward,Busaana RC Primary School,Government,Female,Division 4,4
d102,c102,s110,p159,Kayunga,Ntenjeru,2019,Busaana Town Council,Kasana Ward,Busaana RC Primary School,Government,Male,Division U,3
d102,c102,s110,p159,Kayunga,Ntenjeru,2019,Busaana Town Council,Kasana Ward,Busaana RC Primary School,Government,Female,Division U,6
d102,c102,s110,p159,Kayunga,Ntenjeru,2019,Busaana Town Council,Kasana Ward,Busaana RC Primary School,Government,Male,Division X,0
d102,c102,s110,p159,Kayunga,Ntenjeru,2019,Busaana Town Council,Kasana Ward,Busaana RC Primary School,Government,Female,Division X,0
d102,c102,s110,p159,Kayunga,Ntenjeru,2019,Busaana Town Council,Kasana Ward,Kasana CU Primary School,Government,Male,Division 1,5
d102,c102,s110,p159,Kayunga,Ntenjeru,2019,Busaana Town Council,Kasana Ward,Kasana CU Primary School,Government,Female,Division 1,2
d102,c102,s110,p159,Kayunga,Ntenjeru,2019,Busaana Town Council,Kasana Ward,Kasana CU Primary School,Government,Male,Division 2,2
d102,c102,s110,p159,Kayunga,Ntenjeru,2019,Busaana Town Council,Kasana Ward,Kasana CU Primary School,Government,Female,Division 2,2
d102,c102,s110,p159,Kayunga,Ntenjeru,2019,Busaana Town Council,Kasana Ward,Kasana CU Primary School,Government,Male,Division 3,3
d102,c102,s110,p159,Kayunga,Ntenjeru,2019,Busaana Town Council,Kasana Ward,Kasana CU Primary School,Government,Female,Division 3,2
d102,c102,s110,p159,Kayunga,Ntenjeru,2019,Busaana Town Council,Kasana Ward,Kasana CU Primary School,Government,Male,Division 4,4
d102,c102,s110,p159,Kayunga,Ntenjeru,2019,Busaana Town Council,Kasana Ward,Kasana CU Primary School,Government,Female,Division 4,6
d102,c102,s110,p159,Kayunga,Ntenjeru,2019,Busaana Town Council,Kasana Ward,Kasana CU Primary School,Government,Male,Division U,7
d102,c102,s110,p159,Kayunga,Ntenjeru,2019,Busaana Town Council,Kasana Ward,Kasana CU Primary School,Government,Female,Division U,8
d102,c102,s110,p159,Kayunga,Ntenjeru,2019,Busaana Town Council,Kasana Ward,Kasana CU Primary School,Government,Male,Division X,0
d102,c102,s110,p159,Kayunga,Ntenjeru,2019,Busaana Town Council,Kasana Ward,Kasana CU Primary School,Government,Female,Division X,0
d102,c102,s110,p161,Kayunga,Ntenjeru,2019,Busaana Town Council,Namukuma Ward,Kyayaye RC Primary School,Government,Male,Division 1,0
d102,c102,s110,p161,Kayunga,Ntenjeru,2019,Busaana Town Council,Namukuma Ward,Kyayaye RC Primary School,Government,Female,Division 1,0
d102,c102,s110,p161,Kayunga,Ntenjeru,2019,Busaana Town Council,Namukuma Ward,Kyayaye RC Primary School,Government,Male,Division 2,3
d102,c102,s110,p161,Kayunga,Ntenjeru,2019,Busaana Town Council,Namukuma Ward,Kyayaye RC Primary School,Government,Female,Division 2,3
d102,c102,s110,p161,Kayunga,Ntenjeru,2019,Busaana Town Council,Namukuma Ward,Kyayaye RC Primary School,Government,Male,Division 3,5
d102,c102,s110,p161,Kayunga,Ntenjeru,2019,Busaana Town Council,Namukuma Ward,Kyayaye RC Primary School,Government,Female,Division 3,6
d102,c102,s110,p161,Kayunga,Ntenjeru,2019,Busaana Town Council,Namukuma Ward,Kyayaye RC Primary School,Government,Male,Division 4,6
d102,c102,s110,p161,Kayunga,Ntenjeru,2019,Busaana Town Council,Namukuma Ward,Kyayaye RC Primary School,Government,Female,Division 4,5
d102,c102,s110,p161,Kayunga,Ntenjeru,2019,Busaana Town Council,Namukuma Ward,Kyayaye RC Primary School,Government,Male,Division U,4
d102,c102,s110,p161,Kayunga,Ntenjeru,2019,Busaana Town Council,Namukuma Ward,Kyayaye RC Primary School,Government,Female,Division U,5
d102,c102,s110,p161,Kayunga,Ntenjeru,2019,Busaana Town Council,Namukuma Ward,Kyayaye RC Primary School,Government,Male,Division X,1
d102,c102,s110,p161,Kayunga,Ntenjeru,2019,Busaana Town Council,Namukuma Ward,Kyayaye RC Primary School,Government,Female,Division X,0
d102,c102,s110,p160,Kayunga,Ntenjeru,2019,Busaana Town Council,Lusenke Ward,Kyengera CU Primary School,Government,Male,Division 1,1
d102,c102,s110,p160,Kayunga,Ntenjeru,2019,Busaana Town Council,Lusenke Ward,Kyengera CU Primary School,Government,Female,Division 1,1
d102,c102,s110,p160,Kayunga,Ntenjeru,2019,Busaana Town Council,Lusenke Ward,Kyengera CU Primary School,Government,Male,Division 2,1
d102,c102,s110,p160,Kayunga,Ntenjeru,2019,Busaana Town Council,Lusenke Ward,Kyengera CU Primary School,Government,Female,Division 2,3
d102,c102,s110,p160,Kayunga,Ntenjeru,2019,Busaana Town Council,Lusenke Ward,Kyengera CU Primary School,Government,Male,Division 3,6
d102,c102,s110,p160,Kayunga,Ntenjeru,2019,Busaana Town Council,Lusenke Ward,Kyengera CU Primary School,Government,Female,Division 3,4
d102,c102,s110,p160,Kayunga,Ntenjeru,2019,Busaana Town Council,Lusenke Ward,Kyengera CU Primary School,Government,Male,Division 4,4
d102,c102,s110,p160,Kayunga,Ntenjeru,2019,Busaana Town Council,Lusenke Ward,Kyengera CU Primary School,Government,Female,Division 4,4
d102,c102,s110,p160,Kayunga,Ntenjeru,2019,Busaana Town Council,Lusenke Ward,Kyengera CU Primary School,Government,Male,Division U,5
d102,c102,s110,p160,Kayunga,Ntenjeru,2019,Busaana Town Council,Lusenke Ward,Kyengera CU Primary School,Government,Female,Division U,3
d102,c102,s110,p160,Kayunga,Ntenjeru,2019,Busaana Town Council,Lusenke Ward,Kyengera CU Primary School,Government,Male,Division X,1
d102,c102,s110,p160,Kayunga,Ntenjeru,2019,Busaana Town Council,Lusenke Ward,Kyengera CU Primary School,Government,Female,Division X,0
d102,c102,s110,p162,Kayunga,Ntenjeru,2019,Busaana Town Council,Namirembe Ward,Namirembe CU Primary School,Government,Male,Division 1,0
d102,c102,s110,p162,Kayunga,Ntenjeru,2019,Busaana Town Council,Namirembe Ward,Namirembe CU Primary School,Government,Female,Division 1,0
d102,c102,s110,p162,Kayunga,Ntenjeru,2019,Busaana Town Council,Namirembe Ward,Namirembe CU Primary School,Government,Male,Division 2,0
d102,c102,s110,p162,Kayunga,Ntenjeru,2019,Busaana Town Council,Namirembe Ward,Namirembe CU Primary School,Government,Female,Division 2,1
d102,c102,s110,p162,Kayunga,Ntenjeru,2019,Busaana Town Council,Namirembe Ward,Namirembe CU Primary School,Government,Male,Division 3,7
d102,c102,s110,p162,Kayunga,Ntenjeru,2019,Busaana Town Council,Namirembe Ward,Namirembe CU Primary School,Government,Female,Division 3,4
d102,c102,s110,p162,Kayunga,Ntenjeru,2019,Busaana Town Council,Namirembe Ward,Namirembe CU Primary School,Government,Male,Division 4,5
d102,c102,s110,p162,Kayunga,Ntenjeru,2019,Busaana Town Council,Namirembe Ward,Namirembe CU Primary School,Government,Female,Division 4,5
d102,c102,s110,p162,Kayunga,Ntenjeru,2019,Busaana Town Council,Namirembe Ward,Namirembe CU Primary School,Government,Male,Division U,5
d102,c102,s110,p162,Kayunga,Ntenjeru,2019,Busaana Town Council,Namirembe Ward,Namirembe CU Primary School,Government,Female,Division U,1
d102,c102,s110,p162,Kayunga,Ntenjeru,2019,Busaana Town Council,Namirembe Ward,Namirembe CU Primary School,Government,Male,Division X,3
d102,c102,s110,p162,Kayunga,Ntenjeru,2019,Busaana Town Council,Namirembe Ward,Namirembe CU Primary School,Government,Female,Division X,0
d102,c102,s110,p159,Kayunga,Ntenjeru,2019,Busaana Town Council,Kasana Ward,Noble Hill Primary School,Private,Male,Division 1,0
d102,c102,s110,p159,Kayunga,Ntenjeru,2019,Busaana Town Council,Kasana Ward,Noble Hill Primary School,Private,Female,Division 1,0
d102,c102,s110,p159,Kayunga,Ntenjeru,2019,Busaana Town Council,Kasana Ward,Noble Hill Primary School,Private,Male,Division 2,15
d102,c102,s110,p159,Kayunga,Ntenjeru,2019,Busaana Town Council,Kasana Ward,Noble Hill Primary School,Private,Female,Division 2,18
d102,c102,s110,p159,Kayunga,Ntenjeru,2019,Busaana Town Council,Kasana Ward,Noble Hill Primary School,Private,Male,Division 3,10
d102,c102,s110,p159,Kayunga,Ntenjeru,2019,Busaana Town Council,Kasana Ward,Noble Hill Primary School,Private,Female,Division 3,16
d102,c102,s110,p159,Kayunga,Ntenjeru,2019,Busaana Town Council,Kasana Ward,Noble Hill Primary School,Private,Male,Division 4,5
d102,c102,s110,p159,Kayunga,Ntenjeru,2019,Busaana Town Council,Kasana Ward,Noble Hill Primary School,Private,Female,Division 4,4
d102,c102,s110,p159,Kayunga,Ntenjeru,2019,Busaana Town Council,Kasana Ward,Noble Hill Primary School,Private,Male,Division U,6
d102,c102,s110,p159,Kayunga,Ntenjeru,2019,Busaana Town Council,Kasana Ward,Noble Hill Primary School,Private,Female,Division U,6
d102,c102,s110,p159,Kayunga,Ntenjeru,2019,Busaana Town Council,Kasana Ward,Noble Hill Primary School,Private,Male,Division X,0
d102,c102,s110,p159,Kayunga,Ntenjeru,2019,Busaana Town Council,Kasana Ward,Noble Hill Primary School,Private,Female,Division X,0
d102,c102,s112,p166,Kayunga,Ntenjeru,2019,Kangulumira Town Council,Kangulumira Ward,Catherine Primary School,Private,Male,Division 1,1
d102,c102,s112,p166,Kayunga,Ntenjeru,2019,Kangulumira Town Council,Kangulumira Ward,Catherine Primary School,Private,Female,Division 1,0
d102,c102,s112,p166,Kayunga,Ntenjeru,2019,Kangulumira Town Council,Kangulumira Ward,Catherine Primary School,Private,Male,Division 2,7
d102,c102,s112,p166,Kayunga,Ntenjeru,2019,Kangulumira Town Council,Kangulumira Ward,Catherine Primary School,Private,Female,Division 2,7
d102,c102,s112,p166,Kayunga,Ntenjeru,2019,Kangulumira Town Council,Kangulumira Ward,Catherine Primary School,Private,Male,Division 3,0
d102,c102,s112,p166,Kayunga,Ntenjeru,2019,Kangulumira Town Council,Kangulumira Ward,Catherine Primary School,Private,Female,Division 3,0
d102,c102,s112,p166,Kayunga,Ntenjeru,2019,Kangulumira Town Council,Kangulumira Ward,Catherine Primary School,Private,Male,Division 4,0
d102,c102,s112,p166,Kayunga,Ntenjeru,2019,Kangulumira Town Council,Kangulumira Ward,Catherine Primary School,Private,Female,Division 4,0
d102,c102,s112,p166,Kayunga,Ntenjeru,2019,Kangulumira Town Council,Kangulumira Ward,Catherine Primary School,Private,Male,Division U,0
d102,c102,s112,p166,Kayunga,Ntenjeru,2019,Kangulumira Town Council,Kangulumira Ward,Catherine Primary School,Private,Female,Division U,0
d102,c102,s112,p166,Kayunga,Ntenjeru,2019,Kangulumira Town Council,Kangulumira Ward,Catherine Primary School,Private,Male,Division X,0
d102,c102,s112,p166,Kayunga,Ntenjeru,2019,Kangulumira Town Council,Kangulumira Ward,Catherine Primary School,Private,Female,Division X,0
d102,c102,s112,p168,Kayunga,Ntenjeru,2019,Kangulumira Town Council,Nakatundu Ward,Kamuli UMEA Primary School,Government,Male,Division 1,10
d102,c102,s112,p168,Kayunga,Ntenjeru,2019,Kangulumira Town Council,Nakatundu Ward,Kamuli UMEA Primary School,Government,Female,Division 1,3
d102,c102,s112,p168,Kayunga,Ntenjeru,2019,Kangulumira Town Council,Nakatundu Ward,Kamuli UMEA Primary School,Government,Male,Division 2,60
d102,c102,s112,p168,Kayunga,Ntenjeru,2019,Kangulumira Town Council,Nakatundu Ward,Kamuli UMEA Primary School,Government,Female,Division 2,26
d102,c102,s112,p168,Kayunga,Ntenjeru,2019,Kangulumira Town Council,Nakatundu Ward,Kamuli UMEA Primary School,Government,Male,Division 3,24
d102,c102,s112,p168,Kayunga,Ntenjeru,2019,Kangulumira Town Council,Nakatundu Ward,Kamuli UMEA Primary School,Government,Female,Division 3,15
d102,c102,s112,p168,Kayunga,Ntenjeru,2019,Kangulumira Town Council,Nakatundu Ward,Kamuli UMEA Primary School,Government,Male,Division 4,21
d102,c102,s112,p168,Kayunga,Ntenjeru,2019,Kangulumira Town Council,Nakatundu Ward,Kamuli UMEA Primary School,Government,Female,Division 4,21
d102,c102,s112,p168,Kayunga,Ntenjeru,2019,Kangulumira Town Council,Nakatundu Ward,Kamuli UMEA Primary School,Government,Male,Division U,9
d102,c102,s112,p168,Kayunga,Ntenjeru,2019,Kangulumira Town Council,Nakatundu Ward,Kamuli UMEA Primary School,Government,Female,Division U,10
d102,c102,s112,p168,Kayunga,Ntenjeru,2019,Kangulumira Town Council,Nakatundu Ward,Kamuli UMEA Primary School,Government,Male,Division X,3
d102,c102,s112,p168,Kayunga,Ntenjeru,2019,Kangulumira Town Council,Nakatundu Ward,Kamuli UMEA Primary School,Government,Female,Division X,2
d102,c102,s112,p166,Kayunga,Ntenjeru,2019,Kangulumira Town Council,Kangulumira Ward,Kangulumira CU Primary School,Government,Male,Division 1,11
d102,c102,s112,p166,Kayunga,Ntenjeru,2019,Kangulumira Town Council,Kangulumira Ward,Kangulumira CU Primary School,Government,Female,Division 1,6
d102,c102,s112,p166,Kayunga,Ntenjeru,2019,Kangulumira Town Council,Kangulumira Ward,Kangulumira CU Primary School,Government,Male,Division 2,11
d102,c102,s112,p166,Kayunga,Ntenjeru,2019,Kangulumira Town Council,Kangulumira Ward,Kangulumira CU Primary School,Government,Female,Division 2,18
d102,c102,s112,p166,Kayunga,Ntenjeru,2019,Kangulumira Town Council,Kangulumira Ward,Kangulumira CU Primary School,Government,Male,Division 3,5
d102,c102,s112,p166,Kayunga,Ntenjeru,2019,Kangulumira Town Council,Kangulumira Ward,Kangulumira CU Primary School,Government,Female,Division 3,4
d102,c102,s112,p166,Kayunga,Ntenjeru,2019,Kangulumira Town Council,Kangulumira Ward,Kangulumira CU Primary School,Government,Male,Division 4,3
d102,c102,s112,p166,Kayunga,Ntenjeru,2019,Kangulumira Town Council,Kangulumira Ward,Kangulumira CU Primary School,Government,Female,Division 4,0
d102,c102,s112,p166,Kayunga,Ntenjeru,2019,Kangulumira Town Council,Kangulumira Ward,Kangulumira CU Primary School,Government,Male,Division U,1
d102,c102,s112,p166,Kayunga,Ntenjeru,2019,Kangulumira Town Council,Kangulumira Ward,Kangulumira CU Primary School,Government,Female,Division U,0
d102,c102,s112,p166,Kayunga,Ntenjeru,2019,Kangulumira Town Council,Kangulumira Ward,Kangulumira CU Primary School,Government,Male,Division X,0
d102,c102,s112,p166,Kayunga,Ntenjeru,2019,Kangulumira Town Council,Kangulumira Ward,Kangulumira CU Primary School,Government,Female,Division X,0
d102,c102,s112,p166,Kayunga,Ntenjeru,2019,Kangulumira Town Council,Kangulumira Ward,Kangulumira Muslim Primary School,Government,Male,Division 1,2
d102,c102,s112,p166,Kayunga,Ntenjeru,2019,Kangulumira Town Council,Kangulumira Ward,Kangulumira Muslim Primary School,Government,Female,Division 1,1
d102,c102,s112,p166,Kayunga,Ntenjeru,2019,Kangulumira Town Council,Kangulumira Ward,Kangulumira Muslim Primary School,Government,Male,Division 2,38
d102,c102,s112,p166,Kayunga,Ntenjeru,2019,Kangulumira Town Council,Kangulumira Ward,Kangulumira Muslim Primary School,Government,Female,Division 2,20
d102,c102,s112,p166,Kayunga,Ntenjeru,2019,Kangulumira Town Council,Kangulumira Ward,Kangulumira Muslim Primary School,Government,Male,Division 3,13
d102,c102,s112,p166,Kayunga,Ntenjeru,2019,Kangulumira Town Council,Kangulumira Ward,Kangulumira Muslim Primary School,Government,Female,Division 3,14
d102,c102,s112,p166,Kayunga,Ntenjeru,2019,Kangulumira Town Council,Kangulumira Ward,Kangulumira Muslim Primary School,Government,Male,Division 4,13
d102,c102,s112,p166,Kayunga,Ntenjeru,2019,Kangulumira Town Council,Kangulumira Ward,Kangulumira Muslim Primary School,Government,Female,Division 4,5
d102,c102,s112,p166,Kayunga,Ntenjeru,2019,Kangulumira Town Council,Kangulumira Ward,Kangulumira Muslim Primary School,Government,Male,Division U,12
d102,c102,s112,p166,Kayunga,Ntenjeru,2019,Kangulumira Town Council,Kangulumira Ward,Kangulumira Muslim Primary School,Government,Female,Division U,8
d102,c102,s112,p166,Kayunga,Ntenjeru,2019,Kangulumira Town Council,Kangulumira Ward,Kangulumira Muslim Primary School,Government,Male,Division X,0
d102,c102,s112,p166,Kayunga,Ntenjeru,2019,Kangulumira Town Council,Kangulumira Ward,Kangulumira Muslim Primary School,Government,Female,Division X,0
d102,c102,s112,p166,Kayunga,Ntenjeru,2019,Kangulumira Town Council,Kangulumira Ward,Kangulumira RC Primary School,Government,Male,Division 1,7
d102,c102,s112,p166,Kayunga,Ntenjeru,2019,Kangulumira Town Council,Kangulumira Ward,Kangulumira RC Primary School,Government,Female,Division 1,7
d102,c102,s112,p166,Kayunga,Ntenjeru,2019,Kangulumira Town Council,Kangulumira Ward,Kangulumira RC Primary School,Government,Male,Division 2,31
d102,c102,s112,p166,Kayunga,Ntenjeru,2019,Kangulumira Town Council,Kangulumira Ward,Kangulumira RC Primary School,Government,Female,Division 2,25
d102,c102,s112,p166,Kayunga,Ntenjeru,2019,Kangulumira Town Council,Kangulumira Ward,Kangulumira RC Primary School,Government,Male,Division 3,5
d102,c102,s112,p166,Kayunga,Ntenjeru,2019,Kangulumira Town Council,Kangulumira Ward,Kangulumira RC Primary School,Government,Female,Division 3,5
d102,c102,s112,p166,Kayunga,Ntenjeru,2019,Kangulumira Town Council,Kangulumira Ward,Kangulumira RC Primary School,Government,Male,Division 4,3
d102,c102,s112,p166,Kayunga,Ntenjeru,2019,Kangulumira Town Council,Kangulumira Ward,Kangulumira RC Primary School,Government,Female,Division 4,0
d102,c102,s112,p166,Kayunga,Ntenjeru,2019,Kangulumira Town Council,Kangulumira Ward,Kangulumira RC Primary School,Government,Male,Division U,0
d102,c102,s112,p166,Kayunga,Ntenjeru,2019,Kangulumira Town Council,Kangulumira Ward,Kangulumira RC Primary School,Government,Female,Division U,0
d102,c102,s112,p166,Kayunga,Ntenjeru,2019,Kangulumira Town Council,Kangulumira Ward,Kangulumira RC Primary School,Government,Male,Division X,4
d102,c102,s112,p166,Kayunga,Ntenjeru,2019,Kangulumira Town Council,Kangulumira Ward,Kangulumira RC Primary School,Government,Female,Division X,0
d102,c102,s112,p166,Kayunga,Ntenjeru,2019,Kangulumira Town Council,Kangulumira Ward,Kasambya Moslem Primary School,Government,Male,Division 1,1
d102,c102,s112,p166,Kayunga,Ntenjeru,2019,Kangulumira Town Council,Kangulumira Ward,Kasambya Moslem Primary School,Government,Female,Division 1,0
d102,c102,s112,p166,Kayunga,Ntenjeru,2019,Kangulumira Town Council,Kangulumira Ward,Kasambya Moslem Primary School,Government,Male,Division 2,7
d102,c102,s112,p166,Kayunga,Ntenjeru,2019,Kangulumira Town Council,Kangulumira Ward,Kasambya Moslem Primary School,Government,Female,Division 2,7
d102,c102,s112,p166,Kayunga,Ntenjeru,2019,Kangulumira Town Council,Kangulumira Ward,Kasambya Moslem Primary School,Government,Male,Division 3,5
d102,c102,s112,p166,Kayunga,Ntenjeru,2019,Kangulumira Town Council,Kangulumira Ward,Kasambya Moslem Primary School,Government,Female,Division 3,4
d102,c102,s112,p166,Kayunga,Ntenjeru,2019,Kangulumira Town Council,Kangulumira Ward,Kasambya Moslem Primary School,Government,Male,Division 4,4
d102,c102,s112,p166,Kayunga,Ntenjeru,2019,Kangulumira Town Council,Kangulumira Ward,Kasambya Moslem Primary School,Government,Female,Division 4,1
d102,c102,s112,p166,Kayunga,Ntenjeru,2019,Kangulumira Town Council,Kangulumira Ward,Kasambya Moslem Primary School,Government,Male,Division U,1
d102,c102,s112,p166,Kayunga,Ntenjeru,2019,Kangulumira Town Council,Kangulumira Ward,Kasambya Moslem Primary School,Government,Female,Division U,1
d102,c102,s112,p166,Kayunga,Ntenjeru,2019,Kangulumira Town Council,Kangulumira Ward,Kasambya Moslem Primary School,Government,Male,Division X,0
d102,c102,s112,p166,Kayunga,Ntenjeru,2019,Kangulumira Town Council,Kangulumira Ward,Kasambya Moslem Primary School,Government,Female,Division X,0
d102,c102,s112,p167,Kayunga,Ntenjeru,2019,Kangulumira Town Council,Kigayaza Ward,Kigayaza CU Primary School,Government,Male,Division 1,0
d102,c102,s112,p167,Kayunga,Ntenjeru,2019,Kangulumira Town Council,Kigayaza Ward,Kigayaza CU Primary School,Government,Female,Division 1,0
d102,c102,s112,p167,Kayunga,Ntenjeru,2019,Kangulumira Town Council,Kigayaza Ward,Kigayaza CU Primary School,Government,Male,Division 2,6
d102,c102,s112,p167,Kayunga,Ntenjeru,2019,Kangulumira Town Council,Kigayaza Ward,Kigayaza CU Primary School,Government,Female,Division 2,5
d102,c102,s112,p167,Kayunga,Ntenjeru,2019,Kangulumira Town Council,Kigayaza Ward,Kigayaza CU Primary School,Government,Male,Division 3,5
d102,c102,s112,p167,Kayunga,Ntenjeru,2019,Kangulumira Town Council,Kigayaza Ward,Kigayaza CU Primary School,Government,Female,Division 3,3
d102,c102,s112,p167,Kayunga,Ntenjeru,2019,Kangulumira Town Council,Kigayaza Ward,Kigayaza CU Primary School,Government,Male,Division 4,0
d102,c102,s112,p167,Kayunga,Ntenjeru,2019,Kangulumira Town Council,Kigayaza Ward,Kigayaza CU Primary School,Government,Female,Division 4,2
d102,c102,s112,p167,Kayunga,Ntenjeru,2019,Kangulumira Town Council,Kigayaza Ward,Kigayaza CU Primary School,Government,Male,Division U,2
d102,c102,s112,p167,Kayunga,Ntenjeru,2019,Kangulumira Town Council,Kigayaza Ward,Kigayaza CU Primary School,Government,Female,Division U,1
d102,c102,s112,p167,Kayunga,Ntenjeru,2019,Kangulumira Town Council,Kigayaza Ward,Kigayaza CU Primary School,Government,Male,Division X,0
d102,c102,s112,p167,Kayunga,Ntenjeru,2019,Kangulumira Town Council,Kigayaza Ward,Kigayaza CU Primary School,Government,Female,Division X,1
d102,c102,s112,p166,Kayunga,Ntenjeru,2019,Kangulumira Town Council,Kangulumira Ward,New ABC Devine Foundation,Private,Male,Division 1,33
d102,c102,s112,p166,Kayunga,Ntenjeru,2019,Kangulumira Town Council,Kangulumira Ward,New ABC Devine Foundation,Private,Female,Division 1,20
d102,c102,s112,p166,Kayunga,Ntenjeru,2019,Kangulumira Town Council,Kangulumira Ward,New ABC Devine Foundation,Private,Male,Division 2,60
d102,c102,s112,p166,Kayunga,Ntenjeru,2019,Kangulumira Town Council,Kangulumira Ward,New ABC Devine Foundation,Private,Female,Division 2,74
d102,c102,s112,p166,Kayunga,Ntenjeru,2019,Kangulumira Town Council,Kangulumira Ward,New ABC Devine Foundation,Private,Male,Division 3,1
d102,c102,s112,p166,Kayunga,Ntenjeru,2019,Kangulumira Town Council,Kangulumira Ward,New ABC Devine Foundation,Private,Female,Division 3,1
d102,c102,s112,p166,Kayunga,Ntenjeru,2019,Kangulumira Town Council,Kangulumira Ward,New ABC Devine Foundation,Private,Male,Division 4,2
d102,c102,s112,p166,Kayunga,Ntenjeru,2019,Kangulumira Town Council,Kangulumira Ward,New ABC Devine Foundation,Private,Female,Division 4,0
d102,c102,s112,p166,Kayunga,Ntenjeru,2019,Kangulumira Town Council,Kangulumira Ward,New ABC Devine Foundation,Private,Male,Division U,0
d102,c102,s112,p166,Kayunga,Ntenjeru,2019,Kangulumira Town Council,Kangulumira Ward,New ABC Devine Foundation,Private,Female,Division U,0
d102,c102,s112,p166,Kayunga,Ntenjeru,2019,Kangulumira Town Council,Kangulumira Ward,New ABC Devine Foundation,Private,Male,Division X,1
d102,c102,s112,p166,Kayunga,Ntenjeru,2019,Kangulumira Town Council,Kangulumira Ward,New ABC Devine Foundation,Private,Female,Division X,1
d102,c102,s112,p168,Kayunga,Ntenjeru,2019,Kangulumira Town Council,Nakatundu Ward,Nongo CU Primary School Kangulumira,Government,Male,Division 1,0
d102,c102,s112,p168,Kayunga,Ntenjeru,2019,Kangulumira Town Council,Nakatundu Ward,Nongo CU Primary School Kangulumira,Government,Female,Division 1,0
d102,c102,s112,p168,Kayunga,Ntenjeru,2019,Kangulumira Town Council,Nakatundu Ward,Nongo CU Primary School Kangulumira,Government,Male,Division 2,0
d102,c102,s112,p168,Kayunga,Ntenjeru,2019,Kangulumira Town Council,Nakatundu Ward,Nongo CU Primary School Kangulumira,Government,Female,Division 2,1
d102,c102,s112,p168,Kayunga,Ntenjeru,2019,Kangulumira Town Council,Nakatundu Ward,Nongo CU Primary School Kangulumira,Government,Male,Division 3,2
d102,c102,s112,p168,Kayunga,Ntenjeru,2019,Kangulumira Town Council,Nakatundu Ward,Nongo CU Primary School Kangulumira,Government,Female,Division 3,0
d102,c102,s112,p168,Kayunga,Ntenjeru,2019,Kangulumira Town Council,Nakatundu Ward,Nongo CU Primary School Kangulumira,Government,Male,Division 4,0
d102,c102,s112,p168,Kayunga,Ntenjeru,2019,Kangulumira Town Council,Nakatundu Ward,Nongo CU Primary School Kangulumira,Government,Female,Division 4,2
d102,c102,s112,p168,Kayunga,Ntenjeru,2019,Kangulumira Town Council,Nakatundu Ward,Nongo CU Primary School Kangulumira,Government,Male,Division U,4
d102,c102,s112,p168,Kayunga,Ntenjeru,2019,Kangulumira Town Council,Nakatundu Ward,Nongo CU Primary School Kangulumira,Government,Female,Division U,4
d102,c102,s112,p168,Kayunga,Ntenjeru,2019,Kangulumira Town Council,Nakatundu Ward,Nongo CU Primary School Kangulumira,Government,Male,Division X,1
d102,c102,s112,p168,Kayunga,Ntenjeru,2019,Kangulumira Town Council,Nakatundu Ward,Nongo CU Primary School Kangulumira,Government,Female,Division X,1
d102,c102,s112,p168,Kayunga,Ntenjeru,2019,Kangulumira Town Council,Nakatundu Ward,St Marys Child Empowerment Primary School,Private,Male,Division 1,0
d102,c102,s112,p168,Kayunga,Ntenjeru,2019,Kangulumira Town Council,Nakatundu Ward,St Marys Child Empowerment Primary School,Private,Female,Division 1,0
d102,c102,s112,p168,Kayunga,Ntenjeru,2019,Kangulumira Town Council,Nakatundu Ward,St Marys Child Empowerment Primary School,Private,Male,Division 2,6
d102,c102,s112,p168,Kayunga,Ntenjeru,2019,Kangulumira Town Council,Nakatundu Ward,St Marys Child Empowerment Primary School,Private,Female,Division 2,6
d102,c102,s112,p168,Kayunga,Ntenjeru,2019,Kangulumira Town Council,Nakatundu Ward,St Marys Child Empowerment Primary School,Private,Male,Division 3,2
d102,c102,s112,p168,Kayunga,Ntenjeru,2019,Kangulumira Town Council,Nakatundu Ward,St Marys Child Empowerment Primary School,Private,Female,Division 3,2
d102,c102,s112,p168,Kayunga,Ntenjeru,2019,Kangulumira Town Council,Nakatundu Ward,St Marys Child Empowerment Primary School,Private,Male,Division 4,2
d102,c102,s112,p168,Kayunga,Ntenjeru,2019,Kangulumira Town Council,Nakatundu Ward,St Marys Child Empowerment Primary School,Private,Female,Division 4,2
d102,c102,s112,p168,Kayunga,Ntenjeru,2019,Kangulumira Town Council,Nakatundu Ward,St Marys Child Empowerment Primary School,Private,Male,Division U,5
d102,c102,s112,p168,Kayunga,Ntenjeru,2019,Kangulumira Town Council,Nakatundu Ward,St Marys Child Empowerment Primary School,Private,Female,Division U,0
d102,c102,s112,p168,Kayunga,Ntenjeru,2019,Kangulumira Town Council,Nakatundu Ward,St Marys Child Empowerment Primary School,Private,Male,Division X,0
d102,c102,s112,p168,Kayunga,Ntenjeru,2019,Kangulumira Town Council,Nakatundu Ward,St Marys Child Empowerment Primary School,Private,Female,Division X,0
d102,c101,s113,p171,Kayunga,Bbaale,2019,Kitimbwa Town Council,Wabuyinja Ward,Kitimbwa CU Primary School,Government,Male,Division 1,0
d102,c101,s113,p171,Kayunga,Bbaale,2019,Kitimbwa Town Council,Wabuyinja Ward,Kitimbwa CU Primary School,Government,Female,Division 1,0
d102,c101,s113,p171,Kayunga,Bbaale,2019,Kitimbwa Town Council,Wabuyinja Ward,Kitimbwa CU Primary School,Government,Male,Division 2,4
d102,c101,s113,p171,Kayunga,Bbaale,2019,Kitimbwa Town Council,Wabuyinja Ward,Kitimbwa CU Primary School,Government,Female,Division 2,3
d102,c101,s113,p171,Kayunga,Bbaale,2019,Kitimbwa Town Council,Wabuyinja Ward,Kitimbwa CU Primary School,Government,Male,Division 3,5
d102,c101,s113,p171,Kayunga,Bbaale,2019,Kitimbwa Town Council,Wabuyinja Ward,Kitimbwa CU Primary School,Government,Female,Division 3,6
d102,c101,s113,p171,Kayunga,Bbaale,2019,Kitimbwa Town Council,Wabuyinja Ward,Kitimbwa CU Primary School,Government,Male,Division 4,3
d102,c101,s113,p171,Kayunga,Bbaale,2019,Kitimbwa Town Council,Wabuyinja Ward,Kitimbwa CU Primary School,Government,Female,Division 4,7
d102,c101,s113,p171,Kayunga,Bbaale,2019,Kitimbwa Town Council,Wabuyinja Ward,Kitimbwa CU Primary School,Government,Male,Division U,5
d102,c101,s113,p171,Kayunga,Bbaale,2019,Kitimbwa Town Council,Wabuyinja Ward,Kitimbwa CU Primary School,Government,Female,Division U,5
d102,c101,s113,p171,Kayunga,Bbaale,2019,Kitimbwa Town Council,Wabuyinja Ward,Kitimbwa CU Primary School,Government,Male,Division X,0
d102,c101,s113,p171,Kayunga,Bbaale,2019,Kitimbwa Town Council,Wabuyinja Ward,Kitimbwa CU Primary School,Government,Female,Division X,0
d102,c101,s113,p171,Kayunga,Bbaale,2019,Kitimbwa Town Council,Wabuyinja Ward,Kitimbwa Light SDA Primary School,Government,Male,Division 1,0
d102,c101,s113,p171,Kayunga,Bbaale,2019,Kitimbwa Town Council,Wabuyinja Ward,Kitimbwa Light SDA Primary School,Government,Female,Division 1,1
d102,c101,s113,p171,Kayunga,Bbaale,2019,Kitimbwa Town Council,Wabuyinja Ward,Kitimbwa Light SDA Primary School,Government,Male,Division 2,21
d102,c101,s113,p171,Kayunga,Bbaale,2019,Kitimbwa Town Council,Wabuyinja Ward,Kitimbwa Light SDA Primary School,Government,Female,Division 2,18
d102,c101,s113,p171,Kayunga,Bbaale,2019,Kitimbwa Town Council,Wabuyinja Ward,Kitimbwa Light SDA Primary School,Government,Male,Division 3,10
d102,c101,s113,p171,Kayunga,Bbaale,2019,Kitimbwa Town Council,Wabuyinja Ward,Kitimbwa Light SDA Primary School,Government,Female,Division 3,6
d102,c101,s113,p171,Kayunga,Bbaale,2019,Kitimbwa Town Council,Wabuyinja Ward,Kitimbwa Light SDA Primary School,Government,Male,Division 4,2
d102,c101,s113,p171,Kayunga,Bbaale,2019,Kitimbwa Town Council,Wabuyinja Ward,Kitimbwa Light SDA Primary School,Government,Female,Division 4,6
d102,c101,s113,p171,Kayunga,Bbaale,2019,Kitimbwa Town Council,Wabuyinja Ward,Kitimbwa Light SDA Primary School,Government,Male,Division U,1
d102,c101,s113,p171,Kayunga,Bbaale,2019,Kitimbwa Town Council,Wabuyinja Ward,Kitimbwa Light SDA Primary School,Government,Female,Division U,1
d102,c101,s113,p171,Kayunga,Bbaale,2019,Kitimbwa Town Council,Wabuyinja Ward,Kitimbwa Light SDA Primary School,Government,Male,Division X,0
d102,c101,s113,p171,Kayunga,Bbaale,2019,Kitimbwa Town Council,Wabuyinja Ward,Kitimbwa Light SDA Primary School,Government,Female,Division X,1
d102,c101,s113,p171,Kayunga,Bbaale,2019,Kitimbwa Town Council,Wabuyinja Ward,Kitimbwa RC Primary School,Government,Male,Division 1,0
d102,c101,s113,p171,Kayunga,Bbaale,2019,Kitimbwa Town Council,Wabuyinja Ward,Kitimbwa RC Primary School,Government,Female,Division 1,0
d102,c101,s113,p171,Kayunga,Bbaale,2019,Kitimbwa Town Council,Wabuyinja Ward,Kitimbwa RC Primary School,Government,Male,Division 2,8
d102,c101,s113,p171,Kayunga,Bbaale,2019,Kitimbwa Town Council,Wabuyinja Ward,Kitimbwa RC Primary School,Government,Female,Division 2,4
d102,c101,s113,p171,Kayunga,Bbaale,2019,Kitimbwa Town Council,Wabuyinja Ward,Kitimbwa RC Primary School,Government,Male,Division 3,10
d102,c101,s113,p171,Kayunga,Bbaale,2019,Kitimbwa Town Council,Wabuyinja Ward,Kitimbwa RC Primary School,Government,Female,Division 3,9
d102,c101,s113,p171,Kayunga,Bbaale,2019,Kitimbwa Town Council,Wabuyinja Ward,Kitimbwa RC Primary School,Government,Male,Division 4,2
d102,c101,s113,p171,Kayunga,Bbaale,2019,Kitimbwa Town Council,Wabuyinja Ward,Kitimbwa RC Primary School,Government,Female,Division 4,1
d102,c101,s113,p171,Kayunga,Bbaale,2019,Kitimbwa Town Council,Wabuyinja Ward,Kitimbwa RC Primary School,Government,Male,Division U,2
d102,c101,s113,p171,Kayunga,Bbaale,2019,Kitimbwa Town Council,Wabuyinja Ward,Kitimbwa RC Primary School,Government,Female,Division U,2
d102,c101,s113,p171,Kayunga,Bbaale,2019,Kitimbwa Town Council,Wabuyinja Ward,Kitimbwa RC Primary School,Government,Male,Division X,0
d102,c101,s113,p171,Kayunga,Bbaale,2019,Kitimbwa Town Council,Wabuyinja Ward,Kitimbwa RC Primary School,Government,Female,Division X,0
d102,c101,s113,p171,Kayunga,Bbaale,2019,Kitimbwa Town Council,Wabuyinja Ward,Kitimbwa UMEA Primary School,Government,Male,Division 1,0
d102,c101,s113,p171,Kayunga,Bbaale,2019,Kitimbwa Town Council,Wabuyinja Ward,Kitimbwa UMEA Primary School,Government,Female,Division 1,0
d102,c101,s113,p171,Kayunga,Bbaale,2019,Kitimbwa Town Council,Wabuyinja Ward,Kitimbwa UMEA Primary School,Government,Male,Division 2,3
d102,c101,s113,p171,Kayunga,Bbaale,2019,Kitimbwa Town Council,Wabuyinja Ward,Kitimbwa UMEA Primary School,Government,Female,Division 2,1
d102,c101,s113,p171,Kayunga,Bbaale,2019,Kitimbwa Town Council,Wabuyinja Ward,Kitimbwa UMEA Primary School,Government,Male,Division 3,4
d102,c101,s113,p171,Kayunga,Bbaale,2019,Kitimbwa Town Council,Wabuyinja Ward,Kitimbwa UMEA Primary School,Government,Female,Division 3,2
d102,c101,s113,p171,Kayunga,Bbaale,2019,Kitimbwa Town Council,Wabuyinja Ward,Kitimbwa UMEA Primary School,Government,Male,Division 4,2
d102,c101,s113,p171,Kayunga,Bbaale,2019,Kitimbwa Town Council,Wabuyinja Ward,Kitimbwa UMEA Primary School,Government,Female,Division 4,1
d102,c101,s113,p171,Kayunga,Bbaale,2019,Kitimbwa Town Council,Wabuyinja Ward,Kitimbwa UMEA Primary School,Government,Male,Division U,3
d102,c101,s113,p171,Kayunga,Bbaale,2019,Kitimbwa Town Council,Wabuyinja Ward,Kitimbwa UMEA Primary School,Government,Female,Division U,3
d102,c101,s113,p171,Kayunga,Bbaale,2019,Kitimbwa Town Council,Wabuyinja Ward,Kitimbwa UMEA Primary School,Government,Male,Division X,0
d102,c101,s113,p171,Kayunga,Bbaale,2019,Kitimbwa Town Council,Wabuyinja Ward,Kitimbwa UMEA Primary School,Government,Female,Division X,1
d102,c101,s113,p169,Kayunga,Bbaale,2019,Kitimbwa Town Council,Kyerima Ward,Kyerima CU Primary School,Government,Male,Division 1,0
d102,c101,s113,p169,Kayunga,Bbaale,2019,Kitimbwa Town Council,Kyerima Ward,Kyerima CU Primary School,Government,Female,Division 1,0
d102,c101,s113,p169,Kayunga,Bbaale,2019,Kitimbwa Town Council,Kyerima Ward,Kyerima CU Primary School,Government,Male,Division 2,7
d102,c101,s113,p169,Kayunga,Bbaale,2019,Kitimbwa Town Council,Kyerima Ward,Kyerima CU Primary School,Government,Female,Division 2,4
d102,c101,s113,p169,Kayunga,Bbaale,2019,Kitimbwa Town Council,Kyerima Ward,Kyerima CU Primary School,Government,Male,Division 3,10
d102,c101,s113,p169,Kayunga,Bbaale,2019,Kitimbwa Town Council,Kyerima Ward,Kyerima CU Primary School,Government,Female,Division 3,9
d102,c101,s113,p169,Kayunga,Bbaale,2019,Kitimbwa Town Council,Kyerima Ward,Kyerima CU Primary School,Government,Male,Division 4,6
d102,c101,s113,p169,Kayunga,Bbaale,2019,Kitimbwa Town Council,Kyerima Ward,Kyerima CU Primary School,Government,Female,Division 4,6
d102,c101,s113,p169,Kayunga,Bbaale,2019,Kitimbwa Town Council,Kyerima Ward,Kyerima CU Primary School,Government,Male,Division U,4
d102,c101,s113,p169,Kayunga,Bbaale,2019,Kitimbwa Town Council,Kyerima Ward,Kyerima CU Primary School,Government,Female,Division U,3
d102,c101,s113,p169,Kayunga,Bbaale,2019,Kitimbwa Town Council,Kyerima Ward,Kyerima CU Primary School,Government,Male,Division X,0
d102,c101,s113,p169,Kayunga,Bbaale,2019,Kitimbwa Town Council,Kyerima Ward,Kyerima CU Primary School,Government,Female,Division X,0
d102,c101,s113,p169,Kayunga,Bbaale,2019,Kitimbwa Town Council,Kyerima Ward,Kyerima UMEA Primary School,Government,Male,Division 1,1
d102,c101,s113,p169,Kayunga,Bbaale,2019,Kitimbwa Town Council,Kyerima Ward,Kyerima UMEA Primary School,Government,Female,Division 1,0
d102,c101,s113,p169,Kayunga,Bbaale,2019,Kitimbwa Town Council,Kyerima Ward,Kyerima UMEA Primary School,Government,Male,Division 2,17
d102,c101,s113,p169,Kayunga,Bbaale,2019,Kitimbwa Town Council,Kyerima Ward,Kyerima UMEA Primary School,Government,Female,Division 2,10
d102,c101,s113,p169,Kayunga,Bbaale,2019,Kitimbwa Town Council,Kyerima Ward,Kyerima UMEA Primary School,Government,Male,Division 3,5
d102,c101,s113,p169,Kayunga,Bbaale,2019,Kitimbwa Town Council,Kyerima Ward,Kyerima UMEA Primary School,Government,Female,Division 3,4
d102,c101,s113,p169,Kayunga,Bbaale,2019,Kitimbwa Town Council,Kyerima Ward,Kyerima UMEA Primary School,Government,Male,Division 4,1
d102,c101,s113,p169,Kayunga,Bbaale,2019,Kitimbwa Town Council,Kyerima Ward,Kyerima UMEA Primary School,Government,Female,Division 4,1
d102,c101,s113,p169,Kayunga,Bbaale,2019,Kitimbwa Town Council,Kyerima Ward,Kyerima UMEA Primary School,Government,Male,Division U,0
d102,c101,s113,p169,Kayunga,Bbaale,2019,Kitimbwa Town Council,Kyerima Ward,Kyerima UMEA Primary School,Government,Female,Division U,0
d102,c101,s113,p169,Kayunga,Bbaale,2019,Kitimbwa Town Council,Kyerima Ward,Kyerima UMEA Primary School,Government,Male,Division X,0
d102,c101,s113,p169,Kayunga,Bbaale,2019,Kitimbwa Town Council,Kyerima Ward,Kyerima UMEA Primary School,Government,Female,Division X,0
d102,c101,s113,p171,Kayunga,Bbaale,2019,Kitimbwa Town Council,Wabuyinja Ward,Kyetume High Primary School,Government,Male,Division 1,1
d102,c101,s113,p171,Kayunga,Bbaale,2019,Kitimbwa Town Council,Wabuyinja Ward,Kyetume High Primary School,Government,Female,Division 1,0
d102,c101,s113,p171,Kayunga,Bbaale,2019,Kitimbwa Town Council,Wabuyinja Ward,Kyetume High Primary School,Government,Male,Division 2,11
d102,c101,s113,p171,Kayunga,Bbaale,2019,Kitimbwa Town Council,Wabuyinja Ward,Kyetume High Primary School,Government,Female,Division 2,17
d102,c101,s113,p171,Kayunga,Bbaale,2019,Kitimbwa Town Council,Wabuyinja Ward,Kyetume High Primary School,Government,Male,Division 3,6
d102,c101,s113,p171,Kayunga,Bbaale,2019,Kitimbwa Town Council,Wabuyinja Ward,Kyetume High Primary School,Government,Female,Division 3,10
d102,c101,s113,p171,Kayunga,Bbaale,2019,Kitimbwa Town Council,Wabuyinja Ward,Kyetume High Primary School,Government,Male,Division 4,10
d102,c101,s113,p171,Kayunga,Bbaale,2019,Kitimbwa Town Council,Wabuyinja Ward,Kyetume High Primary School,Government,Female,Division 4,8
d102,c101,s113,p171,Kayunga,Bbaale,2019,Kitimbwa Town Council,Wabuyinja Ward,Kyetume High Primary School,Government,Male,Division U,20
d102,c101,s113,p171,Kayunga,Bbaale,2019,Kitimbwa Town Council,Wabuyinja Ward,Kyetume High Primary School,Government,Female,Division U,3
d102,c101,s113,p171,Kayunga,Bbaale,2019,Kitimbwa Town Council,Wabuyinja Ward,Kyetume High Primary School,Government,Male,Division X,0
d102,c101,s113,p171,Kayunga,Bbaale,2019,Kitimbwa Town Council,Wabuyinja Ward,Kyetume High Primary School,Government,Female,Division X,1
d102,c101,s113,p171,Kayunga,Bbaale,2019,Kitimbwa Town Council,Wabuyinja Ward,Kyetume Kabaganda Primary School,Government,Male,Division 1,0
d102,c101,s113,p171,Kayunga,Bbaale,2019,Kitimbwa Town Council,Wabuyinja Ward,Kyetume Kabaganda Primary School,Government,Female,Division 1,0
d102,c101,s113,p171,Kayunga,Bbaale,2019,Kitimbwa Town Council,Wabuyinja Ward,Kyetume Kabaganda Primary School,Government,Male,Division 2,7
d102,c101,s113,p171,Kayunga,Bbaale,2019,Kitimbwa Town Council,Wabuyinja Ward,Kyetume Kabaganda Primary School,Government,Female,Division 2,8
d102,c101,s113,p171,Kayunga,Bbaale,2019,Kitimbwa Town Council,Wabuyinja Ward,Kyetume Kabaganda Primary School,Government,Male,Division 3,2
d102,c101,s113,p171,Kayunga,Bbaale,2019,Kitimbwa Town Council,Wabuyinja Ward,Kyetume Kabaganda Primary School,Government,Female,Division 3,1
d102,c101,s113,p171,Kayunga,Bbaale,2019,Kitimbwa Town Council,Wabuyinja Ward,Kyetume Kabaganda Primary School,Government,Male,Division 4,0
d102,c101,s113,p171,Kayunga,Bbaale,2019,Kitimbwa Town Council,Wabuyinja Ward,Kyetume Kabaganda Primary School,Government,Female,Division 4,1
d102,c101,s113,p171,Kayunga,Bbaale,2019,Kitimbwa Town Council,Wabuyinja Ward,Kyetume Kabaganda Primary School,Government,Male,Division U,5
d102,c101,s113,p171,Kayunga,Bbaale,2019,Kitimbwa Town Council,Wabuyinja Ward,Kyetume Kabaganda Primary School,Government,Female,Division U,4
d102,c101,s113,p171,Kayunga,Bbaale,2019,Kitimbwa Town Council,Wabuyinja Ward,Kyetume Kabaganda Primary School,Government,Male,Division X,0
d102,c101,s113,p171,Kayunga,Bbaale,2019,Kitimbwa Town Council,Wabuyinja Ward,Kyetume Kabaganda Primary School,Government,Female,Division X,1
d102,c101,s101,p123,Kayunga,Bbaale,2018,Galiraya,Galiraya,Galiraya CU Primary School,Government,Male,Division 1,0
d102,c101,s101,p123,Kayunga,Bbaale,2018,Galiraya,Galiraya,Galiraya CU Primary School,Government,Female,Division 1,0
d102,c101,s101,p123,Kayunga,Bbaale,2018,Galiraya,Galiraya,Galiraya CU Primary School,Government,Male,Division 2,15
d102,c101,s101,p123,Kayunga,Bbaale,2018,Galiraya,Galiraya,Galiraya CU Primary School,Government,Female,Division 2,16
d102,c101,s101,p123,Kayunga,Bbaale,2018,Galiraya,Galiraya,Galiraya CU Primary School,Government,Male,Division 3,12
d102,c101,s101,p123,Kayunga,Bbaale,2018,Galiraya,Galiraya,Galiraya CU Primary School,Government,Female,Division 3,21
d102,c101,s101,p123,Kayunga,Bbaale,2018,Galiraya,Galiraya,Galiraya CU Primary School,Government,Male,Division 4,7
d102,c101,s101,p123,Kayunga,Bbaale,2018,Galiraya,Galiraya,Galiraya CU Primary School,Government,Female,Division 4,9
d102,c101,s101,p123,Kayunga,Bbaale,2018,Galiraya,Galiraya,Galiraya CU Primary School,Government,Male,Division U,3
d102,c101,s101,p123,Kayunga,Bbaale,2018,Galiraya,Galiraya,Galiraya CU Primary School,Government,Female,Division U,3
d102,c101,s101,p123,Kayunga,Bbaale,2018,Galiraya,Galiraya,Galiraya CU Primary School,Government,Male,Division X,3
d102,c101,s101,p123,Kayunga,Bbaale,2018,Galiraya,Galiraya,Galiraya CU Primary School,Government,Female,Division X,4
d102,c101,s101,p125,Kayunga,Bbaale,2018,Galiraya,Kasokwe,Kasokwe CU Primary School,Government,Male,Division 1,2
d102,c101,s101,p125,Kayunga,Bbaale,2018,Galiraya,Kasokwe,Kasokwe CU Primary School,Government,Female,Division 1,1
d102,c101,s101,p125,Kayunga,Bbaale,2018,Galiraya,Kasokwe,Kasokwe CU Primary School,Government,Male,Division 2,12
d102,c101,s101,p125,Kayunga,Bbaale,2018,Galiraya,Kasokwe,Kasokwe CU Primary School,Government,Female,Division 2,25
d102,c101,s101,p125,Kayunga,Bbaale,2018,Galiraya,Kasokwe,Kasokwe CU Primary School,Government,Male,Division 3,9
d102,c101,s101,p125,Kayunga,Bbaale,2018,Galiraya,Kasokwe,Kasokwe CU Primary School,Government,Female,Division 3,8
d102,c101,s101,p125,Kayunga,Bbaale,2018,Galiraya,Kasokwe,Kasokwe CU Primary School,Government,Male,Division 4,7
d102,c101,s101,p125,Kayunga,Bbaale,2018,Galiraya,Kasokwe,Kasokwe CU Primary School,Government,Female,Division 4,7
d102,c101,s101,p125,Kayunga,Bbaale,2018,Galiraya,Kasokwe,Kasokwe CU Primary School,Government,Male,Division U,12
d102,c101,s101,p125,Kayunga,Bbaale,2018,Galiraya,Kasokwe,Kasokwe CU Primary School,Government,Female,Division U,9
d102,c101,s101,p125,Kayunga,Bbaale,2018,Galiraya,Kasokwe,Kasokwe CU Primary School,Government,Male,Division X,2
d102,c101,s101,p125,Kayunga,Bbaale,2018,Galiraya,Kasokwe,Kasokwe CU Primary School,Government,Female,Division X,1
d102,c101,s101,p127,Kayunga,Bbaale,2018,Galiraya,Kirasa,Kirasa CU Primary School,Government,Male,Division 1,0
d102,c101,s101,p127,Kayunga,Bbaale,2018,Galiraya,Kirasa,Kirasa CU Primary School,Government,Female,Division 1,0
d102,c101,s101,p127,Kayunga,Bbaale,2018,Galiraya,Kirasa,Kirasa CU Primary School,Government,Male,Division 2,3
d102,c101,s101,p127,Kayunga,Bbaale,2018,Galiraya,Kirasa,Kirasa CU Primary School,Government,Female,Division 2,5
d102,c101,s101,p127,Kayunga,Bbaale,2018,Galiraya,Kirasa,Kirasa CU Primary School,Government,Male,Division 3,9
d102,c101,s101,p127,Kayunga,Bbaale,2018,Galiraya,Kirasa,Kirasa CU Primary School,Government,Female,Division 3,5
d102,c101,s101,p127,Kayunga,Bbaale,2018,Galiraya,Kirasa,Kirasa CU Primary School,Government,Male,Division 4,6
d102,c101,s101,p127,Kayunga,Bbaale,2018,Galiraya,Kirasa,Kirasa CU Primary School,Government,Female,Division 4,5
d102,c101,s101,p127,Kayunga,Bbaale,2018,Galiraya,Kirasa,Kirasa CU Primary School,Government,Male,Division U,6
d102,c101,s101,p127,Kayunga,Bbaale,2018,Galiraya,Kirasa,Kirasa CU Primary School,Government,Female,Division U,2
d102,c101,s101,p127,Kayunga,Bbaale,2018,Galiraya,Kirasa,Kirasa CU Primary School,Government,Male,Division X,0
d102,c101,s101,p127,Kayunga,Bbaale,2018,Galiraya,Kirasa,Kirasa CU Primary School,Government,Female,Division X,0
d102,c101,s101,p126,Kayunga,Bbaale,2018,Galiraya,Namayuge,Nakatuli RC Primary School,Government,Male,Division 1,0
d102,c101,s101,p126,Kayunga,Bbaale,2018,Galiraya,Namayuge,Nakatuli RC Primary School,Government,Female,Division 1,0
d102,c101,s101,p126,Kayunga,Bbaale,2018,Galiraya,Namayuge,Nakatuli RC Primary School,Government,Male,Division 2,0
d102,c101,s101,p126,Kayunga,Bbaale,2018,Galiraya,Namayuge,Nakatuli RC Primary School,Government,Female,Division 2,1
d102,c101,s101,p126,Kayunga,Bbaale,2018,Galiraya,Namayuge,Nakatuli RC Primary School,Government,Male,Division 3,4
d102,c101,s101,p126,Kayunga,Bbaale,2018,Galiraya,Namayuge,Nakatuli RC Primary School,Government,Female,Division 3,2
d102,c101,s101,p126,Kayunga,Bbaale,2018,Galiraya,Namayuge,Nakatuli RC Primary School,Government,Male,Division 4,3
d102,c101,s101,p126,Kayunga,Bbaale,2018,Galiraya,Namayuge,Nakatuli RC Primary School,Government,Female,Division 4,2
d102,c101,s101,p126,Kayunga,Bbaale,2018,Galiraya,Namayuge,Nakatuli RC Primary School,Government,Male,Division U,7
d102,c101,s101,p126,Kayunga,Bbaale,2018,Galiraya,Namayuge,Nakatuli RC Primary School,Government,Female,Division U,5
d102,c101,s101,p126,Kayunga,Bbaale,2018,Galiraya,Namayuge,Nakatuli RC Primary School,Government,Male,Division X,0
d102,c101,s101,p126,Kayunga,Bbaale,2018,Galiraya,Namayuge,Nakatuli RC Primary School,Government,Female,Division X,0
d102,c101,s101,p124,Kayunga,Bbaale,2018,Galiraya,Namalere,Namalere Primary School,Government,Male,Division 1,2
d102,c101,s101,p124,Kayunga,Bbaale,2018,Galiraya,Namalere,Namalere Primary School,Government,Female,Division 1,1
d102,c101,s101,p124,Kayunga,Bbaale,2018,Galiraya,Namalere,Namalere Primary School,Government,Male,Division 2,19
d102,c101,s101,p124,Kayunga,Bbaale,2018,Galiraya,Namalere,Namalere Primary School,Government,Female,Division 2,12
d102,c101,s101,p124,Kayunga,Bbaale,2018,Galiraya,Namalere,Namalere Primary School,Government,Male,Division 3,7
d102,c101,s101,p124,Kayunga,Bbaale,2018,Galiraya,Namalere,Namalere Primary School,Government,Female,Division 3,9
d102,c101,s101,p124,Kayunga,Bbaale,2018,Galiraya,Namalere,Namalere Primary School,Government,Male,Division 4,0
d102,c101,s101,p124,Kayunga,Bbaale,2018,Galiraya,Namalere,Namalere Primary School,Government,Female,Division 4,2
d102,c101,s101,p124,Kayunga,Bbaale,2018,Galiraya,Namalere,Namalere Primary School,Government,Male,Division U,0
d102,c101,s101,p124,Kayunga,Bbaale,2018,Galiraya,Namalere,Namalere Primary School,Government,Female,Division U,0
d102,c101,s101,p124,Kayunga,Bbaale,2018,Galiraya,Namalere,Namalere Primary School,Government,Male,Division X,1
d102,c101,s101,p124,Kayunga,Bbaale,2018,Galiraya,Namalere,Namalere Primary School,Government,Female,Division X,1
d102,c101,s101,p126,Kayunga,Bbaale,2018,Galiraya,Namayuge,Namayuge Primary School,Government,Male,Division 1,0
d102,c101,s101,p126,Kayunga,Bbaale,2018,Galiraya,Namayuge,Namayuge Primary School,Government,Female,Division 1,0
d102,c101,s101,p126,Kayunga,Bbaale,2018,Galiraya,Namayuge,Namayuge Primary School,Government,Male,Division 2,7
d102,c101,s101,p126,Kayunga,Bbaale,2018,Galiraya,Namayuge,Namayuge Primary School,Government,Female,Division 2,10
d102,c101,s101,p126,Kayunga,Bbaale,2018,Galiraya,Namayuge,Namayuge Primary School,Government,Male,Division 3,7
d102,c101,s101,p126,Kayunga,Bbaale,2018,Galiraya,Namayuge,Namayuge Primary School,Government,Female,Division 3,5
d102,c101,s101,p126,Kayunga,Bbaale,2018,Galiraya,Namayuge,Namayuge Primary School,Government,Male,Division 4,4
d102,c101,s101,p126,Kayunga,Bbaale,2018,Galiraya,Namayuge,Namayuge Primary School,Government,Female,Division 4,3
d102,c101,s101,p126,Kayunga,Bbaale,2018,Galiraya,Namayuge,Namayuge Primary School,Government,Male,Division U,2
d102,c101,s101,p126,Kayunga,Bbaale,2018,Galiraya,Namayuge,Namayuge Primary School,Government,Female,Division U,2
d102,c101,s101,p126,Kayunga,Bbaale,2018,Galiraya,Namayuge,Namayuge Primary School,Government,Male,Division X,2
d102,c101,s101,p126,Kayunga,Bbaale,2018,Galiraya,Namayuge,Namayuge Primary School,Government,Female,Division X,0
d102,c101,s101,p128,Kayunga,Bbaale,2018,Galiraya,Ntimba,Ntimba Primary School,Government,Male,Division 1,0
d102,c101,s101,p128,Kayunga,Bbaale,2018,Galiraya,Ntimba,Ntimba Primary School,Government,Female,Division 1,0
d102,c101,s101,p128,Kayunga,Bbaale,2018,Galiraya,Ntimba,Ntimba Primary School,Government,Male,Division 2,3
d102,c101,s101,p128,Kayunga,Bbaale,2018,Galiraya,Ntimba,Ntimba Primary School,Government,Female,Division 2,1
d102,c101,s101,p128,Kayunga,Bbaale,2018,Galiraya,Ntimba,Ntimba Primary School,Government,Male,Division 3,2
d102,c101,s101,p128,Kayunga,Bbaale,2018,Galiraya,Ntimba,Ntimba Primary School,Government,Female,Division 3,1
d102,c101,s101,p128,Kayunga,Bbaale,2018,Galiraya,Ntimba,Ntimba Primary School,Government,Male,Division 4,3
d102,c101,s101,p128,Kayunga,Bbaale,2018,Galiraya,Ntimba,Ntimba Primary School,Government,Female,Division 4,1
d102,c101,s101,p128,Kayunga,Bbaale,2018,Galiraya,Ntimba,Ntimba Primary School,Government,Male,Division U,3
d102,c101,s101,p128,Kayunga,Bbaale,2018,Galiraya,Ntimba,Ntimba Primary School,Government,Female,Division U,2
d102,c101,s101,p128,Kayunga,Bbaale,2018,Galiraya,Ntimba,Ntimba Primary School,Government,Male,Division X,1
d102,c101,s101,p128,Kayunga,Bbaale,2018,Galiraya,Ntimba,Ntimba Primary School,Government,Female,Division X,0
d102,c101,s101,p123,Kayunga,Bbaale,2018,Galiraya,Galiraya,St Kizito Kidibya Primary School,Government,Male,Division 1,0
d102,c101,s101,p123,Kayunga,Bbaale,2018,Galiraya,Galiraya,St Kizito Kidibya Primary School,Government,Female,Division 1,0
d102,c101,s101,p123,Kayunga,Bbaale,2018,Galiraya,Galiraya,St Kizito Kidibya Primary School,Government,Male,Division 2,8
d102,c101,s101,p123,Kayunga,Bbaale,2018,Galiraya,Galiraya,St Kizito Kidibya Primary School,Government,Female,Division 2,6
d102,c101,s101,p123,Kayunga,Bbaale,2018,Galiraya,Galiraya,St Kizito Kidibya Primary School,Government,Male,Division 3,10
d102,c101,s101,p123,Kayunga,Bbaale,2018,Galiraya,Galiraya,St Kizito Kidibya Primary School,Government,Female,Division 3,3
d102,c101,s101,p123,Kayunga,Bbaale,2018,Galiraya,Galiraya,St Kizito Kidibya Primary School,Government,Male,Division 4,3
d102,c101,s101,p123,Kayunga,Bbaale,2018,Galiraya,Galiraya,St Kizito Kidibya Primary School,Government,Female,Division 4,1
d102,c101,s101,p123,Kayunga,Bbaale,2018,Galiraya,Galiraya,St Kizito Kidibya Primary School,Government,Male,Division U,0
d102,c101,s101,p123,Kayunga,Bbaale,2018,Galiraya,Galiraya,St Kizito Kidibya Primary School,Government,Female,Division U,1
d102,c101,s101,p123,Kayunga,Bbaale,2018,Galiraya,Galiraya,St Kizito Kidibya Primary School,Government,Male,Division X,1
d102,c101,s101,p123,Kayunga,Bbaale,2018,Galiraya,Galiraya,St Kizito Kidibya Primary School,Government,Female,Division X,1
d102,c101,s102,p109,Kayunga,Bbaale,2018,Bbaale,Bbaale,Bbaale CU Primary School,Government,Male,Division 1,4
d102,c101,s102,p109,Kayunga,Bbaale,2018,Bbaale,Bbaale,Bbaale CU Primary School,Government,Female,Division 1,1
d102,c101,s102,p109,Kayunga,Bbaale,2018,Bbaale,Bbaale,Bbaale CU Primary School,Government,Male,Division 2,10
d102,c101,s102,p109,Kayunga,Bbaale,2018,Bbaale,Bbaale,Bbaale CU Primary School,Government,Female,Division 2,16
d102,c101,s102,p109,Kayunga,Bbaale,2018,Bbaale,Bbaale,Bbaale CU Primary School,Government,Male,Division 3,9
d102,c101,s102,p109,Kayunga,Bbaale,2018,Bbaale,Bbaale,Bbaale CU Primary School,Government,Female,Division 3,10
d102,c101,s102,p109,Kayunga,Bbaale,2018,Bbaale,Bbaale,Bbaale CU Primary School,Government,Male,Division 4,7
d102,c101,s102,p109,Kayunga,Bbaale,2018,Bbaale,Bbaale,Bbaale CU Primary School,Government,Female,Division 4,7
d102,c101,s102,p109,Kayunga,Bbaale,2018,Bbaale,Bbaale,Bbaale CU Primary School,Government,Male,Division U,1
d102,c101,s102,p109,Kayunga,Bbaale,2018,Bbaale,Bbaale,Bbaale CU Primary School,Government,Female,Division U,1
d102,c101,s102,p109,Kayunga,Bbaale,2018,Bbaale,Bbaale,Bbaale CU Primary School,Government,Male,Division X,0
d102,c101,s102,p109,Kayunga,Bbaale,2018,Bbaale,Bbaale,Bbaale CU Primary School,Government,Female,Division X,0
d102,c101,s102,p111,Kayunga,Bbaale,2018,Bbaale,Kavule,Gayaza CU Primary School,Government,Male,Division 1,0
d102,c101,s102,p111,Kayunga,Bbaale,2018,Bbaale,Kavule,Gayaza CU Primary School,Government,Female,Division 1,0
d102,c101,s102,p111,Kayunga,Bbaale,2018,Bbaale,Kavule,Gayaza CU Primary School,Government,Male,Division 2,5
d102,c101,s102,p111,Kayunga,Bbaale,2018,Bbaale,Kavule,Gayaza CU Primary School,Government,Female,Division 2,6
d102,c101,s102,p111,Kayunga,Bbaale,2018,Bbaale,Kavule,Gayaza CU Primary School,Government,Male,Division 3,5
d102,c101,s102,p111,Kayunga,Bbaale,2018,Bbaale,Kavule,Gayaza CU Primary School,Government,Female,Division 3,5
d102,c101,s102,p111,Kayunga,Bbaale,2018,Bbaale,Kavule,Gayaza CU Primary School,Government,Male,Division 4,4
d102,c101,s102,p111,Kayunga,Bbaale,2018,Bbaale,Kavule,Gayaza CU Primary School,Government,Female,Division 4,4
d102,c101,s102,p111,Kayunga,Bbaale,2018,Bbaale,Kavule,Gayaza CU Primary School,Government,Male,Division U,2
d102,c101,s102,p111,Kayunga,Bbaale,2018,Bbaale,Kavule,Gayaza CU Primary School,Government,Female,Division U,1
d102,c101,s102,p111,Kayunga,Bbaale,2018,Bbaale,Kavule,Gayaza CU Primary School,Government,Male,Division X,0
d102,c101,s102,p111,Kayunga,Bbaale,2018,Bbaale,Kavule,Gayaza CU Primary School,Government,Female,Division X,0
d102,c101,s102,p110,Kayunga,Bbaale,2018,Bbaale,Misanga,Misanga CU Primary School,Government,Male,Division 1,0
d102,c101,s102,p110,Kayunga,Bbaale,2018,Bbaale,Misanga,Misanga CU Primary School,Government,Female,Division 1,0
d102,c101,s102,p110,Kayunga,Bbaale,2018,Bbaale,Misanga,Misanga CU Primary School,Government,Male,Division 2,2
d102,c101,s102,p110,Kayunga,Bbaale,2018,Bbaale,Misanga,Misanga CU Primary School,Government,Female,Division 2,1
d102,c101,s102,p110,Kayunga,Bbaale,2018,Bbaale,Misanga,Misanga CU Primary School,Government,Male,Division 3,3
d102,c101,s102,p110,Kayunga,Bbaale,2018,Bbaale,Misanga,Misanga CU Primary School,Government,Female,Division 3,1
d102,c101,s102,p110,Kayunga,Bbaale,2018,Bbaale,Misanga,Misanga CU Primary School,Government,Male,Division 4,1
d102,c101,s102,p110,Kayunga,Bbaale,2018,Bbaale,Misanga,Misanga CU Primary School,Government,Female,Division 4,1
d102,c101,s102,p110,Kayunga,Bbaale,2018,Bbaale,Misanga,Misanga CU Primary School,Government,Male,Division U,7
d102,c101,s102,p110,Kayunga,Bbaale,2018,Bbaale,Misanga,Misanga CU Primary School,Government,Female,Division U,7
d102,c101,s102,p110,Kayunga,Bbaale,2018,Bbaale,Misanga,Misanga CU Primary School,Government,Male,Division X,0
d102,c101,s102,p110,Kayunga,Bbaale,2018,Bbaale,Misanga,Misanga CU Primary School,Government,Female,Division X,0
d102,c101,s102,p112,Kayunga,Bbaale,2018,Bbaale,Mugongo,Mugongo Primary School,Government,Male,Division 1,0
d102,c101,s102,p112,Kayunga,Bbaale,2018,Bbaale,Mugongo,Mugongo Primary School,Government,Female,Division 1,0
d102,c101,s102,p112,Kayunga,Bbaale,2018,Bbaale,Mugongo,Mugongo Primary School,Government,Male,Division 2,1
d102,c101,s102,p112,Kayunga,Bbaale,2018,Bbaale,Mugongo,Mugongo Primary School,Government,Female,Division 2,0
d102,c101,s102,p112,Kayunga,Bbaale,2018,Bbaale,Mugongo,Mugongo Primary School,Government,Male,Division 3,5
d102,c101,s102,p112,Kayunga,Bbaale,2018,Bbaale,Mugongo,Mugongo Primary School,Government,Female,Division 3,3
d102,c101,s102,p112,Kayunga,Bbaale,2018,Bbaale,Mugongo,Mugongo Primary School,Government,Male,Division 4,0
d102,c101,s102,p112,Kayunga,Bbaale,2018,Bbaale,Mugongo,Mugongo Primary School,Government,Female,Division 4,2
d102,c101,s102,p112,Kayunga,Bbaale,2018,Bbaale,Mugongo,Mugongo Primary School,Government,Male,Division U,2
d102,c101,s102,p112,Kayunga,Bbaale,2018,Bbaale,Mugongo,Mugongo Primary School,Government,Female,Division U,2
d102,c101,s102,p112,Kayunga,Bbaale,2018,Bbaale,Mugongo,Mugongo Primary School,Government,Male,Division X,2
d102,c101,s102,p112,Kayunga,Bbaale,2018,Bbaale,Mugongo,Mugongo Primary School,Government,Female,Division X,0
d102,c101,s102,p111,Kayunga,Bbaale,2018,Bbaale,Kavule,Namataala Primary School,Government,Male,Division 1,0
d102,c101,s102,p111,Kayunga,Bbaale,2018,Bbaale,Kavule,Namataala Primary School,Government,Female,Division 1,0
d102,c101,s102,p111,Kayunga,Bbaale,2018,Bbaale,Kavule,Namataala Primary School,Government,Male,Division 2,7
d102,c101,s102,p111,Kayunga,Bbaale,2018,Bbaale,Kavule,Namataala Primary School,Government,Female,Division 2,11
d102,c101,s102,p111,Kayunga,Bbaale,2018,Bbaale,Kavule,Namataala Primary School,Government,Male,Division 3,10
d102,c101,s102,p111,Kayunga,Bbaale,2018,Bbaale,Kavule,Namataala Primary School,Government,Female,Division 3,9
d102,c101,s102,p111,Kayunga,Bbaale,2018,Bbaale,Kavule,Namataala Primary School,Government,Male,Division 4,5
d102,c101,s102,p111,Kayunga,Bbaale,2018,Bbaale,Kavule,Namataala Primary School,Government,Female,Division 4,2
d102,c101,s102,p111,Kayunga,Bbaale,2018,Bbaale,Kavule,Namataala Primary School,Government,Male,Division U,0
d102,c101,s102,p111,Kayunga,Bbaale,2018,Bbaale,Kavule,Namataala Primary School,Government,Female,Division U,0
d102,c101,s102,p111,Kayunga,Bbaale,2018,Bbaale,Kavule,Namataala Primary School,Government,Male,Division X,2
d102,c101,s102,p111,Kayunga,Bbaale,2018,Bbaale,Kavule,Namataala Primary School,Government,Female,Division X,1
d102,c101,s103,p152,Kayunga,Bbaale,2018,Kayonza,Kamusabi,Bugatto RC Primary School,Government,Male,Division 1,0
d102,c101,s103,p152,Kayunga,Bbaale,2018,Kayonza,Kamusabi,Bugatto RC Primary School,Government,Female,Division 1,0
d102,c101,s103,p152,Kayunga,Bbaale,2018,Kayonza,Kamusabi,Bugatto RC Primary School,Government,Male,Division 2,6
d102,c101,s103,p152,Kayunga,Bbaale,2018,Kayonza,Kamusabi,Bugatto RC Primary School,Government,Female,Division 2,6
d102,c101,s103,p152,Kayunga,Bbaale,2018,Kayonza,Kamusabi,Bugatto RC Primary School,Government,Male,Division 3,5
d102,c101,s103,p152,Kayunga,Bbaale,2018,Kayonza,Kamusabi,Bugatto RC Primary School,Government,Female,Division 3,5
d102,c101,s103,p152,Kayunga,Bbaale,2018,Kayonza,Kamusabi,Bugatto RC Primary School,Government,Male,Division 4,5
d102,c101,s103,p152,Kayunga,Bbaale,2018,Kayonza,Kamusabi,Bugatto RC Primary School,Government,Female,Division 4,1
d102,c101,s103,p152,Kayunga,Bbaale,2018,Kayonza,Kamusabi,Bugatto RC Primary School,Government,Male,Division U,0
d102,c101,s103,p152,Kayunga,Bbaale,2018,Kayonza,Kamusabi,Bugatto RC Primary School,Government,Female,Division U,2
d102,c101,s103,p152,Kayunga,Bbaale,2018,Kayonza,Kamusabi,Bugatto RC Primary School,Government,Male,Division X,0
d102,c101,s103,p152,Kayunga,Bbaale,2018,Kayonza,Kamusabi,Bugatto RC Primary School,Government,Female,Division X,0
d102,c101,s103,p154,Kayunga,Bbaale,2018,Kayonza,Kitwe,Bugoma Primary School,Government,Male,Division 1,0
d102,c101,s103,p154,Kayunga,Bbaale,2018,Kayonza,Kitwe,Bugoma Primary School,Government,Female,Division 1,0
d102,c101,s103,p154,Kayunga,Bbaale,2018,Kayonza,Kitwe,Bugoma Primary School,Government,Male,Division 2,0
d102,c101,s103,p154,Kayunga,Bbaale,2018,Kayonza,Kitwe,Bugoma Primary School,Government,Female,Division 2,0
d102,c101,s103,p154,Kayunga,Bbaale,2018,Kayonza,Kitwe,Bugoma Primary School,Government,Male,Division 3,2
d102,c101,s103,p154,Kayunga,Bbaale,2018,Kayonza,Kitwe,Bugoma Primary School,Government,Female,Division 3,2
d102,c101,s103,p154,Kayunga,Bbaale,2018,Kayonza,Kitwe,Bugoma Primary School,Government,Male,Division 4,4
d102,c101,s103,p154,Kayunga,Bbaale,2018,Kayonza,Kitwe,Bugoma Primary School,Government,Female,Division 4,6
d102,c101,s103,p154,Kayunga,Bbaale,2018,Kayonza,Kitwe,Bugoma Primary School,Government,Male,Division U,7
d102,c101,s103,p154,Kayunga,Bbaale,2018,Kayonza,Kitwe,Bugoma Primary School,Government,Female,Division U,10
d102,c101,s103,p154,Kayunga,Bbaale,2018,Kayonza,Kitwe,Bugoma Primary School,Government,Male,Division X,2
d102,c101,s103,p154,Kayunga,Bbaale,2018,Kayonza,Kitwe,Bugoma Primary School,Government,Female,Division X,1
d102,c101,s103,p158,Kayunga,Bbaale,2018,Kayonza,Namizo,Bujwaya CU Primary School,Government,Male,Division 1,0
d102,c101,s103,p158,Kayunga,Bbaale,2018,Kayonza,Namizo,Bujwaya CU Primary School,Government,Female,Division 1,0
d102,c101,s103,p158,Kayunga,Bbaale,2018,Kayonza,Namizo,Bujwaya CU Primary School,Government,Male,Division 2,1
d102,c101,s103,p158,Kayunga,Bbaale,2018,Kayonza,Namizo,Bujwaya CU Primary School,Government,Female,Division 2,0
d102,c101,s103,p158,Kayunga,Bbaale,2018,Kayonza,Namizo,Bujwaya CU Primary School,Government,Male,Division 3,2
d102,c101,s103,p158,Kayunga,Bbaale,2018,Kayonza,Namizo,Bujwaya CU Primary School,Government,Female,Division 3,1
d102,c101,s103,p158,Kayunga,Bbaale,2018,Kayonza,Namizo,Bujwaya CU Primary School,Government,Male,Division 4,4
d102,c101,s103,p158,Kayunga,Bbaale,2018,Kayonza,Namizo,Bujwaya CU Primary School,Government,Female,Division 4,4
d102,c101,s103,p158,Kayunga,Bbaale,2018,Kayonza,Namizo,Bujwaya CU Primary School,Government,Male,Division U,7
d102,c101,s103,p158,Kayunga,Bbaale,2018,Kayonza,Namizo,Bujwaya CU Primary School,Government,Female,Division U,10
d102,c101,s103,p158,Kayunga,Bbaale,2018,Kayonza,Namizo,Bujwaya CU Primary School,Government,Male,Division X,0
d102,c101,s103,p158,Kayunga,Bbaale,2018,Kayonza,Namizo,Bujwaya CU Primary School,Government,Female,Division X,1
d102,c101,s103,p150,Kayunga,Bbaale,2018,Kayonza,Balisanga,Bwalala Primary School,Government,Male,Division 1,0
d102,c101,s103,p150,Kayunga,Bbaale,2018,Kayonza,Balisanga,Bwalala Primary School,Government,Female,Division 1,0
d102,c101,s103,p150,Kayunga,Bbaale,2018,Kayonza,Balisanga,Bwalala Primary School,Government,Male,Division 2,3
d102,c101,s103,p150,Kayunga,Bbaale,2018,Kayonza,Balisanga,Bwalala Primary School,Government,Female,Division 2,3
d102,c101,s103,p150,Kayunga,Bbaale,2018,Kayonza,Balisanga,Bwalala Primary School,Government,Male,Division 3,4
d102,c101,s103,p150,Kayunga,Bbaale,2018,Kayonza,Balisanga,Bwalala Primary School,Government,Female,Division 3,4
d102,c101,s103,p150,Kayunga,Bbaale,2018,Kayonza,Balisanga,Bwalala Primary School,Government,Male,Division 4,4
d102,c101,s103,p150,Kayunga,Bbaale,2018,Kayonza,Balisanga,Bwalala Primary School,Government,Female,Division 4,3
d102,c101,s103,p150,Kayunga,Bbaale,2018,Kayonza,Balisanga,Bwalala Primary School,Government,Male,Division U,5
d102,c101,s103,p150,Kayunga,Bbaale,2018,Kayonza,Balisanga,Bwalala Primary School,Government,Female,Division U,3
d102,c101,s103,p150,Kayunga,Bbaale,2018,Kayonza,Balisanga,Bwalala Primary School,Government,Male,Division X,1
d102,c101,s103,p150,Kayunga,Bbaale,2018,Kayonza,Balisanga,Bwalala Primary School,Government,Female,Division X,1
d102,c101,s103,p157,Kayunga,Bbaale,2018,Kayonza,Namaliri,Kawolokota CU Primary School,Government,Male,Division 1,0
d102,c101,s103,p157,Kayunga,Bbaale,2018,Kayonza,Namaliri,Kawolokota CU Primary School,Government,Female,Division 1,0
d102,c101,s103,p157,Kayunga,Bbaale,2018,Kayonza,Namaliri,Kawolokota CU Primary School,Government,Male,Division 2,0
d102,c101,s103,p157,Kayunga,Bbaale,2018,Kayonza,Namaliri,Kawolokota CU Primary School,Government,Female,Division 2,1
d102,c101,s103,p157,Kayunga,Bbaale,2018,Kayonza,Namaliri,Kawolokota CU Primary School,Government,Male,Division 3,7
d102,c101,s103,p157,Kayunga,Bbaale,2018,Kayonza,Namaliri,Kawolokota CU Primary School,Government,Female,Division 3,7
d102,c101,s103,p157,Kayunga,Bbaale,2018,Kayonza,Namaliri,Kawolokota CU Primary School,Government,Male,Division 4,8
d102,c101,s103,p157,Kayunga,Bbaale,2018,Kayonza,Namaliri,Kawolokota CU Primary School,Government,Female,Division 4,10
d102,c101,s103,p157,Kayunga,Bbaale,2018,Kayonza,Namaliri,Kawolokota CU Primary School,Government,Male,Division U,3
d102,c101,s103,p157,Kayunga,Bbaale,2018,Kayonza,Namaliri,Kawolokota CU Primary School,Government,Female,Division U,2
d102,c101,s103,p157,Kayunga,Bbaale,2018,Kayonza,Namaliri,Kawolokota CU Primary School,Government,Male,Division X,0
d102,c101,s103,p157,Kayunga,Bbaale,2018,Kayonza,Namaliri,Kawolokota CU Primary School,Government,Female,Division X,1
d102,c101,s103,p157,Kayunga,Bbaale,2018,Kayonza,Namaliri,Kawolokota RC Primary School,Government,Male,Division 1,0
d102,c101,s103,p157,Kayunga,Bbaale,2018,Kayonza,Namaliri,Kawolokota RC Primary School,Government,Female,Division 1,1
d102,c101,s103,p157,Kayunga,Bbaale,2018,Kayonza,Namaliri,Kawolokota RC Primary School,Government,Male,Division 2,7
d102,c101,s103,p157,Kayunga,Bbaale,2018,Kayonza,Namaliri,Kawolokota RC Primary School,Government,Female,Division 2,8
d102,c101,s103,p157,Kayunga,Bbaale,2018,Kayonza,Namaliri,Kawolokota RC Primary School,Government,Male,Division 3,8
d102,c101,s103,p157,Kayunga,Bbaale,2018,Kayonza,Namaliri,Kawolokota RC Primary School,Government,Female,Division 3,8
d102,c101,s103,p157,Kayunga,Bbaale,2018,Kayonza,Namaliri,Kawolokota RC Primary School,Government,Male,Division 4,7
d102,c101,s103,p157,Kayunga,Bbaale,2018,Kayonza,Namaliri,Kawolokota RC Primary School,Government,Female,Division 4,7
d102,c101,s103,p157,Kayunga,Bbaale,2018,Kayonza,Namaliri,Kawolokota RC Primary School,Government,Male,Division U,0
d102,c101,s103,p157,Kayunga,Bbaale,2018,Kayonza,Namaliri,Kawolokota RC Primary School,Government,Female,Division U,1
d102,c101,s103,p157,Kayunga,Bbaale,2018,Kayonza,Namaliri,Kawolokota RC Primary School,Government,Male,Division X,0
d102,c101,s103,p157,Kayunga,Bbaale,2018,Kayonza,Namaliri,Kawolokota RC Primary School,Government,Female,Division X,0
d102,c101,s103,p157,Kayunga,Bbaale,2018,Kayonza,Namaliri,Kayonza Primary School,Government,Male,Division 1,0
d102,c101,s103,p157,Kayunga,Bbaale,2018,Kayonza,Namaliri,Kayonza Primary School,Government,Female,Division 1,0
d102,c101,s103,p157,Kayunga,Bbaale,2018,Kayonza,Namaliri,Kayonza Primary School,Government,Male,Division 2,7
d102,c101,s103,p157,Kayunga,Bbaale,2018,Kayonza,Namaliri,Kayonza Primary School,Government,Female,Division 2,7
d102,c101,s103,p157,Kayunga,Bbaale,2018,Kayonza,Namaliri,Kayonza Primary School,Government,Male,Division 3,4
d102,c101,s103,p157,Kayunga,Bbaale,2018,Kayonza,Namaliri,Kayonza Primary School,Government,Female,Division 3,5
d102,c101,s103,p157,Kayunga,Bbaale,2018,Kayonza,Namaliri,Kayonza Primary School,Government,Male,Division 4,7
d102,c101,s103,p157,Kayunga,Bbaale,2018,Kayonza,Namaliri,Kayonza Primary School,Government,Female,Division 4,6
d102,c101,s103,p157,Kayunga,Bbaale,2018,Kayonza,Namaliri,Kayonza Primary School,Government,Male,Division U,10
d102,c101,s103,p157,Kayunga,Bbaale,2018,Kayonza,Namaliri,Kayonza Primary School,Government,Female,Division U,12
d102,c101,s103,p157,Kayunga,Bbaale,2018,Kayonza,Namaliri,Kayonza Primary School,Government,Male,Division X,0
d102,c101,s103,p157,Kayunga,Bbaale,2018,Kayonza,Namaliri,Kayonza Primary School,Government,Female,Division X,0
d102,c101,s103,p156,Kayunga,Bbaale,2018,Kayonza,Nakyesanja,Kirimantoogo RC Primary School,Government,Male,Division 1,0
d102,c101,s103,p156,Kayunga,Bbaale,2018,Kayonza,Nakyesanja,Kirimantoogo RC Primary School,Government,Female,Division 1,0
d102,c101,s103,p156,Kayunga,Bbaale,2018,Kayonza,Nakyesanja,Kirimantoogo RC Primary School,Government,Male,Division 2,2
d102,c101,s103,p156,Kayunga,Bbaale,2018,Kayonza,Nakyesanja,Kirimantoogo RC Primary School,Government,Female,Division 2,1
d102,c101,s103,p156,Kayunga,Bbaale,2018,Kayonza,Nakyesanja,Kirimantoogo RC Primary School,Government,Male,Division 3,2
d102,c101,s103,p156,Kayunga,Bbaale,2018,Kayonza,Nakyesanja,Kirimantoogo RC Primary School,Government,Female,Division 3,2
d102,c101,s103,p156,Kayunga,Bbaale,2018,Kayonza,Nakyesanja,Kirimantoogo RC Primary School,Government,Male,Division 4,4
d102,c101,s103,p156,Kayunga,Bbaale,2018,Kayonza,Nakyesanja,Kirimantoogo RC Primary School,Government,Female,Division 4,2
d102,c101,s103,p156,Kayunga,Bbaale,2018,Kayonza,Nakyesanja,Kirimantoogo RC Primary School,Government,Male,Division U,13
d102,c101,s103,p156,Kayunga,Bbaale,2018,Kayonza,Nakyesanja,Kirimantoogo RC Primary School,Government,Female,Division U,10
d102,c101,s103,p156,Kayunga,Bbaale,2018,Kayonza,Nakyesanja,Kirimantoogo RC Primary School,Government,Male,Division X,0
d102,c101,s103,p156,Kayunga,Bbaale,2018,Kayonza,Nakyesanja,Kirimantoogo RC Primary School,Government,Female,Division X,0
d102,c101,s103,p154,Kayunga,Bbaale,2018,Kayonza,Kitwe,Kitwe RC Primary School,Government,Male,Division 1,0
d102,c101,s103,p154,Kayunga,Bbaale,2018,Kayonza,Kitwe,Kitwe RC Primary School,Government,Female,Division 1,0
d102,c101,s103,p154,Kayunga,Bbaale,2018,Kayonza,Kitwe,Kitwe RC Primary School,Government,Male,Division 2,3
d102,c101,s103,p154,Kayunga,Bbaale,2018,Kayonza,Kitwe,Kitwe RC Primary School,Government,Female,Division 2,6
d102,c101,s103,p154,Kayunga,Bbaale,2018,Kayonza,Kitwe,Kitwe RC Primary School,Government,Male,Division 3,20
d102,c101,s103,p154,Kayunga,Bbaale,2018,Kayonza,Kitwe,Kitwe RC Primary School,Government,Female,Division 3,7
d102,c101,s103,p154,Kayunga,Bbaale,2018,Kayonza,Kitwe,Kitwe RC Primary School,Government,Male,Division 4,6
d102,c101,s103,p154,Kayunga,Bbaale,2018,Kayonza,Kitwe,Kitwe RC Primary School,Government,Female,Division 4,5
d102,c101,s103,p154,Kayunga,Bbaale,2018,Kayonza,Kitwe,Kitwe RC Primary School,Government,Male,Division U,8
d102,c101,s103,p154,Kayunga,Bbaale,2018,Kayonza,Kitwe,Kitwe RC Primary School,Government,Female,Division U,4
d102,c101,s103,p154,Kayunga,Bbaale,2018,Kayonza,Kitwe,Kitwe RC Primary School,Government,Male,Division X,3
d102,c101,s103,p154,Kayunga,Bbaale,2018,Kayonza,Kitwe,Kitwe RC Primary School,Government,Female,Division X,1
d102,c101,s103,p158,Kayunga,Bbaale,2018,Kayonza,Namizo,Kyebuye RC Primary School,Government,Male,Division 1,0
d102,c101,s103,p158,Kayunga,Bbaale,2018,Kayonza,Namizo,Kyebuye RC Primary School,Government,Female,Division 1,0
d102,c101,s103,p158,Kayunga,Bbaale,2018,Kayonza,Namizo,Kyebuye RC Primary School,Government,Male,Division 2,2
d102,c101,s103,p158,Kayunga,Bbaale,2018,Kayonza,Namizo,Kyebuye RC Primary School,Government,Female,Division 2,1
d102,c101,s103,p158,Kayunga,Bbaale,2018,Kayonza,Namizo,Kyebuye RC Primary School,Government,Male,Division 3,2
d102,c101,s103,p158,Kayunga,Bbaale,2018,Kayonza,Namizo,Kyebuye RC Primary School,Government,Female,Division 3,2
d102,c101,s103,p158,Kayunga,Bbaale,2018,Kayonza,Namizo,Kyebuye RC Primary School,Government,Male,Division 4,2
d102,c101,s103,p158,Kayunga,Bbaale,2018,Kayonza,Namizo,Kyebuye RC Primary School,Government,Female,Division 4,1
d102,c101,s103,p158,Kayunga,Bbaale,2018,Kayonza,Namizo,Kyebuye RC Primary School,Government,Male,Division U,2
d102,c101,s103,p158,Kayunga,Bbaale,2018,Kayonza,Namizo,Kyebuye RC Primary School,Government,Female,Division U,1
d102,c101,s103,p158,Kayunga,Bbaale,2018,Kayonza,Namizo,Kyebuye RC Primary School,Government,Male,Division X,2
d102,c101,s103,p158,Kayunga,Bbaale,2018,Kayonza,Namizo,Kyebuye RC Primary School,Government,Female,Division X,2
d102,c101,s103,p157,Kayunga,Bbaale,2018,Kayonza,Namaliri,Lugasa Primary School,Government,Male,Division 1,0
d102,c101,s103,p157,Kayunga,Bbaale,2018,Kayonza,Namaliri,Lugasa Primary School,Government,Female,Division 1,0
d102,c101,s103,p157,Kayunga,Bbaale,2018,Kayonza,Namaliri,Lugasa Primary School,Government,Male,Division 2,7
d102,c101,s103,p157,Kayunga,Bbaale,2018,Kayonza,Namaliri,Lugasa Primary School,Government,Female,Division 2,7
d102,c101,s103,p157,Kayunga,Bbaale,2018,Kayonza,Namaliri,Lugasa Primary School,Government,Male,Division 3,6
d102,c101,s103,p157,Kayunga,Bbaale,2018,Kayonza,Namaliri,Lugasa Primary School,Government,Female,Division 3,3
d102,c101,s103,p157,Kayunga,Bbaale,2018,Kayonza,Namaliri,Lugasa Primary School,Government,Male,Division 4,6
d102,c101,s103,p157,Kayunga,Bbaale,2018,Kayonza,Namaliri,Lugasa Primary School,Government,Female,Division 4,3
d102,c101,s103,p157,Kayunga,Bbaale,2018,Kayonza,Namaliri,Lugasa Primary School,Government,Male,Division U,2
d102,c101,s103,p157,Kayunga,Bbaale,2018,Kayonza,Namaliri,Lugasa Primary School,Government,Female,Division U,2
d102,c101,s103,p157,Kayunga,Bbaale,2018,Kayonza,Namaliri,Lugasa Primary School,Government,Male,Division X,0
d102,c101,s103,p157,Kayunga,Bbaale,2018,Kayonza,Namaliri,Lugasa Primary School,Government,Female,Division X,0
d102,c101,s103,p152,Kayunga,Bbaale,2018,Kayonza,Kamusabi,Lukonda Public Primary School,Government,Male,Division 1,0
d102,c101,s103,p152,Kayunga,Bbaale,2018,Kayonza,Kamusabi,Lukonda Public Primary School,Government,Female,Division 1,0
d102,c101,s103,p152,Kayunga,Bbaale,2018,Kayonza,Kamusabi,Lukonda Public Primary School,Government,Male,Division 2,1
d102,c101,s103,p152,Kayunga,Bbaale,2018,Kayonza,Kamusabi,Lukonda Public Primary School,Government,Female,Division 2,1
d102,c101,s103,p152,Kayunga,Bbaale,2018,Kayonza,Kamusabi,Lukonda Public Primary School,Government,Male,Division 3,5
d102,c101,s103,p152,Kayunga,Bbaale,2018,Kayonza,Kamusabi,Lukonda Public Primary School,Government,Female,Division 3,6
d102,c101,s103,p152,Kayunga,Bbaale,2018,Kayonza,Kamusabi,Lukonda Public Primary School,Government,Male,Division 4,6
d102,c101,s103,p152,Kayunga,Bbaale,2018,Kayonza,Kamusabi,Lukonda Public Primary School,Government,Female,Division 4,4
d102,c101,s103,p152,Kayunga,Bbaale,2018,Kayonza,Kamusabi,Lukonda Public Primary School,Government,Male,Division U,5
d102,c101,s103,p152,Kayunga,Bbaale,2018,Kayonza,Kamusabi,Lukonda Public Primary School,Government,Female,Division U,20
d102,c101,s103,p152,Kayunga,Bbaale,2018,Kayonza,Kamusabi,Lukonda Public Primary School,Government,Male,Division X,0
d102,c101,s103,p152,Kayunga,Bbaale,2018,Kayonza,Kamusabi,Lukonda Public Primary School,Government,Female,Division X,0
d102,c101,s103,p153,Kayunga,Bbaale,2018,Kayonza,Kanywero,Lwabyata Parents Primary School,Government,Male,Division 1,0
d102,c101,s103,p153,Kayunga,Bbaale,2018,Kayonza,Kanywero,Lwabyata Parents Primary School,Government,Female,Division 1,0
d102,c101,s103,p153,Kayunga,Bbaale,2018,Kayonza,Kanywero,Lwabyata Parents Primary School,Government,Male,Division 2,0
d102,c101,s103,p153,Kayunga,Bbaale,2018,Kayonza,Kanywero,Lwabyata Parents Primary School,Government,Female,Division 2,1
d102,c101,s103,p153,Kayunga,Bbaale,2018,Kayonza,Kanywero,Lwabyata Parents Primary School,Government,Male,Division 3,7
d102,c101,s103,p153,Kayunga,Bbaale,2018,Kayonza,Kanywero,Lwabyata Parents Primary School,Government,Female,Division 3,5
d102,c101,s103,p153,Kayunga,Bbaale,2018,Kayonza,Kanywero,Lwabyata Parents Primary School,Government,Male,Division 4,9
d102,c101,s103,p153,Kayunga,Bbaale,2018,Kayonza,Kanywero,Lwabyata Parents Primary School,Government,Female,Division 4,10
d102,c101,s103,p153,Kayunga,Bbaale,2018,Kayonza,Kanywero,Lwabyata Parents Primary School,Government,Male,Division U,16
d102,c101,s103,p153,Kayunga,Bbaale,2018,Kayonza,Kanywero,Lwabyata Parents Primary School,Government,Female,Division U,14
d102,c101,s103,p153,Kayunga,Bbaale,2018,Kayonza,Kanywero,Lwabyata Parents Primary School,Government,Male,Division X,2
d102,c101,s103,p153,Kayunga,Bbaale,2018,Kayonza,Kanywero,Lwabyata Parents Primary School,Government,Female,Division X,0
d102,c101,s103,p155,Kayunga,Bbaale,2018,Kayonza,Nakyesa,Nakyessa Bright Future Primary School,Government,Male,Division 1,1
d102,c101,s103,p155,Kayunga,Bbaale,2018,Kayonza,Nakyesa,Nakyessa Bright Future Primary School,Government,Female,Division 1,0
d102,c101,s103,p155,Kayunga,Bbaale,2018,Kayonza,Nakyesa,Nakyessa Bright Future Primary School,Government,Male,Division 2,10
d102,c101,s103,p155,Kayunga,Bbaale,2018,Kayonza,Nakyesa,Nakyessa Bright Future Primary School,Government,Female,Division 2,19
d102,c101,s103,p155,Kayunga,Bbaale,2018,Kayonza,Nakyesa,Nakyessa Bright Future Primary School,Government,Male,Division 3,6
d102,c101,s103,p155,Kayunga,Bbaale,2018,Kayonza,Nakyesa,Nakyessa Bright Future Primary School,Government,Female,Division 3,8
d102,c101,s103,p155,Kayunga,Bbaale,2018,Kayonza,Nakyesa,Nakyessa Bright Future Primary School,Government,Male,Division 4,1
d102,c101,s103,p155,Kayunga,Bbaale,2018,Kayonza,Nakyesa,Nakyessa Bright Future Primary School,Government,Female,Division 4,2
d102,c101,s103,p155,Kayunga,Bbaale,2018,Kayonza,Nakyesa,Nakyessa Bright Future Primary School,Government,Male,Division U,0
d102,c101,s103,p155,Kayunga,Bbaale,2018,Kayonza,Nakyesa,Nakyessa Bright Future Primary School,Government,Female,Division U,0
d102,c101,s103,p155,Kayunga,Bbaale,2018,Kayonza,Nakyesa,Nakyessa Bright Future Primary School,Government,Male,Division X,0
d102,c101,s103,p155,Kayunga,Bbaale,2018,Kayonza,Nakyesa,Nakyessa Bright Future Primary School,Government,Female,Division X,0
d102,c101,s103,p155,Kayunga,Bbaale,2018,Kayonza,Nakyesa,Nakyessa Day And Boarding Primary School,Private,Male,Division 1,0
d102,c101,s103,p155,Kayunga,Bbaale,2018,Kayonza,Nakyesa,Nakyessa Day And Boarding Primary School,Private,Female,Division 1,0
d102,c101,s103,p155,Kayunga,Bbaale,2018,Kayonza,Nakyesa,Nakyessa Day And Boarding Primary School,Private,Male,Division 2,2
d102,c101,s103,p155,Kayunga,Bbaale,2018,Kayonza,Nakyesa,Nakyessa Day And Boarding Primary School,Private,Female,Division 2,1
d102,c101,s103,p155,Kayunga,Bbaale,2018,Kayonza,Nakyesa,Nakyessa Day And Boarding Primary School,Private,Male,Division 3,8
d102,c101,s103,p155,Kayunga,Bbaale,2018,Kayonza,Nakyesa,Nakyessa Day And Boarding Primary School,Private,Female,Division 3,6
d102,c101,s103,p155,Kayunga,Bbaale,2018,Kayonza,Nakyesa,Nakyessa Day And Boarding Primary School,Private,Male,Division 4,5
d102,c101,s103,p155,Kayunga,Bbaale,2018,Kayonza,Nakyesa,Nakyessa Day And Boarding Primary School,Private,Female,Division 4,2
d102,c101,s103,p155,Kayunga,Bbaale,2018,Kayonza,Nakyesa,Nakyessa Day And Boarding Primary School,Private,Male,Division U,4
d102,c101,s103,p155,Kayunga,Bbaale,2018,Kayonza,Nakyesa,Nakyessa Day And Boarding Primary School,Private,Female,Division U,1
d102,c101,s103,p155,Kayunga,Bbaale,2018,Kayonza,Nakyesa,Nakyessa Day And Boarding Primary School,Private,Male,Division X,0
d102,c101,s103,p155,Kayunga,Bbaale,2018,Kayonza,Nakyesa,Nakyessa Day And Boarding Primary School,Private,Female,Division X,0
d102,c101,s103,p155,Kayunga,Bbaale,2018,Kayonza,Nakyesa,Nakyessa Moslem Primary School,Government,Male,Division 1,0
d102,c101,s103,p155,Kayunga,Bbaale,2018,Kayonza,Nakyesa,Nakyessa Moslem Primary School,Government,Female,Division 1,1
d102,c101,s103,p155,Kayunga,Bbaale,2018,Kayonza,Nakyesa,Nakyessa Moslem Primary School,Government,Male,Division 2,10
d102,c101,s103,p155,Kayunga,Bbaale,2018,Kayonza,Nakyesa,Nakyessa Moslem Primary School,Government,Female,Division 2,9
d102,c101,s103,p155,Kayunga,Bbaale,2018,Kayonza,Nakyesa,Nakyessa Moslem Primary School,Government,Male,Division 3,8
d102,c101,s103,p155,Kayunga,Bbaale,2018,Kayonza,Nakyesa,Nakyessa Moslem Primary School,Government,Female,Division 3,10
d102,c101,s103,p155,Kayunga,Bbaale,2018,Kayonza,Nakyesa,Nakyessa Moslem Primary School,Government,Male,Division 4,7
d102,c101,s103,p155,Kayunga,Bbaale,2018,Kayonza,Nakyesa,Nakyessa Moslem Primary School,Government,Female,Division 4,3
d102,c101,s103,p155,Kayunga,Bbaale,2018,Kayonza,Nakyesa,Nakyessa Moslem Primary School,Government,Male,Division U,0
d102,c101,s103,p155,Kayunga,Bbaale,2018,Kayonza,Nakyesa,Nakyessa Moslem Primary School,Government,Female,Division U,1
d102,c101,s103,p155,Kayunga,Bbaale,2018,Kayonza,Nakyesa,Nakyessa Moslem Primary School,Government,Male,Division X,0
d102,c101,s103,p155,Kayunga,Bbaale,2018,Kayonza,Nakyesa,Nakyessa Moslem Primary School,Government,Female,Division X,1
d102,c101,s103,p155,Kayunga,Bbaale,2018,Kayonza,Nakyesa,Namatogonya CU Primary School,Government,Male,Division 1,0
d102,c101,s103,p155,Kayunga,Bbaale,2018,Kayonza,Nakyesa,Namatogonya CU Primary School,Government,Female,Division 1,0
d102,c101,s103,p155,Kayunga,Bbaale,2018,Kayonza,Nakyesa,Namatogonya CU Primary School,Government,Male,Division 2,0
d102,c101,s103,p155,Kayunga,Bbaale,2018,Kayonza,Nakyesa,Namatogonya CU Primary School,Government,Female,Division 2,1
d102,c101,s103,p155,Kayunga,Bbaale,2018,Kayonza,Nakyesa,Namatogonya CU Primary School,Government,Male,Division 3,8
d102,c101,s103,p155,Kayunga,Bbaale,2018,Kayonza,Nakyesa,Namatogonya CU Primary School,Government,Female,Division 3,5
d102,c101,s103,p155,Kayunga,Bbaale,2018,Kayonza,Nakyesa,Namatogonya CU Primary School,Government,Male,Division 4,2
d102,c101,s103,p155,Kayunga,Bbaale,2018,Kayonza,Nakyesa,Namatogonya CU Primary School,Government,Female,Division 4,4
d102,c101,s103,p155,Kayunga,Bbaale,2018,Kayonza,Nakyesa,Namatogonya CU Primary School,Government,Male,Division U,6
d102,c101,s103,p155,Kayunga,Bbaale,2018,Kayonza,Nakyesa,Namatogonya CU Primary School,Government,Female,Division U,10
d102,c101,s103,p155,Kayunga,Bbaale,2018,Kayonza,Nakyesa,Namatogonya CU Primary School,Government,Male,Division X,2
d102,c101,s103,p155,Kayunga,Bbaale,2018,Kayonza,Nakyesa,Namatogonya CU Primary School,Government,Female,Division X,1
d102,c101,s103,p158,Kayunga,Bbaale,2018,Kayonza,Namizo,Namavundu RC Primary School,Government,Male,Division 1,0
d102,c101,s103,p158,Kayunga,Bbaale,2018,Kayonza,Namizo,Namavundu RC Primary School,Government,Female,Division 1,0
d102,c101,s103,p158,Kayunga,Bbaale,2018,Kayonza,Namizo,Namavundu RC Primary School,Government,Male,Division 2,3
d102,c101,s103,p158,Kayunga,Bbaale,2018,Kayonza,Namizo,Namavundu RC Primary School,Government,Female,Division 2,0
d102,c101,s103,p158,Kayunga,Bbaale,2018,Kayonza,Namizo,Namavundu RC Primary School,Government,Male,Division 3,3
d102,c101,s103,p158,Kayunga,Bbaale,2018,Kayonza,Namizo,Namavundu RC Primary School,Government,Female,Division 3,3
d102,c101,s103,p158,Kayunga,Bbaale,2018,Kayonza,Namizo,Namavundu RC Primary School,Government,Male,Division 4,3
d102,c101,s103,p158,Kayunga,Bbaale,2018,Kayonza,Namizo,Namavundu RC Primary School,Government,Female,Division 4,1
d102,c101,s103,p158,Kayunga,Bbaale,2018,Kayonza,Namizo,Namavundu RC Primary School,Government,Male,Division U,9
d102,c101,s103,p158,Kayunga,Bbaale,2018,Kayonza,Namizo,Namavundu RC Primary School,Government,Female,Division U,5
d102,c101,s103,p158,Kayunga,Bbaale,2018,Kayonza,Namizo,Namavundu RC Primary School,Government,Male,Division X,1
d102,c101,s103,p158,Kayunga,Bbaale,2018,Kayonza,Namizo,Namavundu RC Primary School,Government,Female,Division X,0
d102,c101,s103,p158,Kayunga,Bbaale,2018,Kayonza,Namizo,Namizo UMEA Primary School,Government,Male,Division 1,0
d102,c101,s103,p158,Kayunga,Bbaale,2018,Kayonza,Namizo,Namizo UMEA Primary School,Government,Female,Division 1,0
d102,c101,s103,p158,Kayunga,Bbaale,2018,Kayonza,Namizo,Namizo UMEA Primary School,Government,Male,Division 2,0
d102,c101,s103,p158,Kayunga,Bbaale,2018,Kayonza,Namizo,Namizo UMEA Primary School,Government,Female,Division 2,0
d102,c101,s103,p158,Kayunga,Bbaale,2018,Kayonza,Namizo,Namizo UMEA Primary School,Government,Male,Division 3,0
d102,c101,s103,p158,Kayunga,Bbaale,2018,Kayonza,Namizo,Namizo UMEA Primary School,Government,Female,Division 3,0
d102,c101,s103,p158,Kayunga,Bbaale,2018,Kayonza,Namizo,Namizo UMEA Primary School,Government,Male,Division 4,1
d102,c101,s103,p158,Kayunga,Bbaale,2018,Kayonza,Namizo,Namizo UMEA Primary School,Government,Female,Division 4,0
d102,c101,s103,p158,Kayunga,Bbaale,2018,Kayonza,Namizo,Namizo UMEA Primary School,Government,Male,Division U,6
d102,c101,s103,p158,Kayunga,Bbaale,2018,Kayonza,Namizo,Namizo UMEA Primary School,Government,Female,Division U,5
d102,c101,s103,p158,Kayunga,Bbaale,2018,Kayonza,Namizo,Namizo UMEA Primary School,Government,Male,Division X,2
d102,c101,s103,p158,Kayunga,Bbaale,2018,Kayonza,Namizo,Namizo UMEA Primary School,Government,Female,Division X,1
d102,c101,s103,p151,Kayunga,Bbaale,2018,Kayonza,Kafumba,Nyondo RC Primary School,Government,Male,Division 1,0
d102,c101,s103,p151,Kayunga,Bbaale,2018,Kayonza,Kafumba,Nyondo RC Primary School,Government,Female,Division 1,0
d102,c101,s103,p151,Kayunga,Bbaale,2018,Kayonza,Kafumba,Nyondo RC Primary School,Government,Male,Division 2,1
d102,c101,s103,p151,Kayunga,Bbaale,2018,Kayonza,Kafumba,Nyondo RC Primary School,Government,Female,Division 2,0
d102,c101,s103,p151,Kayunga,Bbaale,2018,Kayonza,Kafumba,Nyondo RC Primary School,Government,Male,Division 3,6
d102,c101,s103,p151,Kayunga,Bbaale,2018,Kayonza,Kafumba,Nyondo RC Primary School,Government,Female,Division 3,3
d102,c101,s103,p151,Kayunga,Bbaale,2018,Kayonza,Kafumba,Nyondo RC Primary School,Government,Male,Division 4,6
d102,c101,s103,p151,Kayunga,Bbaale,2018,Kayonza,Kafumba,Nyondo RC Primary School,Government,Female,Division 4,2
d102,c101,s103,p151,Kayunga,Bbaale,2018,Kayonza,Kafumba,Nyondo RC Primary School,Government,Male,Division U,5
d102,c101,s103,p151,Kayunga,Bbaale,2018,Kayonza,Kafumba,Nyondo RC Primary School,Government,Female,Division U,3
d102,c101,s103,p151,Kayunga,Bbaale,2018,Kayonza,Kafumba,Nyondo RC Primary School,Government,Male,Division X,2
d102,c101,s103,p151,Kayunga,Bbaale,2018,Kayonza,Kafumba,Nyondo RC Primary School,Government,Female,Division X,1
d102,c101,s103,p157,Kayunga,Bbaale,2018,Kayonza,Namaliri,St Jude Kayonza RC Primary School,Government,Male,Division 1,0
d102,c101,s103,p157,Kayunga,Bbaale,2018,Kayonza,Namaliri,St Jude Kayonza RC Primary School,Government,Female,Division 1,0
d102,c101,s103,p157,Kayunga,Bbaale,2018,Kayonza,Namaliri,St Jude Kayonza RC Primary School,Government,Male,Division 2,0
d102,c101,s103,p157,Kayunga,Bbaale,2018,Kayonza,Namaliri,St Jude Kayonza RC Primary School,Government,Female,Division 2,0
d102,c101,s103,p157,Kayunga,Bbaale,2018,Kayonza,Namaliri,St Jude Kayonza RC Primary School,Government,Male,Division 3,0
d102,c101,s103,p157,Kayunga,Bbaale,2018,Kayonza,Namaliri,St Jude Kayonza RC Primary School,Government,Female,Division 3,1
d102,c101,s103,p157,Kayunga,Bbaale,2018,Kayonza,Namaliri,St Jude Kayonza RC Primary School,Government,Male,Division 4,4
d102,c101,s103,p157,Kayunga,Bbaale,2018,Kayonza,Namaliri,St Jude Kayonza RC Primary School,Government,Female,Division 4,2
d102,c101,s103,p157,Kayunga,Bbaale,2018,Kayonza,Namaliri,St Jude Kayonza RC Primary School,Government,Male,Division U,6
d102,c101,s103,p157,Kayunga,Bbaale,2018,Kayonza,Namaliri,St Jude Kayonza RC Primary School,Government,Female,Division U,10
d102,c101,s103,p157,Kayunga,Bbaale,2018,Kayonza,Namaliri,St Jude Kayonza RC Primary School,Government,Male,Division X,0
d102,c101,s103,p157,Kayunga,Bbaale,2018,Kayonza,Namaliri,St Jude Kayonza RC Primary School,Government,Female,Division X,0
d102,c101,s103,p153,Kayunga,Bbaale,2018,Kayonza,Kanywero,Wabunyonyi CU Primary School,Government,Male,Division 1,0
d102,c101,s103,p153,Kayunga,Bbaale,2018,Kayonza,Kanywero,Wabunyonyi CU Primary School,Government,Female,Division 1,0
d102,c101,s103,p153,Kayunga,Bbaale,2018,Kayonza,Kanywero,Wabunyonyi CU Primary School,Government,Male,Division 2,1
d102,c101,s103,p153,Kayunga,Bbaale,2018,Kayonza,Kanywero,Wabunyonyi CU Primary School,Government,Female,Division 2,0
d102,c101,s103,p153,Kayunga,Bbaale,2018,Kayonza,Kanywero,Wabunyonyi CU Primary School,Government,Male,Division 3,2
d102,c101,s103,p153,Kayunga,Bbaale,2018,Kayonza,Kanywero,Wabunyonyi CU Primary School,Government,Female,Division 3,2
d102,c101,s103,p153,Kayunga,Bbaale,2018,Kayonza,Kanywero,Wabunyonyi CU Primary School,Government,Male,Division 4,6
d102,c101,s103,p153,Kayunga,Bbaale,2018,Kayonza,Kanywero,Wabunyonyi CU Primary School,Government,Female,Division 4,3
d102,c101,s103,p153,Kayunga,Bbaale,2018,Kayonza,Kanywero,Wabunyonyi CU Primary School,Government,Male,Division U,9
d102,c101,s103,p153,Kayunga,Bbaale,2018,Kayonza,Kanywero,Wabunyonyi CU Primary School,Government,Female,Division U,12
d102,c101,s103,p153,Kayunga,Bbaale,2018,Kayonza,Kanywero,Wabunyonyi CU Primary School,Government,Male,Division X,0
d102,c101,s103,p153,Kayunga,Bbaale,2018,Kayonza,Kanywero,Wabunyonyi CU Primary School,Government,Female,Division X,1
d102,c101,s103,p153,Kayunga,Bbaale,2018,Kayonza,Kanywero,Wunga Primary School,Government,Male,Division 1,0
d102,c101,s103,p153,Kayunga,Bbaale,2018,Kayonza,Kanywero,Wunga Primary School,Government,Female,Division 1,0
d102,c101,s103,p153,Kayunga,Bbaale,2018,Kayonza,Kanywero,Wunga Primary School,Government,Male,Division 2,5
d102,c101,s103,p153,Kayunga,Bbaale,2018,Kayonza,Kanywero,Wunga Primary School,Government,Female,Division 2,3
d102,c101,s103,p153,Kayunga,Bbaale,2018,Kayonza,Kanywero,Wunga Primary School,Government,Male,Division 3,7
d102,c101,s103,p153,Kayunga,Bbaale,2018,Kayonza,Kanywero,Wunga Primary School,Government,Female,Division 3,6
d102,c101,s103,p153,Kayunga,Bbaale,2018,Kayonza,Kanywero,Wunga Primary School,Government,Male,Division 4,3
d102,c101,s103,p153,Kayunga,Bbaale,2018,Kayonza,Kanywero,Wunga Primary School,Government,Female,Division 4,4
d102,c101,s103,p153,Kayunga,Bbaale,2018,Kayonza,Kanywero,Wunga Primary School,Government,Male,Division U,5
d102,c101,s103,p153,Kayunga,Bbaale,2018,Kayonza,Kanywero,Wunga Primary School,Government,Female,Division U,3
d102,c101,s103,p153,Kayunga,Bbaale,2018,Kayonza,Kanywero,Wunga Primary School,Government,Male,Division X,1
d102,c101,s103,p153,Kayunga,Bbaale,2018,Kayonza,Kanywero,Wunga Primary School,Government,Female,Division X,1
d102,c101,s104,p144,Kayunga,Bbaale,2018,Kitimbwa,Nakivubo,Bisaka Primary School,Government,Male,Division 1,0
d102,c101,s104,p144,Kayunga,Bbaale,2018,Kitimbwa,Nakivubo,Bisaka Primary School,Government,Female,Division 1,0
d102,c101,s104,p144,Kayunga,Bbaale,2018,Kitimbwa,Nakivubo,Bisaka Primary School,Government,Male,Division 2,4
d102,c101,s104,p144,Kayunga,Bbaale,2018,Kitimbwa,Nakivubo,Bisaka Primary School,Government,Female,Division 2,4
d102,c101,s104,p144,Kayunga,Bbaale,2018,Kitimbwa,Nakivubo,Bisaka Primary School,Government,Male,Division 3,3
d102,c101,s104,p144,Kayunga,Bbaale,2018,Kitimbwa,Nakivubo,Bisaka Primary School,Government,Female,Division 3,3
d102,c101,s104,p144,Kayunga,Bbaale,2018,Kitimbwa,Nakivubo,Bisaka Primary School,Government,Male,Division 4,0
d102,c101,s104,p144,Kayunga,Bbaale,2018,Kitimbwa,Nakivubo,Bisaka Primary School,Government,Female,Division 4,2
d102,c101,s104,p144,Kayunga,Bbaale,2018,Kitimbwa,Nakivubo,Bisaka Primary School,Government,Male,Division U,2
d102,c101,s104,p144,Kayunga,Bbaale,2018,Kitimbwa,Nakivubo,Bisaka Primary School,Government,Female,Division U,1
d102,c101,s104,p144,Kayunga,Bbaale,2018,Kitimbwa,Nakivubo,Bisaka Primary School,Government,Male,Division X,0
d102,c101,s104,p144,Kayunga,Bbaale,2018,Kitimbwa,Nakivubo,Bisaka Primary School,Government,Female,Division X,0
d102,c101,s104,p143,Kayunga,Bbaale,2018,Kitimbwa,Nkokonjeru,Bulawula Primary School,Government,Male,Division 1,0
d102,c101,s104,p143,Kayunga,Bbaale,2018,Kitimbwa,Nkokonjeru,Bulawula Primary School,Government,Female,Division 1,0
d102,c101,s104,p143,Kayunga,Bbaale,2018,Kitimbwa,Nkokonjeru,Bulawula Primary School,Government,Male,Division 2,7
d102,c101,s104,p143,Kayunga,Bbaale,2018,Kitimbwa,Nkokonjeru,Bulawula Primary School,Government,Female,Division 2,11
d102,c101,s104,p143,Kayunga,Bbaale,2018,Kitimbwa,Nkokonjeru,Bulawula Primary School,Government,Male,Division 3,6
d102,c101,s104,p143,Kayunga,Bbaale,2018,Kitimbwa,Nkokonjeru,Bulawula Primary School,Government,Female,Division 3,2
d102,c101,s104,p143,Kayunga,Bbaale,2018,Kitimbwa,Nkokonjeru,Bulawula Primary School,Government,Male,Division 4,6
d102,c101,s104,p143,Kayunga,Bbaale,2018,Kitimbwa,Nkokonjeru,Bulawula Primary School,Government,Female,Division 4,10
d102,c101,s104,p143,Kayunga,Bbaale,2018,Kitimbwa,Nkokonjeru,Bulawula Primary School,Government,Male,Division U,6
d102,c101,s104,p143,Kayunga,Bbaale,2018,Kitimbwa,Nkokonjeru,Bulawula Primary School,Government,Female,Division U,6
d102,c101,s104,p143,Kayunga,Bbaale,2018,Kitimbwa,Nkokonjeru,Bulawula Primary School,Government,Male,Division X,0
d102,c101,s104,p143,Kayunga,Bbaale,2018,Kitimbwa,Nkokonjeru,Bulawula Primary School,Government,Female,Division X,0
d102,c101,s104,p139,Kayunga,Bbaale,2018,Kitimbwa,Kitatya,Kitatya CU Primary School,Government,Male,Division 1,2
d102,c101,s104,p139,Kayunga,Bbaale,2018,Kitimbwa,Kitatya,Kitatya CU Primary School,Government,Female,Division 1,1
d102,c101,s104,p139,Kayunga,Bbaale,2018,Kitimbwa,Kitatya,Kitatya CU Primary School,Government,Male,Division 2,15
d102,c101,s104,p139,Kayunga,Bbaale,2018,Kitimbwa,Kitatya,Kitatya CU Primary School,Government,Female,Division 2,24
d102,c101,s104,p139,Kayunga,Bbaale,2018,Kitimbwa,Kitatya,Kitatya CU Primary School,Government,Male,Division 3,5
d102,c101,s104,p139,Kayunga,Bbaale,2018,Kitimbwa,Kitatya,Kitatya CU Primary School,Government,Female,Division 3,6
d102,c101,s104,p139,Kayunga,Bbaale,2018,Kitimbwa,Kitatya,Kitatya CU Primary School,Government,Male,Division 4,8
d102,c101,s104,p139,Kayunga,Bbaale,2018,Kitimbwa,Kitatya,Kitatya CU Primary School,Government,Female,Division 4,4
d102,c101,s104,p139,Kayunga,Bbaale,2018,Kitimbwa,Kitatya,Kitatya CU Primary School,Government,Male,Division U,4
d102,c101,s104,p139,Kayunga,Bbaale,2018,Kitimbwa,Kitatya,Kitatya CU Primary School,Government,Female,Division U,2
d102,c101,s104,p139,Kayunga,Bbaale,2018,Kitimbwa,Kitatya,Kitatya CU Primary School,Government,Male,Division X,0
d102,c101,s104,p139,Kayunga,Bbaale,2018,Kitimbwa,Kitatya,Kitatya CU Primary School,Government,Female,Division X,0
d102,c101,s104,p139,Kayunga,Bbaale,2018,Kitimbwa,Kitatya,Kitatya RC Primary School,Government,Male,Division 1,0
d102,c101,s104,p139,Kayunga,Bbaale,2018,Kitimbwa,Kitatya,Kitatya RC Primary School,Government,Female,Division 1,0
d102,c101,s104,p139,Kayunga,Bbaale,2018,Kitimbwa,Kitatya,Kitatya RC Primary School,Government,Male,Division 2,9
d102,c101,s104,p139,Kayunga,Bbaale,2018,Kitimbwa,Kitatya,Kitatya RC Primary School,Government,Female,Division 2,5
d102,c101,s104,p139,Kayunga,Bbaale,2018,Kitimbwa,Kitatya,Kitatya RC Primary School,Government,Male,Division 3,8
d102,c101,s104,p139,Kayunga,Bbaale,2018,Kitimbwa,Kitatya,Kitatya RC Primary School,Government,Female,Division 3,5
d102,c101,s104,p139,Kayunga,Bbaale,2018,Kitimbwa,Kitatya,Kitatya RC Primary School,Government,Male,Division 4,2
d102,c101,s104,p139,Kayunga,Bbaale,2018,Kitimbwa,Kitatya,Kitatya RC Primary School,Government,Female,Division 4,3
d102,c101,s104,p139,Kayunga,Bbaale,2018,Kitimbwa,Kitatya,Kitatya RC Primary School,Government,Male,Division U,0
d102,c101,s104,p139,Kayunga,Bbaale,2018,Kitimbwa,Kitatya,Kitatya RC Primary School,Government,Female,Division U,1
d102,c101,s104,p139,Kayunga,Bbaale,2018,Kitimbwa,Kitatya,Kitatya RC Primary School,Government,Male,Division X,3
d102,c101,s104,p139,Kayunga,Bbaale,2018,Kitimbwa,Kitatya,Kitatya RC Primary School,Government,Female,Division X,0
d102,c101,s104,p142,Kayunga,Bbaale,2018,Kitimbwa,Kyerima,Mt Carmel Primary School,Private,Male,Division 1,4
d102,c101,s104,p142,Kayunga,Bbaale,2018,Kitimbwa,Kyerima,Mt Carmel Primary School,Private,Female,Division 1,1
d102,c101,s104,p142,Kayunga,Bbaale,2018,Kitimbwa,Kyerima,Mt Carmel Primary School,Private,Male,Division 2,8
d102,c101,s104,p142,Kayunga,Bbaale,2018,Kitimbwa,Kyerima,Mt Carmel Primary School,Private,Female,Division 2,14
d102,c101,s104,p142,Kayunga,Bbaale,2018,Kitimbwa,Kyerima,Mt Carmel Primary School,Private,Male,Division 3,7
d102,c101,s104,p142,Kayunga,Bbaale,2018,Kitimbwa,Kyerima,Mt Carmel Primary School,Private,Female,Division 3,8
d102,c101,s104,p142,Kayunga,Bbaale,2018,Kitimbwa,Kyerima,Mt Carmel Primary School,Private,Male,Division 4,8
d102,c101,s104,p142,Kayunga,Bbaale,2018,Kitimbwa,Kyerima,Mt Carmel Primary School,Private,Female,Division 4,4
d102,c101,s104,p142,Kayunga,Bbaale,2018,Kitimbwa,Kyerima,Mt Carmel Primary School,Private,Male,Division U,0
d102,c101,s104,p142,Kayunga,Bbaale,2018,Kitimbwa,Kyerima,Mt Carmel Primary School,Private,Female,Division U,2
d102,c101,s104,p142,Kayunga,Bbaale,2018,Kitimbwa,Kyerima,Mt Carmel Primary School,Private,Male,Division X,0
d102,c101,s104,p142,Kayunga,Bbaale,2018,Kitimbwa,Kyerima,Mt Carmel Primary School,Private,Female,Division X,0
d102,c101,s104,p142,Kayunga,Bbaale,2018,Kitimbwa,Kyerima,Nakaseeta CU Primary School,Government,Male,Division 1,0
d102,c101,s104,p142,Kayunga,Bbaale,2018,Kitimbwa,Kyerima,Nakaseeta CU Primary School,Government,Female,Division 1,0
d102,c101,s104,p142,Kayunga,Bbaale,2018,Kitimbwa,Kyerima,Nakaseeta CU Primary School,Government,Male,Division 2,0
d102,c101,s104,p142,Kayunga,Bbaale,2018,Kitimbwa,Kyerima,Nakaseeta CU Primary School,Government,Female,Division 2,2
d102,c101,s104,p142,Kayunga,Bbaale,2018,Kitimbwa,Kyerima,Nakaseeta CU Primary School,Government,Male,Division 3,5
d102,c101,s104,p142,Kayunga,Bbaale,2018,Kitimbwa,Kyerima,Nakaseeta CU Primary School,Government,Female,Division 3,2
d102,c101,s104,p142,Kayunga,Bbaale,2018,Kitimbwa,Kyerima,Nakaseeta CU Primary School,Government,Male,Division 4,2
d102,c101,s104,p142,Kayunga,Bbaale,2018,Kitimbwa,Kyerima,Nakaseeta CU Primary School,Government,Female,Division 4,1
d102,c101,s104,p142,Kayunga,Bbaale,2018,Kitimbwa,Kyerima,Nakaseeta CU Primary School,Government,Male,Division U,3
d102,c101,s104,p142,Kayunga,Bbaale,2018,Kitimbwa,Kyerima,Nakaseeta CU Primary School,Government,Female,Division U,3
d102,c101,s104,p142,Kayunga,Bbaale,2018,Kitimbwa,Kyerima,Nakaseeta CU Primary School,Government,Male,Division X,2
d102,c101,s104,p142,Kayunga,Bbaale,2018,Kitimbwa,Kyerima,Nakaseeta CU Primary School,Government,Female,Division X,1
d102,c101,s104,p144,Kayunga,Bbaale,2018,Kitimbwa,Nakivubo,Nakivubo CU Primary School,Government,Male,Division 1,0
d102,c101,s104,p144,Kayunga,Bbaale,2018,Kitimbwa,Nakivubo,Nakivubo CU Primary School,Government,Female,Division 1,0
d102,c101,s104,p144,Kayunga,Bbaale,2018,Kitimbwa,Nakivubo,Nakivubo CU Primary School,Government,Male,Division 2,7
d102,c101,s104,p144,Kayunga,Bbaale,2018,Kitimbwa,Nakivubo,Nakivubo CU Primary School,Government,Female,Division 2,0
d102,c101,s104,p144,Kayunga,Bbaale,2018,Kitimbwa,Nakivubo,Nakivubo CU Primary School,Government,Male,Division 3,9
d102,c101,s104,p144,Kayunga,Bbaale,2018,Kitimbwa,Nakivubo,Nakivubo CU Primary School,Government,Female,Division 3,10
d102,c101,s104,p144,Kayunga,Bbaale,2018,Kitimbwa,Nakivubo,Nakivubo CU Primary School,Government,Male,Division 4,15
d102,c101,s104,p144,Kayunga,Bbaale,2018,Kitimbwa,Nakivubo,Nakivubo CU Primary School,Government,Female,Division 4,5
d102,c101,s104,p144,Kayunga,Bbaale,2018,Kitimbwa,Nakivubo,Nakivubo CU Primary School,Government,Male,Division U,16
d102,c101,s104,p144,Kayunga,Bbaale,2018,Kitimbwa,Nakivubo,Nakivubo CU Primary School,Government,Female,Division U,10
d102,c101,s104,p144,Kayunga,Bbaale,2018,Kitimbwa,Nakivubo,Nakivubo CU Primary School,Government,Male,Division X,2
d102,c101,s104,p144,Kayunga,Bbaale,2018,Kitimbwa,Nakivubo,Nakivubo CU Primary School,Government,Female,Division X,2
d102,c101,s104,p144,Kayunga,Bbaale,2018,Kitimbwa,Nakivubo,Nakivubo UMEA Primary School,Government,Male,Division 1,0
d102,c101,s104,p144,Kayunga,Bbaale,2018,Kitimbwa,Nakivubo,Nakivubo UMEA Primary School,Government,Female,Division 1,0
d102,c101,s104,p144,Kayunga,Bbaale,2018,Kitimbwa,Nakivubo,Nakivubo UMEA Primary School,Government,Male,Division 2,0
d102,c101,s104,p144,Kayunga,Bbaale,2018,Kitimbwa,Nakivubo,Nakivubo UMEA Primary School,Government,Female,Division 2,0
d102,c101,s104,p144,Kayunga,Bbaale,2018,Kitimbwa,Nakivubo,Nakivubo UMEA Primary School,Government,Male,Division 3,0
d102,c101,s104,p144,Kayunga,Bbaale,2018,Kitimbwa,Nakivubo,Nakivubo UMEA Primary School,Government,Female,Division 3,0
d102,c101,s104,p144,Kayunga,Bbaale,2018,Kitimbwa,Nakivubo,Nakivubo UMEA Primary School,Government,Male,Division 4,0
d102,c101,s104,p144,Kayunga,Bbaale,2018,Kitimbwa,Nakivubo,Nakivubo UMEA Primary School,Government,Female,Division 4,1
d102,c101,s104,p144,Kayunga,Bbaale,2018,Kitimbwa,Nakivubo,Nakivubo UMEA Primary School,Government,Male,Division U,6
d102,c101,s104,p144,Kayunga,Bbaale,2018,Kitimbwa,Nakivubo,Nakivubo UMEA Primary School,Government,Female,Division U,4
d102,c101,s104,p144,Kayunga,Bbaale,2018,Kitimbwa,Nakivubo,Nakivubo UMEA Primary School,Government,Male,Division X,3
d102,c101,s104,p144,Kayunga,Bbaale,2018,Kitimbwa,Nakivubo,Nakivubo UMEA Primary School,Government,Female,Division X,1
d102,c101,s104,p142,Kayunga,Bbaale,2018,Kitimbwa,Kyerima,Namabuga RC Primary School,Government,Male,Division 1,0
d102,c101,s104,p142,Kayunga,Bbaale,2018,Kitimbwa,Kyerima,Namabuga RC Primary School,Government,Female,Division 1,0
d102,c101,s104,p142,Kayunga,Bbaale,2018,Kitimbwa,Kyerima,Namabuga RC Primary School,Government,Male,Division 2,0
d102,c101,s104,p142,Kayunga,Bbaale,2018,Kitimbwa,Kyerima,Namabuga RC Primary School,Government,Female,Division 2,0
d102,c101,s104,p142,Kayunga,Bbaale,2018,Kitimbwa,Kyerima,Namabuga RC Primary School,Government,Male,Division 3,2
d102,c101,s104,p142,Kayunga,Bbaale,2018,Kitimbwa,Kyerima,Namabuga RC Primary School,Government,Female,Division 3,5
d102,c101,s104,p142,Kayunga,Bbaale,2018,Kitimbwa,Kyerima,Namabuga RC Primary School,Government,Male,Division 4,3
d102,c101,s104,p142,Kayunga,Bbaale,2018,Kitimbwa,Kyerima,Namabuga RC Primary School,Government,Female,Division 4,2
d102,c101,s104,p142,Kayunga,Bbaale,2018,Kitimbwa,Kyerima,Namabuga RC Primary School,Government,Male,Division U,0
d102,c101,s104,p142,Kayunga,Bbaale,2018,Kitimbwa,Kyerima,Namabuga RC Primary School,Government,Female,Division U,2
d102,c101,s104,p142,Kayunga,Bbaale,2018,Kitimbwa,Kyerima,Namabuga RC Primary School,Government,Male,Division X,0
d102,c101,s104,p142,Kayunga,Bbaale,2018,Kitimbwa,Kyerima,Namabuga RC Primary School,Government,Female,Division X,1
d102,c101,s104,p140,Kayunga,Bbaale,2018,Kitimbwa,Namulaba,Namulaba UMEA Primary School,Government,Male,Division 1,1
d102,c101,s104,p140,Kayunga,Bbaale,2018,Kitimbwa,Namulaba,Namulaba UMEA Primary School,Government,Female,Division 1,0
d102,c101,s104,p140,Kayunga,Bbaale,2018,Kitimbwa,Namulaba,Namulaba UMEA Primary School,Government,Male,Division 2,4
d102,c101,s104,p140,Kayunga,Bbaale,2018,Kitimbwa,Namulaba,Namulaba UMEA Primary School,Government,Female,Division 2,5
d102,c101,s104,p140,Kayunga,Bbaale,2018,Kitimbwa,Namulaba,Namulaba UMEA Primary School,Government,Male,Division 3,4
d102,c101,s104,p140,Kayunga,Bbaale,2018,Kitimbwa,Namulaba,Namulaba UMEA Primary School,Government,Female,Division 3,3
d102,c101,s104,p140,Kayunga,Bbaale,2018,Kitimbwa,Namulaba,Namulaba UMEA Primary School,Government,Male,Division 4,7
d102,c101,s104,p140,Kayunga,Bbaale,2018,Kitimbwa,Namulaba,Namulaba UMEA Primary School,Government,Female,Division 4,7
d102,c101,s104,p140,Kayunga,Bbaale,2018,Kitimbwa,Namulaba,Namulaba UMEA Primary School,Government,Male,Division U,20
d102,c101,s104,p140,Kayunga,Bbaale,2018,Kitimbwa,Namulaba,Namulaba UMEA Primary School,Government,Female,Division U,23
d102,c101,s104,p140,Kayunga,Bbaale,2018,Kitimbwa,Namulaba,Namulaba UMEA Primary School,Government,Male,Division X,0
d102,c101,s104,p140,Kayunga,Bbaale,2018,Kitimbwa,Namulaba,Namulaba UMEA Primary School,Government,Female,Division X,2
d102,c101,s104,p142,Kayunga,Bbaale,2018,Kitimbwa,Kyerima,Nanjwenge CU Primary School,Government,Male,Division 1,0
d102,c101,s104,p142,Kayunga,Bbaale,2018,Kitimbwa,Kyerima,Nanjwenge CU Primary School,Government,Female,Division 1,0
d102,c101,s104,p142,Kayunga,Bbaale,2018,Kitimbwa,Kyerima,Nanjwenge CU Primary School,Government,Male,Division 2,4
d102,c101,s104,p142,Kayunga,Bbaale,2018,Kitimbwa,Kyerima,Nanjwenge CU Primary School,Government,Female,Division 2,1
d102,c101,s104,p142,Kayunga,Bbaale,2018,Kitimbwa,Kyerima,Nanjwenge CU Primary School,Government,Male,Division 3,6
d102,c101,s104,p142,Kayunga,Bbaale,2018,Kitimbwa,Kyerima,Nanjwenge CU Primary School,Government,Female,Division 3,5
d102,c101,s104,p142,Kayunga,Bbaale,2018,Kitimbwa,Kyerima,Nanjwenge CU Primary School,Government,Male,Division 4,5
d102,c101,s104,p142,Kayunga,Bbaale,2018,Kitimbwa,Kyerima,Nanjwenge CU Primary School,Government,Female,Division 4,7
d102,c101,s104,p142,Kayunga,Bbaale,2018,Kitimbwa,Kyerima,Nanjwenge CU Primary School,Government,Male,Division U,14
d102,c101,s104,p142,Kayunga,Bbaale,2018,Kitimbwa,Kyerima,Nanjwenge CU Primary School,Government,Female,Division U,10
d102,c101,s104,p142,Kayunga,Bbaale,2018,Kitimbwa,Kyerima,Nanjwenge CU Primary School,Government,Male,Division X,2
d102,c101,s104,p142,Kayunga,Bbaale,2018,Kitimbwa,Kyerima,Nanjwenge CU Primary School,Government,Female,Division X,0
d102,c101,s104,p140,Kayunga,Bbaale,2018,Kitimbwa,Namulaba,Nongo CU Primary School Kitimbwa,Government,Male,Division 1,0
d102,c101,s104,p140,Kayunga,Bbaale,2018,Kitimbwa,Namulaba,Nongo CU Primary School Kitimbwa,Government,Female,Division 1,0
d102,c101,s104,p140,Kayunga,Bbaale,2018,Kitimbwa,Namulaba,Nongo CU Primary School Kitimbwa,Government,Male,Division 2,0
d102,c101,s104,p140,Kayunga,Bbaale,2018,Kitimbwa,Namulaba,Nongo CU Primary School Kitimbwa,Government,Female,Division 2,1
d102,c101,s104,p140,Kayunga,Bbaale,2018,Kitimbwa,Namulaba,Nongo CU Primary School Kitimbwa,Government,Male,Division 3,5
d102,c101,s104,p140,Kayunga,Bbaale,2018,Kitimbwa,Namulaba,Nongo CU Primary School Kitimbwa,Government,Female,Division 3,2
d102,c101,s104,p140,Kayunga,Bbaale,2018,Kitimbwa,Namulaba,Nongo CU Primary School Kitimbwa,Government,Male,Division 4,3
d102,c101,s104,p140,Kayunga,Bbaale,2018,Kitimbwa,Namulaba,Nongo CU Primary School Kitimbwa,Government,Female,Division 4,3
d102,c101,s104,p140,Kayunga,Bbaale,2018,Kitimbwa,Namulaba,Nongo CU Primary School Kitimbwa,Government,Male,Division U,6
d102,c101,s104,p140,Kayunga,Bbaale,2018,Kitimbwa,Namulaba,Nongo CU Primary School Kitimbwa,Government,Female,Division U,5
d102,c101,s104,p140,Kayunga,Bbaale,2018,Kitimbwa,Namulaba,Nongo CU Primary School Kitimbwa,Government,Male,Division X,2
d102,c101,s104,p140,Kayunga,Bbaale,2018,Kitimbwa,Namulaba,Nongo CU Primary School Kitimbwa,Government,Female,Division X,1
d102,c101,s104,p143,Kayunga,Bbaale,2018,Kitimbwa,Nkokonjeru,Tweyagalire RC Primary School,Government,Male,Division 1,0
d102,c101,s104,p143,Kayunga,Bbaale,2018,Kitimbwa,Nkokonjeru,Tweyagalire RC Primary School,Government,Female,Division 1,0
d102,c101,s104,p143,Kayunga,Bbaale,2018,Kitimbwa,Nkokonjeru,Tweyagalire RC Primary School,Government,Male,Division 2,4
d102,c101,s104,p143,Kayunga,Bbaale,2018,Kitimbwa,Nkokonjeru,Tweyagalire RC Primary School,Government,Female,Division 2,2
d102,c101,s104,p143,Kayunga,Bbaale,2018,Kitimbwa,Nkokonjeru,Tweyagalire RC Primary School,Government,Male,Division 3,10
d102,c101,s104,p143,Kayunga,Bbaale,2018,Kitimbwa,Nkokonjeru,Tweyagalire RC Primary School,Government,Female,Division 3,3
d102,c101,s104,p143,Kayunga,Bbaale,2018,Kitimbwa,Nkokonjeru,Tweyagalire RC Primary School,Government,Male,Division 4,7
d102,c101,s104,p143,Kayunga,Bbaale,2018,Kitimbwa,Nkokonjeru,Tweyagalire RC Primary School,Government,Female,Division 4,3
d102,c101,s104,p143,Kayunga,Bbaale,2018,Kitimbwa,Nkokonjeru,Tweyagalire RC Primary School,Government,Male,Division U,20
d102,c101,s104,p143,Kayunga,Bbaale,2018,Kitimbwa,Nkokonjeru,Tweyagalire RC Primary School,Government,Female,Division U,5
d102,c101,s104,p143,Kayunga,Bbaale,2018,Kitimbwa,Nkokonjeru,Tweyagalire RC Primary School,Government,Male,Division X,3
d102,c101,s104,p143,Kayunga,Bbaale,2018,Kitimbwa,Nkokonjeru,Tweyagalire RC Primary School,Government,Female,Division X,2
d102,c101,s104,p141,Kayunga,Bbaale,2018,Kitimbwa,Wabwoko,Wabwoko CU Primary School,Government,Male,Division 1,1
d102,c101,s104,p141,Kayunga,Bbaale,2018,Kitimbwa,Wabwoko,Wabwoko CU Primary School,Government,Female,Division 1,0
d102,c101,s104,p141,Kayunga,Bbaale,2018,Kitimbwa,Wabwoko,Wabwoko CU Primary School,Government,Male,Division 2,19
d102,c101,s104,p141,Kayunga,Bbaale,2018,Kitimbwa,Wabwoko,Wabwoko CU Primary School,Government,Female,Division 2,7
d102,c101,s104,p141,Kayunga,Bbaale,2018,Kitimbwa,Wabwoko,Wabwoko CU Primary School,Government,Male,Division 3,11
d102,c101,s104,p141,Kayunga,Bbaale,2018,Kitimbwa,Wabwoko,Wabwoko CU Primary School,Government,Female,Division 3,8
d102,c101,s104,p141,Kayunga,Bbaale,2018,Kitimbwa,Wabwoko,Wabwoko CU Primary School,Government,Male,Division 4,16
d102,c101,s104,p141,Kayunga,Bbaale,2018,Kitimbwa,Wabwoko,Wabwoko CU Primary School,Government,Female,Division 4,3
d102,c101,s104,p141,Kayunga,Bbaale,2018,Kitimbwa,Wabwoko,Wabwoko CU Primary School,Government,Male,Division U,0
d102,c101,s104,p141,Kayunga,Bbaale,2018,Kitimbwa,Wabwoko,Wabwoko CU Primary School,Government,Female,Division U,1
d102,c101,s104,p141,Kayunga,Bbaale,2018,Kitimbwa,Wabwoko,Wabwoko CU Primary School,Government,Male,Division X,0
d102,c101,s104,p141,Kayunga,Bbaale,2018,Kitimbwa,Wabwoko,Wabwoko CU Primary School,Government,Female,Division X,0
d102,c102,s105,p115,Kayunga,Ntenjeru,2018,Busaana,Kasana,Kasana RC Primary School,Government,Male,Division 1,6
d102,c102,s105,p115,Kayunga,Ntenjeru,2018,Busaana,Kasana,Kasana RC Primary School,Government,Female,Division 1,5
d102,c102,s105,p115,Kayunga,Ntenjeru,2018,Busaana,Kasana,Kasana RC Primary School,Government,Male,Division 2,12
d102,c102,s105,p115,Kayunga,Ntenjeru,2018,Busaana,Kasana,Kasana RC Primary School,Government,Female,Division 2,7
d102,c102,s105,p115,Kayunga,Ntenjeru,2018,Busaana,Kasana,Kasana RC Primary School,Government,Male,Division 3,10
d102,c102,s105,p115,Kayunga,Ntenjeru,2018,Busaana,Kasana,Kasana RC Primary School,Government,Female,Division 3,9
d102,c102,s105,p115,Kayunga,Ntenjeru,2018,Busaana,Kasana,Kasana RC Primary School,Government,Male,Division 4,2
d102,c102,s105,p115,Kayunga,Ntenjeru,2018,Busaana,Kasana,Kasana RC Primary School,Government,Female,Division 4,1
d102,c102,s105,p115,Kayunga,Ntenjeru,2018,Busaana,Kasana,Kasana RC Primary School,Government,Male,Division U,2
d102,c102,s105,p115,Kayunga,Ntenjeru,2018,Busaana,Kasana,Kasana RC Primary School,Government,Female,Division U,4
d102,c102,s105,p115,Kayunga,Ntenjeru,2018,Busaana,Kasana,Kasana RC Primary School,Government,Male,Division X,1
d102,c102,s105,p115,Kayunga,Ntenjeru,2018,Busaana,Kasana,Kasana RC Primary School,Government,Female,Division X,1
d102,c102,s105,p121,Kayunga,Ntenjeru,2018,Busaana,Lusenke,Kibuzi CU Primary School,Government,Male,Division 1,0
d102,c102,s105,p121,Kayunga,Ntenjeru,2018,Busaana,Lusenke,Kibuzi CU Primary School,Government,Female,Division 1,0
d102,c102,s105,p121,Kayunga,Ntenjeru,2018,Busaana,Lusenke,Kibuzi CU Primary School,Government,Male,Division 2,9
d102,c102,s105,p121,Kayunga,Ntenjeru,2018,Busaana,Lusenke,Kibuzi CU Primary School,Government,Female,Division 2,2
d102,c102,s105,p121,Kayunga,Ntenjeru,2018,Busaana,Lusenke,Kibuzi CU Primary School,Government,Male,Division 3,6
d102,c102,s105,p121,Kayunga,Ntenjeru,2018,Busaana,Lusenke,Kibuzi CU Primary School,Government,Female,Division 3,4
d102,c102,s105,p121,Kayunga,Ntenjeru,2018,Busaana,Lusenke,Kibuzi CU Primary School,Government,Male,Division 4,3
d102,c102,s105,p121,Kayunga,Ntenjeru,2018,Busaana,Lusenke,Kibuzi CU Primary School,Government,Female,Division 4,2
d102,c102,s105,p121,Kayunga,Ntenjeru,2018,Busaana,Lusenke,Kibuzi CU Primary School,Government,Male,Division U,0
d102,c102,s105,p121,Kayunga,Ntenjeru,2018,Busaana,Lusenke,Kibuzi CU Primary School,Government,Female,Division U,3
d102,c102,s105,p121,Kayunga,Ntenjeru,2018,Busaana,Lusenke,Kibuzi CU Primary School,Government,Male,Division X,0
d102,c102,s105,p121,Kayunga,Ntenjeru,2018,Busaana,Lusenke,Kibuzi CU Primary School,Government,Female,Division X,0
d102,c102,s105,p121,Kayunga,Ntenjeru,2018,Busaana,Lusenke,Kibuzi RC Primary School,Government,Male,Division 1,0
d102,c102,s105,p121,Kayunga,Ntenjeru,2018,Busaana,Lusenke,Kibuzi RC Primary School,Government,Female,Division 1,0
d102,c102,s105,p121,Kayunga,Ntenjeru,2018,Busaana,Lusenke,Kibuzi RC Primary School,Government,Male,Division 2,1
d102,c102,s105,p121,Kayunga,Ntenjeru,2018,Busaana,Lusenke,Kibuzi RC Primary School,Government,Female,Division 2,0
d102,c102,s105,p121,Kayunga,Ntenjeru,2018,Busaana,Lusenke,Kibuzi RC Primary School,Government,Male,Division 3,1
d102,c102,s105,p121,Kayunga,Ntenjeru,2018,Busaana,Lusenke,Kibuzi RC Primary School,Government,Female,Division 3,1
d102,c102,s105,p121,Kayunga,Ntenjeru,2018,Busaana,Lusenke,Kibuzi RC Primary School,Government,Male,Division 4,4
d102,c102,s105,p121,Kayunga,Ntenjeru,2018,Busaana,Lusenke,Kibuzi RC Primary School,Government,Female,Division 4,1
d102,c102,s105,p121,Kayunga,Ntenjeru,2018,Busaana,Lusenke,Kibuzi RC Primary School,Government,Male,Division U,8
d102,c102,s105,p121,Kayunga,Ntenjeru,2018,Busaana,Lusenke,Kibuzi RC Primary School,Government,Female,Division U,5
d102,c102,s105,p121,Kayunga,Ntenjeru,2018,Busaana,Lusenke,Kibuzi RC Primary School,Government,Male,Division X,1
d102,c102,s105,p121,Kayunga,Ntenjeru,2018,Busaana,Lusenke,Kibuzi RC Primary School,Government,Female,Division X,0
d102,c102,s105,p122,Kayunga,Ntenjeru,2018,Busaana,Nampanyi,Kireku CU Primary School,Government,Male,Division 1,1
d102,c102,s105,p122,Kayunga,Ntenjeru,2018,Busaana,Nampanyi,Kireku CU Primary School,Government,Female,Division 1,1
d102,c102,s105,p122,Kayunga,Ntenjeru,2018,Busaana,Nampanyi,Kireku CU Primary School,Government,Male,Division 2,10
d102,c102,s105,p122,Kayunga,Ntenjeru,2018,Busaana,Nampanyi,Kireku CU Primary School,Government,Female,Division 2,7
d102,c102,s105,p122,Kayunga,Ntenjeru,2018,Busaana,Nampanyi,Kireku CU Primary School,Government,Male,Division 3,9
d102,c102,s105,p122,Kayunga,Ntenjeru,2018,Busaana,Nampanyi,Kireku CU Primary School,Government,Female,Division 3,10
d102,c102,s105,p122,Kayunga,Ntenjeru,2018,Busaana,Nampanyi,Kireku CU Primary School,Government,Male,Division 4,17
d102,c102,s105,p122,Kayunga,Ntenjeru,2018,Busaana,Nampanyi,Kireku CU Primary School,Government,Female,Division 4,10
d102,c102,s105,p122,Kayunga,Ntenjeru,2018,Busaana,Nampanyi,Kireku CU Primary School,Government,Male,Division U,0
d102,c102,s105,p122,Kayunga,Ntenjeru,2018,Busaana,Nampanyi,Kireku CU Primary School,Government,Female,Division U,0
d102,c102,s105,p122,Kayunga,Ntenjeru,2018,Busaana,Nampanyi,Kireku CU Primary School,Government,Male,Division X,0
d102,c102,s105,p122,Kayunga,Ntenjeru,2018,Busaana,Nampanyi,Kireku CU Primary School,Government,Female,Division X,0
d102,c102,s105,p118,Kayunga,Ntenjeru,2018,Busaana,Kiwangula,Kiwangula CU Primary School,Government,Male,Division 1,0
d102,c102,s105,p118,Kayunga,Ntenjeru,2018,Busaana,Kiwangula,Kiwangula CU Primary School,Government,Female,Division 1,0
d102,c102,s105,p118,Kayunga,Ntenjeru,2018,Busaana,Kiwangula,Kiwangula CU Primary School,Government,Male,Division 2,4
d102,c102,s105,p118,Kayunga,Ntenjeru,2018,Busaana,Kiwangula,Kiwangula CU Primary School,Government,Female,Division 2,3
d102,c102,s105,p118,Kayunga,Ntenjeru,2018,Busaana,Kiwangula,Kiwangula CU Primary School,Government,Male,Division 3,6
d102,c102,s105,p118,Kayunga,Ntenjeru,2018,Busaana,Kiwangula,Kiwangula CU Primary School,Government,Female,Division 3,4
d102,c102,s105,p118,Kayunga,Ntenjeru,2018,Busaana,Kiwangula,Kiwangula CU Primary School,Government,Male,Division 4,10
d102,c102,s105,p118,Kayunga,Ntenjeru,2018,Busaana,Kiwangula,Kiwangula CU Primary School,Government,Female,Division 4,16
d102,c102,s105,p118,Kayunga,Ntenjeru,2018,Busaana,Kiwangula,Kiwangula CU Primary School,Government,Male,Division U,2
d102,c102,s105,p118,Kayunga,Ntenjeru,2018,Busaana,Kiwangula,Kiwangula CU Primary School,Government,Female,Division U,3
d102,c102,s105,p118,Kayunga,Ntenjeru,2018,Busaana,Kiwangula,Kiwangula CU Primary School,Government,Male,Division X,2
d102,c102,s105,p118,Kayunga,Ntenjeru,2018,Busaana,Kiwangula,Kiwangula CU Primary School,Government,Female,Division X,2
d102,c102,s105,p118,Kayunga,Ntenjeru,2018,Busaana,Kiwangula,Kiwangula RC Primary School,Government,Male,Division 1,0
d102,c102,s105,p118,Kayunga,Ntenjeru,2018,Busaana,Kiwangula,Kiwangula RC Primary School,Government,Female,Division 1,0
d102,c102,s105,p118,Kayunga,Ntenjeru,2018,Busaana,Kiwangula,Kiwangula RC Primary School,Government,Male,Division 2,10
d102,c102,s105,p118,Kayunga,Ntenjeru,2018,Busaana,Kiwangula,Kiwangula RC Primary School,Government,Female,Division 2,11
d102,c102,s105,p118,Kayunga,Ntenjeru,2018,Busaana,Kiwangula,Kiwangula RC Primary School,Government,Male,Division 3,6
d102,c102,s105,p118,Kayunga,Ntenjeru,2018,Busaana,Kiwangula,Kiwangula RC Primary School,Government,Female,Division 3,4
d102,c102,s105,p118,Kayunga,Ntenjeru,2018,Busaana,Kiwangula,Kiwangula RC Primary School,Government,Male,Division 4,2
d102,c102,s105,p118,Kayunga,Ntenjeru,2018,Busaana,Kiwangula,Kiwangula RC Primary School,Government,Female,Division 4,1
d102,c102,s105,p118,Kayunga,Ntenjeru,2018,Busaana,Kiwangula,Kiwangula RC Primary School,Government,Male,Division U,0
d102,c102,s105,p118,Kayunga,Ntenjeru,2018,Busaana,Kiwangula,Kiwangula RC Primary School,Government,Female,Division U,0
d102,c102,s105,p118,Kayunga,Ntenjeru,2018,Busaana,Kiwangula,Kiwangula RC Primary School,Government,Male,Division X,0
d102,c102,s105,p118,Kayunga,Ntenjeru,2018,Busaana,Kiwangula,Kiwangula RC Primary School,Government,Female,Division X,0
d102,c102,s105,p116,Kayunga,Ntenjeru,2018,Busaana,Nabuganyi,Nabuganyi CU Primary School,Government,Male,Division 1,2
d102,c102,s105,p116,Kayunga,Ntenjeru,2018,Busaana,Nabuganyi,Nabuganyi CU Primary School,Government,Female,Division 1,0
d102,c102,s105,p116,Kayunga,Ntenjeru,2018,Busaana,Nabuganyi,Nabuganyi CU Primary School,Government,Male,Division 2,14
d102,c102,s105,p116,Kayunga,Ntenjeru,2018,Busaana,Nabuganyi,Nabuganyi CU Primary School,Government,Female,Division 2,20
d102,c102,s105,p116,Kayunga,Ntenjeru,2018,Busaana,Nabuganyi,Nabuganyi CU Primary School,Government,Male,Division 3,2
d102,c102,s105,p116,Kayunga,Ntenjeru,2018,Busaana,Nabuganyi,Nabuganyi CU Primary School,Government,Female,Division 3,0
d102,c102,s105,p116,Kayunga,Ntenjeru,2018,Busaana,Nabuganyi,Nabuganyi CU Primary School,Government,Male,Division 4,0
d102,c102,s105,p116,Kayunga,Ntenjeru,2018,Busaana,Nabuganyi,Nabuganyi CU Primary School,Government,Female,Division 4,0
d102,c102,s105,p116,Kayunga,Ntenjeru,2018,Busaana,Nabuganyi,Nabuganyi CU Primary School,Government,Male,Division U,0
d102,c102,s105,p116,Kayunga,Ntenjeru,2018,Busaana,Nabuganyi,Nabuganyi CU Primary School,Government,Female,Division U,0
d102,c102,s105,p116,Kayunga,Ntenjeru,2018,Busaana,Nabuganyi,Nabuganyi CU Primary School,Government,Male,Division X,1
d102,c102,s105,p116,Kayunga,Ntenjeru,2018,Busaana,Nabuganyi,Nabuganyi CU Primary School,Government,Female,Division X,1
d102,c102,s105,p122,Kayunga,Ntenjeru,2018,Busaana,Nampanyi,Nakakandwa RC Primary School,Government,Male,Division 1,0
d102,c102,s105,p122,Kayunga,Ntenjeru,2018,Busaana,Nampanyi,Nakakandwa RC Primary School,Government,Female,Division 1,1
d102,c102,s105,p122,Kayunga,Ntenjeru,2018,Busaana,Nampanyi,Nakakandwa RC Primary School,Government,Male,Division 2,17
d102,c102,s105,p122,Kayunga,Ntenjeru,2018,Busaana,Nampanyi,Nakakandwa RC Primary School,Government,Female,Division 2,10
d102,c102,s105,p122,Kayunga,Ntenjeru,2018,Busaana,Nampanyi,Nakakandwa RC Primary School,Government,Male,Division 3,13
d102,c102,s105,p122,Kayunga,Ntenjeru,2018,Busaana,Nampanyi,Nakakandwa RC Primary School,Government,Female,Division 3,10
d102,c102,s105,p122,Kayunga,Ntenjeru,2018,Busaana,Nampanyi,Nakakandwa RC Primary School,Government,Male,Division 4,10
d102,c102,s105,p122,Kayunga,Ntenjeru,2018,Busaana,Nampanyi,Nakakandwa RC Primary School,Government,Female,Division 4,12
d102,c102,s105,p122,Kayunga,Ntenjeru,2018,Busaana,Nampanyi,Nakakandwa RC Primary School,Government,Male,Division U,2
d102,c102,s105,p122,Kayunga,Ntenjeru,2018,Busaana,Nampanyi,Nakakandwa RC Primary School,Government,Female,Division U,1
d102,c102,s105,p122,Kayunga,Ntenjeru,2018,Busaana,Nampanyi,Nakakandwa RC Primary School,Government,Male,Division X,0
d102,c102,s105,p122,Kayunga,Ntenjeru,2018,Busaana,Nampanyi,Nakakandwa RC Primary School,Government,Female,Division X,0
d102,c102,s105,p118,Kayunga,Ntenjeru,2018,Busaana,Kiwangula,Nakatovu CU Primary School,Government,Male,Division 1,8
d102,c102,s105,p118,Kayunga,Ntenjeru,2018,Busaana,Kiwangula,Nakatovu CU Primary School,Government,Female,Division 1,6
d102,c102,s105,p118,Kayunga,Ntenjeru,2018,Busaana,Kiwangula,Nakatovu CU Primary School,Government,Male,Division 2,9
d102,c102,s105,p118,Kayunga,Ntenjeru,2018,Busaana,Kiwangula,Nakatovu CU Primary School,Government,Female,Division 2,4
d102,c102,s105,p118,Kayunga,Ntenjeru,2018,Busaana,Kiwangula,Nakatovu CU Primary School,Government,Male,Division 3,4
d102,c102,s105,p118,Kayunga,Ntenjeru,2018,Busaana,Kiwangula,Nakatovu CU Primary School,Government,Female,Division 3,4
d102,c102,s105,p118,Kayunga,Ntenjeru,2018,Busaana,Kiwangula,Nakatovu CU Primary School,Government,Male,Division 4,5
d102,c102,s105,p118,Kayunga,Ntenjeru,2018,Busaana,Kiwangula,Nakatovu CU Primary School,Government,Female,Division 4,3
d102,c102,s105,p118,Kayunga,Ntenjeru,2018,Busaana,Kiwangula,Nakatovu CU Primary School,Government,Male,Division U,5
d102,c102,s105,p118,Kayunga,Ntenjeru,2018,Busaana,Kiwangula,Nakatovu CU Primary School,Government,Female,Division U,2
d102,c102,s105,p118,Kayunga,Ntenjeru,2018,Busaana,Kiwangula,Nakatovu CU Primary School,Government,Male,Division X,1
d102,c102,s105,p118,Kayunga,Ntenjeru,2018,Busaana,Kiwangula,Nakatovu CU Primary School,Government,Female,Division X,0
d102,c102,s105,p120,Kayunga,Ntenjeru,2018,Busaana,Namusaala,Namusaala CU Primary School,Government,Male,Division 1,1
d102,c102,s105,p120,Kayunga,Ntenjeru,2018,Busaana,Namusaala,Namusaala CU Primary School,Government,Female,Division 1,1
d102,c102,s105,p120,Kayunga,Ntenjeru,2018,Busaana,Namusaala,Namusaala CU Primary School,Government,Male,Division 2,30
d102,c102,s105,p120,Kayunga,Ntenjeru,2018,Busaana,Namusaala,Namusaala CU Primary School,Government,Female,Division 2,20
d102,c102,s105,p120,Kayunga,Ntenjeru,2018,Busaana,Namusaala,Namusaala CU Primary School,Government,Male,Division 3,19
d102,c102,s105,p120,Kayunga,Ntenjeru,2018,Busaana,Namusaala,Namusaala CU Primary School,Government,Female,Division 3,20
d102,c102,s105,p120,Kayunga,Ntenjeru,2018,Busaana,Namusaala,Namusaala CU Primary School,Government,Male,Division 4,14
d102,c102,s105,p120,Kayunga,Ntenjeru,2018,Busaana,Namusaala,Namusaala CU Primary School,Government,Female,Division 4,10
d102,c102,s105,p120,Kayunga,Ntenjeru,2018,Busaana,Namusaala,Namusaala CU Primary School,Government,Male,Division U,7
d102,c102,s105,p120,Kayunga,Ntenjeru,2018,Busaana,Namusaala,Namusaala CU Primary School,Government,Female,Division U,7
d102,c102,s105,p120,Kayunga,Ntenjeru,2018,Busaana,Namusaala,Namusaala CU Primary School,Government,Male,Division X,2
d102,c102,s105,p120,Kayunga,Ntenjeru,2018,Busaana,Namusaala,Namusaala CU Primary School,Government,Female,Division X,1
d102,c102,s105,p120,Kayunga,Ntenjeru,2018,Busaana,Namusaala,Namutya CU Primary School,Government,Male,Division 1,1
d102,c102,s105,p120,Kayunga,Ntenjeru,2018,Busaana,Namusaala,Namutya CU Primary School,Government,Female,Division 1,1
d102,c102,s105,p120,Kayunga,Ntenjeru,2018,Busaana,Namusaala,Namutya CU Primary School,Government,Male,Division 2,26
d102,c102,s105,p120,Kayunga,Ntenjeru,2018,Busaana,Namusaala,Namutya CU Primary School,Government,Female,Division 2,20
d102,c102,s105,p120,Kayunga,Ntenjeru,2018,Busaana,Namusaala,Namutya CU Primary School,Government,Male,Division 3,14
d102,c102,s105,p120,Kayunga,Ntenjeru,2018,Busaana,Namusaala,Namutya CU Primary School,Government,Female,Division 3,10
d102,c102,s105,p120,Kayunga,Ntenjeru,2018,Busaana,Namusaala,Namutya CU Primary School,Government,Male,Division 4,6
d102,c102,s105,p120,Kayunga,Ntenjeru,2018,Busaana,Namusaala,Namutya CU Primary School,Government,Female,Division 4,6
d102,c102,s105,p120,Kayunga,Ntenjeru,2018,Busaana,Namusaala,Namutya CU Primary School,Government,Male,Division U,1
d102,c102,s105,p120,Kayunga,Ntenjeru,2018,Busaana,Namusaala,Namutya CU Primary School,Government,Female,Division U,0
d102,c102,s105,p120,Kayunga,Ntenjeru,2018,Busaana,Namusaala,Namutya CU Primary School,Government,Male,Division X,1
d102,c102,s105,p120,Kayunga,Ntenjeru,2018,Busaana,Namusaala,Namutya CU Primary School,Government,Female,Division X,0
d102,c102,s105,p117,Kayunga,Ntenjeru,2018,Busaana,Namukuma,Nangabo CU Primary School,Government,Male,Division 1,0
d102,c102,s105,p117,Kayunga,Ntenjeru,2018,Busaana,Namukuma,Nangabo CU Primary School,Government,Female,Division 1,0
d102,c102,s105,p117,Kayunga,Ntenjeru,2018,Busaana,Namukuma,Nangabo CU Primary School,Government,Male,Division 2,2
d102,c102,s105,p117,Kayunga,Ntenjeru,2018,Busaana,Namukuma,Nangabo CU Primary School,Government,Female,Division 2,1
d102,c102,s105,p117,Kayunga,Ntenjeru,2018,Busaana,Namukuma,Nangabo CU Primary School,Government,Male,Division 3,8
d102,c102,s105,p117,Kayunga,Ntenjeru,2018,Busaana,Namukuma,Nangabo CU Primary School,Government,Female,Division 3,3
d102,c102,s105,p117,Kayunga,Ntenjeru,2018,Busaana,Namukuma,Nangabo CU Primary School,Government,Male,Division 4,5
d102,c102,s105,p117,Kayunga,Ntenjeru,2018,Busaana,Namukuma,Nangabo CU Primary School,Government,Female,Division 4,4
d102,c102,s105,p117,Kayunga,Ntenjeru,2018,Busaana,Namukuma,Nangabo CU Primary School,Government,Male,Division U,0
d102,c102,s105,p117,Kayunga,Ntenjeru,2018,Busaana,Namukuma,Nangabo CU Primary School,Government,Female,Division U,3
d102,c102,s105,p117,Kayunga,Ntenjeru,2018,Busaana,Namukuma,Nangabo CU Primary School,Government,Male,Division X,0
d102,c102,s105,p117,Kayunga,Ntenjeru,2018,Busaana,Namukuma,Nangabo CU Primary School,Government,Female,Division X,0
d102,c102,s105,p118,Kayunga,Ntenjeru,2018,Busaana,Kiwangula,St Josephs Buyungirizi RC Primary School,Government,Male,Division 1,0
d102,c102,s105,p118,Kayunga,Ntenjeru,2018,Busaana,Kiwangula,St Josephs Buyungirizi RC Primary School,Government,Female,Division 1,0
d102,c102,s105,p118,Kayunga,Ntenjeru,2018,Busaana,Kiwangula,St Josephs Buyungirizi RC Primary School,Government,Male,Division 2,2
d102,c102,s105,p118,Kayunga,Ntenjeru,2018,Busaana,Kiwangula,St Josephs Buyungirizi RC Primary School,Government,Female,Division 2,0
d102,c102,s105,p118,Kayunga,Ntenjeru,2018,Busaana,Kiwangula,St Josephs Buyungirizi RC Primary School,Government,Male,Division 3,2
d102,c102,s105,p118,Kayunga,Ntenjeru,2018,Busaana,Kiwangula,St Josephs Buyungirizi RC Primary School,Government,Female,Division 3,5
d102,c102,s105,p118,Kayunga,Ntenjeru,2018,Busaana,Kiwangula,St Josephs Buyungirizi RC Primary School,Government,Male,Division 4,3
d102,c102,s105,p118,Kayunga,Ntenjeru,2018,Busaana,Kiwangula,St Josephs Buyungirizi RC Primary School,Government,Female,Division 4,2
d102,c102,s105,p118,Kayunga,Ntenjeru,2018,Busaana,Kiwangula,St Josephs Buyungirizi RC Primary School,Government,Male,Division U,1
d102,c102,s105,p118,Kayunga,Ntenjeru,2018,Busaana,Kiwangula,St Josephs Buyungirizi RC Primary School,Government,Female,Division U,1
d102,c102,s105,p118,Kayunga,Ntenjeru,2018,Busaana,Kiwangula,St Josephs Buyungirizi RC Primary School,Government,Male,Division X,0
d102,c102,s105,p118,Kayunga,Ntenjeru,2018,Busaana,Kiwangula,St Josephs Buyungirizi RC Primary School,Government,Female,Division X,0
d102,c102,s105,p121,Kayunga,Ntenjeru,2018,Busaana,Lusenke,St Peters Primary School Lusenke,Government,Male,Division 1,0
d102,c102,s105,p121,Kayunga,Ntenjeru,2018,Busaana,Lusenke,St Peters Primary School Lusenke,Government,Female,Division 1,0
d102,c102,s105,p121,Kayunga,Ntenjeru,2018,Busaana,Lusenke,St Peters Primary School Lusenke,Government,Male,Division 2,1
d102,c102,s105,p121,Kayunga,Ntenjeru,2018,Busaana,Lusenke,St Peters Primary School Lusenke,Government,Female,Division 2,0
d102,c102,s105,p121,Kayunga,Ntenjeru,2018,Busaana,Lusenke,St Peters Primary School Lusenke,Government,Male,Division 3,5
d102,c102,s105,p121,Kayunga,Ntenjeru,2018,Busaana,Lusenke,St Peters Primary School Lusenke,Government,Female,Division 3,4
d102,c102,s105,p121,Kayunga,Ntenjeru,2018,Busaana,Lusenke,St Peters Primary School Lusenke,Government,Male,Division 4,4
d102,c102,s105,p121,Kayunga,Ntenjeru,2018,Busaana,Lusenke,St Peters Primary School Lusenke,Government,Female,Division 4,4
d102,c102,s105,p121,Kayunga,Ntenjeru,2018,Busaana,Lusenke,St Peters Primary School Lusenke,Government,Male,Division U,4
d102,c102,s105,p121,Kayunga,Ntenjeru,2018,Busaana,Lusenke,St Peters Primary School Lusenke,Government,Female,Division U,1
d102,c102,s105,p121,Kayunga,Ntenjeru,2018,Busaana,Lusenke,St Peters Primary School Lusenke,Government,Male,Division X,1
d102,c102,s105,p121,Kayunga,Ntenjeru,2018,Busaana,Lusenke,St Peters Primary School Lusenke,Government,Female,Division X,1
d102,c102,s106,p132,Kayunga,Ntenjeru,2018,Nazigo,Bukamba,Bukamba CU Primary School,Government,Male,Division 1,0
d102,c102,s106,p132,Kayunga,Ntenjeru,2018,Nazigo,Bukamba,Bukamba CU Primary School,Government,Female,Division 1,0
d102,c102,s106,p132,Kayunga,Ntenjeru,2018,Nazigo,Bukamba,Bukamba CU Primary School,Government,Male,Division 2,0
d102,c102,s106,p132,Kayunga,Ntenjeru,2018,Nazigo,Bukamba,Bukamba CU Primary School,Government,Female,Division 2,0
d102,c102,s106,p132,Kayunga,Ntenjeru,2018,Nazigo,Bukamba,Bukamba CU Primary School,Government,Male,Division 3,10
d102,c102,s106,p132,Kayunga,Ntenjeru,2018,Nazigo,Bukamba,Bukamba CU Primary School,Government,Female,Division 3,10
d102,c102,s106,p132,Kayunga,Ntenjeru,2018,Nazigo,Bukamba,Bukamba CU Primary School,Government,Male,Division 4,7
d102,c102,s106,p132,Kayunga,Ntenjeru,2018,Nazigo,Bukamba,Bukamba CU Primary School,Government,Female,Division 4,9
d102,c102,s106,p132,Kayunga,Ntenjeru,2018,Nazigo,Bukamba,Bukamba CU Primary School,Government,Male,Division U,6
d102,c102,s106,p132,Kayunga,Ntenjeru,2018,Nazigo,Bukamba,Bukamba CU Primary School,Government,Female,Division U,6
d102,c102,s106,p132,Kayunga,Ntenjeru,2018,Nazigo,Bukamba,Bukamba CU Primary School,Government,Male,Division X,0
d102,c102,s106,p132,Kayunga,Ntenjeru,2018,Nazigo,Bukamba,Bukamba CU Primary School,Government,Female,Division X,0
d102,c102,s106,p132,Kayunga,Ntenjeru,2018,Nazigo,Bukamba,Bukamba Noor Islamic Primary School,Private,Male,Division 1,0
d102,c102,s106,p132,Kayunga,Ntenjeru,2018,Nazigo,Bukamba,Bukamba Noor Islamic Primary School,Private,Female,Division 1,0
d102,c102,s106,p132,Kayunga,Ntenjeru,2018,Nazigo,Bukamba,Bukamba Noor Islamic Primary School,Private,Male,Division 2,3
d102,c102,s106,p132,Kayunga,Ntenjeru,2018,Nazigo,Bukamba,Bukamba Noor Islamic Primary School,Private,Female,Division 2,2
d102,c102,s106,p132,Kayunga,Ntenjeru,2018,Nazigo,Bukamba,Bukamba Noor Islamic Primary School,Private,Male,Division 3,7
d102,c102,s106,p132,Kayunga,Ntenjeru,2018,Nazigo,Bukamba,Bukamba Noor Islamic Primary School,Private,Female,Division 3,5
d102,c102,s106,p132,Kayunga,Ntenjeru,2018,Nazigo,Bukamba,Bukamba Noor Islamic Primary School,Private,Male,Division 4,19
d102,c102,s106,p132,Kayunga,Ntenjeru,2018,Nazigo,Bukamba,Bukamba Noor Islamic Primary School,Private,Female,Division 4,10
d102,c102,s106,p132,Kayunga,Ntenjeru,2018,Nazigo,Bukamba,Bukamba Noor Islamic Primary School,Private,Male,Division U,10
d102,c102,s106,p132,Kayunga,Ntenjeru,2018,Nazigo,Bukamba,Bukamba Noor Islamic Primary School,Private,Female,Division U,9
d102,c102,s106,p132,Kayunga,Ntenjeru,2018,Nazigo,Bukamba,Bukamba Noor Islamic Primary School,Private,Male,Division X,1
d102,c102,s106,p132,Kayunga,Ntenjeru,2018,Nazigo,Bukamba,Bukamba Noor Islamic Primary School,Private,Female,Division X,2
d102,c102,s106,p133,Kayunga,Ntenjeru,2018,Nazigo,Kirindi,Kikonyogo Primary School,Government,Male,Division 1,0
d102,c102,s106,p133,Kayunga,Ntenjeru,2018,Nazigo,Kirindi,Kikonyogo Primary School,Government,Female,Division 1,0
d102,c102,s106,p133,Kayunga,Ntenjeru,2018,Nazigo,Kirindi,Kikonyogo Primary School,Government,Male,Division 2,1
d102,c102,s106,p133,Kayunga,Ntenjeru,2018,Nazigo,Kirindi,Kikonyogo Primary School,Government,Female,Division 2,1
d102,c102,s106,p133,Kayunga,Ntenjeru,2018,Nazigo,Kirindi,Kikonyogo Primary School,Government,Male,Division 3,3
d102,c102,s106,p133,Kayunga,Ntenjeru,2018,Nazigo,Kirindi,Kikonyogo Primary School,Government,Female,Division 3,3
d102,c102,s106,p133,Kayunga,Ntenjeru,2018,Nazigo,Kirindi,Kikonyogo Primary School,Government,Male,Division 4,5
d102,c102,s106,p133,Kayunga,Ntenjeru,2018,Nazigo,Kirindi,Kikonyogo Primary School,Government,Female,Division 4,2
d102,c102,s106,p133,Kayunga,Ntenjeru,2018,Nazigo,Kirindi,Kikonyogo Primary School,Government,Male,Division U,1
d102,c102,s106,p133,Kayunga,Ntenjeru,2018,Nazigo,Kirindi,Kikonyogo Primary School,Government,Female,Division U,1
d102,c102,s106,p133,Kayunga,Ntenjeru,2018,Nazigo,Kirindi,Kikonyogo Primary School,Government,Male,Division X,0
d102,c102,s106,p133,Kayunga,Ntenjeru,2018,Nazigo,Kirindi,Kikonyogo Primary School,Government,Female,Division X,0
d102,c102,s106,p137,Kayunga,Ntenjeru,2018,Nazigo,Kimanya,Kimanya CU Primary School,Government,Male,Division 1,3
d102,c102,s106,p137,Kayunga,Ntenjeru,2018,Nazigo,Kimanya,Kimanya CU Primary School,Government,Female,Division 1,1
d102,c102,s106,p137,Kayunga,Ntenjeru,2018,Nazigo,Kimanya,Kimanya CU Primary School,Government,Male,Division 2,16
d102,c102,s106,p137,Kayunga,Ntenjeru,2018,Nazigo,Kimanya,Kimanya CU Primary School,Government,Female,Division 2,10
d102,c102,s106,p137,Kayunga,Ntenjeru,2018,Nazigo,Kimanya,Kimanya CU Primary School,Government,Male,Division 3,8
d102,c102,s106,p137,Kayunga,Ntenjeru,2018,Nazigo,Kimanya,Kimanya CU Primary School,Government,Female,Division 3,9
d102,c102,s106,p137,Kayunga,Ntenjeru,2018,Nazigo,Kimanya,Kimanya CU Primary School,Government,Male,Division 4,6
d102,c102,s106,p137,Kayunga,Ntenjeru,2018,Nazigo,Kimanya,Kimanya CU Primary School,Government,Female,Division 4,11
d102,c102,s106,p137,Kayunga,Ntenjeru,2018,Nazigo,Kimanya,Kimanya CU Primary School,Government,Male,Division U,3
d102,c102,s106,p137,Kayunga,Ntenjeru,2018,Nazigo,Kimanya,Kimanya CU Primary School,Government,Female,Division U,2
d102,c102,s106,p137,Kayunga,Ntenjeru,2018,Nazigo,Kimanya,Kimanya CU Primary School,Government,Male,Division X,1
d102,c102,s106,p137,Kayunga,Ntenjeru,2018,Nazigo,Kimanya,Kimanya CU Primary School,Government,Female,Division X,0
d102,c102,s106,p136,Kayunga,Ntenjeru,2018,Nazigo,Natteta,Kiribedda CU Primary School,Government,Male,Division 1,0
d102,c102,s106,p136,Kayunga,Ntenjeru,2018,Nazigo,Natteta,Kiribedda CU Primary School,Government,Female,Division 1,0
d102,c102,s106,p136,Kayunga,Ntenjeru,2018,Nazigo,Natteta,Kiribedda CU Primary School,Government,Male,Division 2,4
d102,c102,s106,p136,Kayunga,Ntenjeru,2018,Nazigo,Natteta,Kiribedda CU Primary School,Government,Female,Division 2,2
d102,c102,s106,p136,Kayunga,Ntenjeru,2018,Nazigo,Natteta,Kiribedda CU Primary School,Government,Male,Division 3,3
d102,c102,s106,p136,Kayunga,Ntenjeru,2018,Nazigo,Natteta,Kiribedda CU Primary School,Government,Female,Division 3,3
d102,c102,s106,p136,Kayunga,Ntenjeru,2018,Nazigo,Natteta,Kiribedda CU Primary School,Government,Male,Division 4,2
d102,c102,s106,p136,Kayunga,Ntenjeru,2018,Nazigo,Natteta,Kiribedda CU Primary School,Government,Female,Division 4,4
d102,c102,s106,p136,Kayunga,Ntenjeru,2018,Nazigo,Natteta,Kiribedda CU Primary School,Government,Male,Division U,2
d102,c102,s106,p136,Kayunga,Ntenjeru,2018,Nazigo,Natteta,Kiribedda CU Primary School,Government,Female,Division U,2
d102,c102,s106,p136,Kayunga,Ntenjeru,2018,Nazigo,Natteta,Kiribedda CU Primary School,Government,Male,Division X,2
d102,c102,s106,p136,Kayunga,Ntenjeru,2018,Nazigo,Natteta,Kiribedda CU Primary School,Government,Female,Division X,0
d102,c102,s106,p133,Kayunga,Ntenjeru,2018,Nazigo,Kirindi,Kirindi RC Primary School,Private,Male,Division 1,0
d102,c102,s106,p133,Kayunga,Ntenjeru,2018,Nazigo,Kirindi,Kirindi RC Primary School,Private,Female,Division 1,0
d102,c102,s106,p133,Kayunga,Ntenjeru,2018,Nazigo,Kirindi,Kirindi RC Primary School,Private,Male,Division 2,2
d102,c102,s106,p133,Kayunga,Ntenjeru,2018,Nazigo,Kirindi,Kirindi RC Primary School,Private,Female,Division 2,3
d102,c102,s106,p133,Kayunga,Ntenjeru,2018,Nazigo,Kirindi,Kirindi RC Primary School,Private,Male,Division 3,0
d102,c102,s106,p133,Kayunga,Ntenjeru,2018,Nazigo,Kirindi,Kirindi RC Primary School,Private,Female,Division 3,0
d102,c102,s106,p133,Kayunga,Ntenjeru,2018,Nazigo,Kirindi,Kirindi RC Primary School,Private,Male,Division 4,0
d102,c102,s106,p133,Kayunga,Ntenjeru,2018,Nazigo,Kirindi,Kirindi RC Primary School,Private,Female,Division 4,0
d102,c102,s106,p133,Kayunga,Ntenjeru,2018,Nazigo,Kirindi,Kirindi RC Primary School,Private,Male,Division U,5
d102,c102,s106,p133,Kayunga,Ntenjeru,2018,Nazigo,Kirindi,Kirindi RC Primary School,Private,Female,Division U,6
d102,c102,s106,p133,Kayunga,Ntenjeru,2018,Nazigo,Kirindi,Kirindi RC Primary School,Private,Male,Division X,0
d102,c102,s106,p133,Kayunga,Ntenjeru,2018,Nazigo,Kirindi,Kirindi RC Primary School,Private,Female,Division X,1
d102,c102,s106,p138,Kayunga,Ntenjeru,2018,Nazigo,Nazigo,Kisa Nursery And Primary School,Private,Male,Division 1,0
d102,c102,s106,p138,Kayunga,Ntenjeru,2018,Nazigo,Nazigo,Kisa Nursery And Primary School,Private,Female,Division 1,0
d102,c102,s106,p138,Kayunga,Ntenjeru,2018,Nazigo,Nazigo,Kisa Nursery And Primary School,Private,Male,Division 2,5
d102,c102,s106,p138,Kayunga,Ntenjeru,2018,Nazigo,Nazigo,Kisa Nursery And Primary School,Private,Female,Division 2,5
d102,c102,s106,p138,Kayunga,Ntenjeru,2018,Nazigo,Nazigo,Kisa Nursery And Primary School,Private,Male,Division 3,2
d102,c102,s106,p138,Kayunga,Ntenjeru,2018,Nazigo,Nazigo,Kisa Nursery And Primary School,Private,Female,Division 3,3
d102,c102,s106,p138,Kayunga,Ntenjeru,2018,Nazigo,Nazigo,Kisa Nursery And Primary School,Private,Male,Division 4,3
d102,c102,s106,p138,Kayunga,Ntenjeru,2018,Nazigo,Nazigo,Kisa Nursery And Primary School,Private,Female,Division 4,1
d102,c102,s106,p138,Kayunga,Ntenjeru,2018,Nazigo,Nazigo,Kisa Nursery And Primary School,Private,Male,Division U,2
d102,c102,s106,p138,Kayunga,Ntenjeru,2018,Nazigo,Nazigo,Kisa Nursery And Primary School,Private,Female,Division U,1
d102,c102,s106,p138,Kayunga,Ntenjeru,2018,Nazigo,Nazigo,Kisa Nursery And Primary School,Private,Male,Division X,1
d102,c102,s106,p138,Kayunga,Ntenjeru,2018,Nazigo,Nazigo,Kisa Nursery And Primary School,Private,Female,Division X,1
d102,c102,s106,p132,Kayunga,Ntenjeru,2018,Nazigo,Bukamba,Kiswa RC Primary School,Government,Male,Division 1,0
d102,c102,s106,p132,Kayunga,Ntenjeru,2018,Nazigo,Bukamba,Kiswa RC Primary School,Government,Female,Division 1,0
d102,c102,s106,p132,Kayunga,Ntenjeru,2018,Nazigo,Bukamba,Kiswa RC Primary School,Government,Male,Division 2,2
d102,c102,s106,p132,Kayunga,Ntenjeru,2018,Nazigo,Bukamba,Kiswa RC Primary School,Government,Female,Division 2,1
d102,c102,s106,p132,Kayunga,Ntenjeru,2018,Nazigo,Bukamba,Kiswa RC Primary School,Government,Male,Division 3,4
d102,c102,s106,p132,Kayunga,Ntenjeru,2018,Nazigo,Bukamba,Kiswa RC Primary School,Government,Female,Division 3,7
d102,c102,s106,p132,Kayunga,Ntenjeru,2018,Nazigo,Bukamba,Kiswa RC Primary School,Government,Male,Division 4,7
d102,c102,s106,p132,Kayunga,Ntenjeru,2018,Nazigo,Bukamba,Kiswa RC Primary School,Government,Female,Division 4,5
d102,c102,s106,p132,Kayunga,Ntenjeru,2018,Nazigo,Bukamba,Kiswa RC Primary School,Government,Male,Division U,7
d102,c102,s106,p132,Kayunga,Ntenjeru,2018,Nazigo,Bukamba,Kiswa RC Primary School,Government,Female,Division U,4
d102,c102,s106,p132,Kayunga,Ntenjeru,2018,Nazigo,Bukamba,Kiswa RC Primary School,Government,Male,Division X,1
d102,c102,s106,p132,Kayunga,Ntenjeru,2018,Nazigo,Bukamba,Kiswa RC Primary School,Government,Female,Division X,1
d102,c102,s106,p137,Kayunga,Ntenjeru,2018,Nazigo,Kimanya,Kiziika CU Primary School,Government,Male,Division 1,1
d102,c102,s106,p137,Kayunga,Ntenjeru,2018,Nazigo,Kimanya,Kiziika CU Primary School,Government,Female,Division 1,0
d102,c102,s106,p137,Kayunga,Ntenjeru,2018,Nazigo,Kimanya,Kiziika CU Primary School,Government,Male,Division 2,10
d102,c102,s106,p137,Kayunga,Ntenjeru,2018,Nazigo,Kimanya,Kiziika CU Primary School,Government,Female,Division 2,14
d102,c102,s106,p137,Kayunga,Ntenjeru,2018,Nazigo,Kimanya,Kiziika CU Primary School,Government,Male,Division 3,6
d102,c102,s106,p137,Kayunga,Ntenjeru,2018,Nazigo,Kimanya,Kiziika CU Primary School,Government,Female,Division 3,4
d102,c102,s106,p137,Kayunga,Ntenjeru,2018,Nazigo,Kimanya,Kiziika CU Primary School,Government,Male,Division 4,6
d102,c102,s106,p137,Kayunga,Ntenjeru,2018,Nazigo,Kimanya,Kiziika CU Primary School,Government,Female,Division 4,3
d102,c102,s106,p137,Kayunga,Ntenjeru,2018,Nazigo,Kimanya,Kiziika CU Primary School,Government,Male,Division U,2
d102,c102,s106,p137,Kayunga,Ntenjeru,2018,Nazigo,Kimanya,Kiziika CU Primary School,Government,Female,Division U,1
d102,c102,s106,p137,Kayunga,Ntenjeru,2018,Nazigo,Kimanya,Kiziika CU Primary School,Government,Male,Division X,0
d102,c102,s106,p137,Kayunga,Ntenjeru,2018,Nazigo,Kimanya,Kiziika CU Primary School,Government,Female,Division X,0
d102,c102,s106,p134,Kayunga,Ntenjeru,2018,Nazigo,Nsiima,Kotwe Taqwa Islamic Primary School,Private,Male,Division 1,4
d102,c102,s106,p134,Kayunga,Ntenjeru,2018,Nazigo,Nsiima,Kotwe Taqwa Islamic Primary School,Private,Female,Division 1,4
d102,c102,s106,p134,Kayunga,Ntenjeru,2018,Nazigo,Nsiima,Kotwe Taqwa Islamic Primary School,Private,Male,Division 2,10
d102,c102,s106,p134,Kayunga,Ntenjeru,2018,Nazigo,Nsiima,Kotwe Taqwa Islamic Primary School,Private,Female,Division 2,6
d102,c102,s106,p134,Kayunga,Ntenjeru,2018,Nazigo,Nsiima,Kotwe Taqwa Islamic Primary School,Private,Male,Division 3,0
d102,c102,s106,p134,Kayunga,Ntenjeru,2018,Nazigo,Nsiima,Kotwe Taqwa Islamic Primary School,Private,Female,Division 3,1
d102,c102,s106,p134,Kayunga,Ntenjeru,2018,Nazigo,Nsiima,Kotwe Taqwa Islamic Primary School,Private,Male,Division 4,2
d102,c102,s106,p134,Kayunga,Ntenjeru,2018,Nazigo,Nsiima,Kotwe Taqwa Islamic Primary School,Private,Female,Division 4,1
d102,c102,s106,p134,Kayunga,Ntenjeru,2018,Nazigo,Nsiima,Kotwe Taqwa Islamic Primary School,Private,Male,Division U,0
d102,c102,s106,p134,Kayunga,Ntenjeru,2018,Nazigo,Nsiima,Kotwe Taqwa Islamic Primary School,Private,Female,Division U,0
d102,c102,s106,p134,Kayunga,Ntenjeru,2018,Nazigo,Nsiima,Kotwe Taqwa Islamic Primary School,Private,Male,Division X,0
d102,c102,s106,p134,Kayunga,Ntenjeru,2018,Nazigo,Nsiima,Kotwe Taqwa Islamic Primary School,Private,Female,Division X,0
d102,c102,s106,p138,Kayunga,Ntenjeru,2018,Nazigo,Nazigo,Kyampisi CU Primary School,Government,Male,Division 1,2
d102,c102,s106,p138,Kayunga,Ntenjeru,2018,Nazigo,Nazigo,Kyampisi CU Primary School,Government,Female,Division 1,0
d102,c102,s106,p138,Kayunga,Ntenjeru,2018,Nazigo,Nazigo,Kyampisi CU Primary School,Government,Male,Division 2,7
d102,c102,s106,p138,Kayunga,Ntenjeru,2018,Nazigo,Nazigo,Kyampisi CU Primary School,Government,Female,Division 2,6
d102,c102,s106,p138,Kayunga,Ntenjeru,2018,Nazigo,Nazigo,Kyampisi CU Primary School,Government,Male,Division 3,0
d102,c102,s106,p138,Kayunga,Ntenjeru,2018,Nazigo,Nazigo,Kyampisi CU Primary School,Government,Female,Division 3,0
d102,c102,s106,p138,Kayunga,Ntenjeru,2018,Nazigo,Nazigo,Kyampisi CU Primary School,Government,Male,Division 4,3
d102,c102,s106,p138,Kayunga,Ntenjeru,2018,Nazigo,Nazigo,Kyampisi CU Primary School,Government,Female,Division 4,5
d102,c102,s106,p138,Kayunga,Ntenjeru,2018,Nazigo,Nazigo,Kyampisi CU Primary School,Government,Male,Division U,3
d102,c102,s106,p138,Kayunga,Ntenjeru,2018,Nazigo,Nazigo,Kyampisi CU Primary School,Government,Female,Division U,3
d102,c102,s106,p138,Kayunga,Ntenjeru,2018,Nazigo,Nazigo,Kyampisi CU Primary School,Government,Male,Division X,0
d102,c102,s106,p138,Kayunga,Ntenjeru,2018,Nazigo,Nazigo,Kyampisi CU Primary School,Government,Female,Division X,0
d102,c102,s106,p138,Kayunga,Ntenjeru,2018,Nazigo,Nazigo,Magala RC Primary School,Government,Male,Division 1,0
d102,c102,s106,p138,Kayunga,Ntenjeru,2018,Nazigo,Nazigo,Magala RC Primary School,Government,Female,Division 1,0
d102,c102,s106,p138,Kayunga,Ntenjeru,2018,Nazigo,Nazigo,Magala RC Primary School,Government,Male,Division 2,0
d102,c102,s106,p138,Kayunga,Ntenjeru,2018,Nazigo,Nazigo,Magala RC Primary School,Government,Female,Division 2,0
d102,c102,s106,p138,Kayunga,Ntenjeru,2018,Nazigo,Nazigo,Magala RC Primary School,Government,Male,Division 3,2
d102,c102,s106,p138,Kayunga,Ntenjeru,2018,Nazigo,Nazigo,Magala RC Primary School,Government,Female,Division 3,2
d102,c102,s106,p138,Kayunga,Ntenjeru,2018,Nazigo,Nazigo,Magala RC Primary School,Government,Male,Division 4,3
d102,c102,s106,p138,Kayunga,Ntenjeru,2018,Nazigo,Nazigo,Magala RC Primary School,Government,Female,Division 4,1
d102,c102,s106,p138,Kayunga,Ntenjeru,2018,Nazigo,Nazigo,Magala RC Primary School,Government,Male,Division U,6
d102,c102,s106,p138,Kayunga,Ntenjeru,2018,Nazigo,Nazigo,Magala RC Primary School,Government,Female,Division U,6
d102,c102,s106,p138,Kayunga,Ntenjeru,2018,Nazigo,Nazigo,Magala RC Primary School,Government,Male,Division X,1
d102,c102,s106,p138,Kayunga,Ntenjeru,2018,Nazigo,Nazigo,Magala RC Primary School,Government,Female,Division X,1
d102,c102,s106,p134,Kayunga,Ntenjeru,2018,Nazigo,Nsiima,Musiitwa UMEA Primary School,Government,Male,Division 1,5
d102,c102,s106,p134,Kayunga,Ntenjeru,2018,Nazigo,Nsiima,Musiitwa UMEA Primary School,Government,Female,Division 1,3
d102,c102,s106,p134,Kayunga,Ntenjeru,2018,Nazigo,Nsiima,Musiitwa UMEA Primary School,Government,Male,Division 2,19
d102,c102,s106,p134,Kayunga,Ntenjeru,2018,Nazigo,Nsiima,Musiitwa UMEA Primary School,Government,Female,Division 2,20
d102,c102,s106,p134,Kayunga,Ntenjeru,2018,Nazigo,Nsiima,Musiitwa UMEA Primary School,Government,Male,Division 3,7
d102,c102,s106,p134,Kayunga,Ntenjeru,2018,Nazigo,Nsiima,Musiitwa UMEA Primary School,Government,Female,Division 3,3
d102,c102,s106,p134,Kayunga,Ntenjeru,2018,Nazigo,Nsiima,Musiitwa UMEA Primary School,Government,Male,Division 4,5
d102,c102,s106,p134,Kayunga,Ntenjeru,2018,Nazigo,Nsiima,Musiitwa UMEA Primary School,Government,Female,Division 4,2
d102,c102,s106,p134,Kayunga,Ntenjeru,2018,Nazigo,Nsiima,Musiitwa UMEA Primary School,Government,Male,Division U,0
d102,c102,s106,p134,Kayunga,Ntenjeru,2018,Nazigo,Nsiima,Musiitwa UMEA Primary School,Government,Female,Division U,1
d102,c102,s106,p134,Kayunga,Ntenjeru,2018,Nazigo,Nsiima,Musiitwa UMEA Primary School,Government,Male,Division X,0
d102,c102,s106,p134,Kayunga,Ntenjeru,2018,Nazigo,Nsiima,Musiitwa UMEA Primary School,Government,Female,Division X,2
d102,c102,s106,p135,Kayunga,Ntenjeru,2018,Nazigo,Katikanyonyi,Nakatooke RC Primary School,Government,Male,Division 1,0
d102,c102,s106,p135,Kayunga,Ntenjeru,2018,Nazigo,Katikanyonyi,Nakatooke RC Primary School,Government,Female,Division 1,0
d102,c102,s106,p135,Kayunga,Ntenjeru,2018,Nazigo,Katikanyonyi,Nakatooke RC Primary School,Government,Male,Division 2,1
d102,c102,s106,p135,Kayunga,Ntenjeru,2018,Nazigo,Katikanyonyi,Nakatooke RC Primary School,Government,Female,Division 2,0
d102,c102,s106,p135,Kayunga,Ntenjeru,2018,Nazigo,Katikanyonyi,Nakatooke RC Primary School,Government,Male,Division 3,0
d102,c102,s106,p135,Kayunga,Ntenjeru,2018,Nazigo,Katikanyonyi,Nakatooke RC Primary School,Government,Female,Division 3,0
d102,c102,s106,p135,Kayunga,Ntenjeru,2018,Nazigo,Katikanyonyi,Nakatooke RC Primary School,Government,Male,Division 4,4
d102,c102,s106,p135,Kayunga,Ntenjeru,2018,Nazigo,Katikanyonyi,Nakatooke RC Primary School,Government,Female,Division 4,2
d102,c102,s106,p135,Kayunga,Ntenjeru,2018,Nazigo,Katikanyonyi,Nakatooke RC Primary School,Government,Male,Division U,10
d102,c102,s106,p135,Kayunga,Ntenjeru,2018,Nazigo,Katikanyonyi,Nakatooke RC Primary School,Government,Female,Division U,3
d102,c102,s106,p135,Kayunga,Ntenjeru,2018,Nazigo,Katikanyonyi,Nakatooke RC Primary School,Government,Male,Division X,0
d102,c102,s106,p135,Kayunga,Ntenjeru,2018,Nazigo,Katikanyonyi,Nakatooke RC Primary School,Government,Female,Division X,0
d102,c102,s106,p136,Kayunga,Ntenjeru,2018,Nazigo,Natteta,Natteta CU Primary School,Government,Male,Division 1,0
d102,c102,s106,p136,Kayunga,Ntenjeru,2018,Nazigo,Natteta,Natteta CU Primary School,Government,Female,Division 1,0
d102,c102,s106,p136,Kayunga,Ntenjeru,2018,Nazigo,Natteta,Natteta CU Primary School,Government,Male,Division 2,2
d102,c102,s106,p136,Kayunga,Ntenjeru,2018,Nazigo,Natteta,Natteta CU Primary School,Government,Female,Division 2,2
d102,c102,s106,p136,Kayunga,Ntenjeru,2018,Nazigo,Natteta,Natteta CU Primary School,Government,Male,Division 3,7
d102,c102,s106,p136,Kayunga,Ntenjeru,2018,Nazigo,Natteta,Natteta CU Primary School,Government,Female,Division 3,5
d102,c102,s106,p136,Kayunga,Ntenjeru,2018,Nazigo,Natteta,Natteta CU Primary School,Government,Male,Division 4,7
d102,c102,s106,p136,Kayunga,Ntenjeru,2018,Nazigo,Natteta,Natteta CU Primary School,Government,Female,Division 4,3
d102,c102,s106,p136,Kayunga,Ntenjeru,2018,Nazigo,Natteta,Natteta CU Primary School,Government,Male,Division U,3
d102,c102,s106,p136,Kayunga,Ntenjeru,2018,Nazigo,Natteta,Natteta CU Primary School,Government,Female,Division U,3
d102,c102,s106,p136,Kayunga,Ntenjeru,2018,Nazigo,Natteta,Natteta CU Primary School,Government,Male,Division X,0
d102,c102,s106,p136,Kayunga,Ntenjeru,2018,Nazigo,Natteta,Natteta CU Primary School,Government,Female,Division X,0
d102,c102,s106,p136,Kayunga,Ntenjeru,2018,Nazigo,Natteta,Natteta Islamic Primary School,Private,Male,Division 1,0
d102,c102,s106,p136,Kayunga,Ntenjeru,2018,Nazigo,Natteta,Natteta Islamic Primary School,Private,Female,Division 1,0
d102,c102,s106,p136,Kayunga,Ntenjeru,2018,Nazigo,Natteta,Natteta Islamic Primary School,Private,Male,Division 2,9
d102,c102,s106,p136,Kayunga,Ntenjeru,2018,Nazigo,Natteta,Natteta Islamic Primary School,Private,Female,Division 2,9
d102,c102,s106,p136,Kayunga,Ntenjeru,2018,Nazigo,Natteta,Natteta Islamic Primary School,Private,Male,Division 3,13
d102,c102,s106,p136,Kayunga,Ntenjeru,2018,Nazigo,Natteta,Natteta Islamic Primary School,Private,Female,Division 3,10
d102,c102,s106,p136,Kayunga,Ntenjeru,2018,Nazigo,Natteta,Natteta Islamic Primary School,Private,Male,Division 4,8
d102,c102,s106,p136,Kayunga,Ntenjeru,2018,Nazigo,Natteta,Natteta Islamic Primary School,Private,Female,Division 4,9
d102,c102,s106,p136,Kayunga,Ntenjeru,2018,Nazigo,Natteta,Natteta Islamic Primary School,Private,Male,Division U,2
d102,c102,s106,p136,Kayunga,Ntenjeru,2018,Nazigo,Natteta,Natteta Islamic Primary School,Private,Female,Division U,1
d102,c102,s106,p136,Kayunga,Ntenjeru,2018,Nazigo,Natteta,Natteta Islamic Primary School,Private,Male,Division X,2
d102,c102,s106,p136,Kayunga,Ntenjeru,2018,Nazigo,Natteta,Natteta Islamic Primary School,Private,Female,Division X,1
d102,c102,s106,p138,Kayunga,Ntenjeru,2018,Nazigo,Nazigo,Nazigo Demonstration Primary School,Government,Male,Division 1,0
d102,c102,s106,p138,Kayunga,Ntenjeru,2018,Nazigo,Nazigo,Nazigo Demonstration Primary School,Government,Female,Division 1,0
d102,c102,s106,p138,Kayunga,Ntenjeru,2018,Nazigo,Nazigo,Nazigo Demonstration Primary School,Government,Male,Division 2,6
d102,c102,s106,p138,Kayunga,Ntenjeru,2018,Nazigo,Nazigo,Nazigo Demonstration Primary School,Government,Female,Division 2,4
d102,c102,s106,p138,Kayunga,Ntenjeru,2018,Nazigo,Nazigo,Nazigo Demonstration Primary School,Government,Male,Division 3,5
d102,c102,s106,p138,Kayunga,Ntenjeru,2018,Nazigo,Nazigo,Nazigo Demonstration Primary School,Government,Female,Division 3,5
d102,c102,s106,p138,Kayunga,Ntenjeru,2018,Nazigo,Nazigo,Nazigo Demonstration Primary School,Government,Male,Division 4,7
d102,c102,s106,p138,Kayunga,Ntenjeru,2018,Nazigo,Nazigo,Nazigo Demonstration Primary School,Government,Female,Division 4,2
d102,c102,s106,p138,Kayunga,Ntenjeru,2018,Nazigo,Nazigo,Nazigo Demonstration Primary School,Government,Male,Division U,0
d102,c102,s106,p138,Kayunga,Ntenjeru,2018,Nazigo,Nazigo,Nazigo Demonstration Primary School,Government,Female,Division U,1
d102,c102,s106,p138,Kayunga,Ntenjeru,2018,Nazigo,Nazigo,Nazigo Demonstration Primary School,Government,Male,Division X,2
d102,c102,s106,p138,Kayunga,Ntenjeru,2018,Nazigo,Nazigo,Nazigo Demonstration Primary School,Government,Female,Division X,0
d102,c102,s106,p138,Kayunga,Ntenjeru,2018,Nazigo,Nazigo,Nazigo Noor Primary School,Private,Male,Division 1,24
d102,c102,s106,p138,Kayunga,Ntenjeru,2018,Nazigo,Nazigo,Nazigo Noor Primary School,Private,Female,Division 1,20
d102,c102,s106,p138,Kayunga,Ntenjeru,2018,Nazigo,Nazigo,Nazigo Noor Primary School,Private,Male,Division 2,28
d102,c102,s106,p138,Kayunga,Ntenjeru,2018,Nazigo,Nazigo,Nazigo Noor Primary School,Private,Female,Division 2,10
d102,c102,s106,p138,Kayunga,Ntenjeru,2018,Nazigo,Nazigo,Nazigo Noor Primary School,Private,Male,Division 3,1
d102,c102,s106,p138,Kayunga,Ntenjeru,2018,Nazigo,Nazigo,Nazigo Noor Primary School,Private,Female,Division 3,0
d102,c102,s106,p138,Kayunga,Ntenjeru,2018,Nazigo,Nazigo,Nazigo Noor Primary School,Private,Male,Division 4,0
d102,c102,s106,p138,Kayunga,Ntenjeru,2018,Nazigo,Nazigo,Nazigo Noor Primary School,Private,Female,Division 4,0
d102,c102,s106,p138,Kayunga,Ntenjeru,2018,Nazigo,Nazigo,Nazigo Noor Primary School,Private,Male,Division U,0
d102,c102,s106,p138,Kayunga,Ntenjeru,2018,Nazigo,Nazigo,Nazigo Noor Primary School,Private,Female,Division U,0
d102,c102,s106,p138,Kayunga,Ntenjeru,2018,Nazigo,Nazigo,Nazigo Noor Primary School,Private,Male,Division X,0
d102,c102,s106,p138,Kayunga,Ntenjeru,2018,Nazigo,Nazigo,Nazigo Noor Primary School,Private,Female,Division X,0
d102,c102,s106,p134,Kayunga,Ntenjeru,2018,Nazigo,Nsiima,Nazigo RC Primary School,Government,Male,Division 1,2
d102,c102,s106,p134,Kayunga,Ntenjeru,2018,Nazigo,Nsiima,Nazigo RC Primary School,Government,Female,Division 1,2
d102,c102,s106,p134,Kayunga,Ntenjeru,2018,Nazigo,Nsiima,Nazigo RC Primary School,Government,Male,Division 2,50
d102,c102,s106,p134,Kayunga,Ntenjeru,2018,Nazigo,Nsiima,Nazigo RC Primary School,Government,Female,Division 2,38
d102,c102,s106,p134,Kayunga,Ntenjeru,2018,Nazigo,Nsiima,Nazigo RC Primary School,Government,Male,Division 3,7
d102,c102,s106,p134,Kayunga,Ntenjeru,2018,Nazigo,Nsiima,Nazigo RC Primary School,Government,Female,Division 3,10
d102,c102,s106,p134,Kayunga,Ntenjeru,2018,Nazigo,Nsiima,Nazigo RC Primary School,Government,Male,Division 4,6
d102,c102,s106,p134,Kayunga,Ntenjeru,2018,Nazigo,Nsiima,Nazigo RC Primary School,Government,Female,Division 4,5
d102,c102,s106,p134,Kayunga,Ntenjeru,2018,Nazigo,Nsiima,Nazigo RC Primary School,Government,Male,Division U,1
d102,c102,s106,p134,Kayunga,Ntenjeru,2018,Nazigo,Nsiima,Nazigo RC Primary School,Government,Female,Division U,1
d102,c102,s106,p134,Kayunga,Ntenjeru,2018,Nazigo,Nsiima,Nazigo RC Primary School,Government,Male,Division X,1
d102,c102,s106,p134,Kayunga,Ntenjeru,2018,Nazigo,Nsiima,Nazigo RC Primary School,Government,Female,Division X,0
d102,c102,s106,p134,Kayunga,Ntenjeru,2018,Nazigo,Nsiima,Nsiima CU Primary School,Government,Male,Division 1,0
d102,c102,s106,p134,Kayunga,Ntenjeru,2018,Nazigo,Nsiima,Nsiima CU Primary School,Government,Female,Division 1,0
d102,c102,s106,p134,Kayunga,Ntenjeru,2018,Nazigo,Nsiima,Nsiima CU Primary School,Government,Male,Division 2,7
d102,c102,s106,p134,Kayunga,Ntenjeru,2018,Nazigo,Nsiima,Nsiima CU Primary School,Government,Female,Division 2,5
d102,c102,s106,p134,Kayunga,Ntenjeru,2018,Nazigo,Nsiima,Nsiima CU Primary School,Government,Male,Division 3,8
d102,c102,s106,p134,Kayunga,Ntenjeru,2018,Nazigo,Nsiima,Nsiima CU Primary School,Government,Female,Division 3,8
d102,c102,s106,p134,Kayunga,Ntenjeru,2018,Nazigo,Nsiima,Nsiima CU Primary School,Government,Male,Division 4,8
d102,c102,s106,p134,Kayunga,Ntenjeru,2018,Nazigo,Nsiima,Nsiima CU Primary School,Government,Female,Division 4,10
d102,c102,s106,p134,Kayunga,Ntenjeru,2018,Nazigo,Nsiima,Nsiima CU Primary School,Government,Male,Division U,13
d102,c102,s106,p134,Kayunga,Ntenjeru,2018,Nazigo,Nsiima,Nsiima CU Primary School,Government,Female,Division U,10
d102,c102,s106,p134,Kayunga,Ntenjeru,2018,Nazigo,Nsiima,Nsiima CU Primary School,Government,Male,Division X,1
d102,c102,s106,p134,Kayunga,Ntenjeru,2018,Nazigo,Nsiima,Nsiima CU Primary School,Government,Female,Division X,1
d102,c102,s106,p136,Kayunga,Ntenjeru,2018,Nazigo,Natteta,St Anthony Junior School Nazigo,Private,Male,Division 1,1
d102,c102,s106,p136,Kayunga,Ntenjeru,2018,Nazigo,Natteta,St Anthony Junior School Nazigo,Private,Female,Division 1,1
d102,c102,s106,p136,Kayunga,Ntenjeru,2018,Nazigo,Natteta,St Anthony Junior School Nazigo,Private,Male,Division 2,10
d102,c102,s106,p136,Kayunga,Ntenjeru,2018,Nazigo,Natteta,St Anthony Junior School Nazigo,Private,Female,Division 2,11
d102,c102,s106,p136,Kayunga,Ntenjeru,2018,Nazigo,Natteta,St Anthony Junior School Nazigo,Private,Male,Division 3,3
d102,c102,s106,p136,Kayunga,Ntenjeru,2018,Nazigo,Natteta,St Anthony Junior School Nazigo,Private,Female,Division 3,3
d102,c102,s106,p136,Kayunga,Ntenjeru,2018,Nazigo,Natteta,St Anthony Junior School Nazigo,Private,Male,Division 4,3
d102,c102,s106,p136,Kayunga,Ntenjeru,2018,Nazigo,Natteta,St Anthony Junior School Nazigo,Private,Female,Division 4,1
d102,c102,s106,p136,Kayunga,Ntenjeru,2018,Nazigo,Natteta,St Anthony Junior School Nazigo,Private,Male,Division U,2
d102,c102,s106,p136,Kayunga,Ntenjeru,2018,Nazigo,Natteta,St Anthony Junior School Nazigo,Private,Female,Division U,3
d102,c102,s106,p136,Kayunga,Ntenjeru,2018,Nazigo,Natteta,St Anthony Junior School Nazigo,Private,Male,Division X,0
d102,c102,s106,p136,Kayunga,Ntenjeru,2018,Nazigo,Natteta,St Anthony Junior School Nazigo,Private,Female,Division X,0
d102,c102,s106,p136,Kayunga,Ntenjeru,2018,Nazigo,Natteta,Wabirongo CU Primary School,Government,Male,Division 1,0
d102,c102,s106,p136,Kayunga,Ntenjeru,2018,Nazigo,Natteta,Wabirongo CU Primary School,Government,Female,Division 1,1
d102,c102,s106,p136,Kayunga,Ntenjeru,2018,Nazigo,Natteta,Wabirongo CU Primary School,Government,Male,Division 2,10
d102,c102,s106,p136,Kayunga,Ntenjeru,2018,Nazigo,Natteta,Wabirongo CU Primary School,Government,Female,Division 2,11
d102,c102,s106,p136,Kayunga,Ntenjeru,2018,Nazigo,Natteta,Wabirongo CU Primary School,Government,Male,Division 3,6
d102,c102,s106,p136,Kayunga,Ntenjeru,2018,Nazigo,Natteta,Wabirongo CU Primary School,Government,Female,Division 3,5
d102,c102,s106,p136,Kayunga,Ntenjeru,2018,Nazigo,Natteta,Wabirongo CU Primary School,Government,Male,Division 4,0
d102,c102,s106,p136,Kayunga,Ntenjeru,2018,Nazigo,Natteta,Wabirongo CU Primary School,Government,Female,Division 4,2
d102,c102,s106,p136,Kayunga,Ntenjeru,2018,Nazigo,Natteta,Wabirongo CU Primary School,Government,Male,Division U,1
d102,c102,s106,p136,Kayunga,Ntenjeru,2018,Nazigo,Natteta,Wabirongo CU Primary School,Government,Female,Division U,0
d102,c102,s106,p136,Kayunga,Ntenjeru,2018,Nazigo,Natteta,Wabirongo CU Primary School,Government,Male,Division X,1
d102,c102,s106,p136,Kayunga,Ntenjeru,2018,Nazigo,Natteta,Wabirongo CU Primary School,Government,Female,Division X,2
d102,c102,s107,p131,Kayunga,Ntenjeru,2018,Kangulumira,Seeta Nyiize,All Saints Nakirubi CU Primary School,Government,Male,Division 1,0
d102,c102,s107,p131,Kayunga,Ntenjeru,2018,Kangulumira,Seeta Nyiize,All Saints Nakirubi CU Primary School,Government,Female,Division 1,0
d102,c102,s107,p131,Kayunga,Ntenjeru,2018,Kangulumira,Seeta Nyiize,All Saints Nakirubi CU Primary School,Government,Male,Division 2,5
d102,c102,s107,p131,Kayunga,Ntenjeru,2018,Kangulumira,Seeta Nyiize,All Saints Nakirubi CU Primary School,Government,Female,Division 2,5
d102,c102,s107,p131,Kayunga,Ntenjeru,2018,Kangulumira,Seeta Nyiize,All Saints Nakirubi CU Primary School,Government,Male,Division 3,6
d102,c102,s107,p131,Kayunga,Ntenjeru,2018,Kangulumira,Seeta Nyiize,All Saints Nakirubi CU Primary School,Government,Female,Division 3,6
d102,c102,s107,p131,Kayunga,Ntenjeru,2018,Kangulumira,Seeta Nyiize,All Saints Nakirubi CU Primary School,Government,Male,Division 4,14
d102,c102,s107,p131,Kayunga,Ntenjeru,2018,Kangulumira,Seeta Nyiize,All Saints Nakirubi CU Primary School,Government,Female,Division 4,10
d102,c102,s107,p131,Kayunga,Ntenjeru,2018,Kangulumira,Seeta Nyiize,All Saints Nakirubi CU Primary School,Government,Male,Division U,2
d102,c102,s107,p131,Kayunga,Ntenjeru,2018,Kangulumira,Seeta Nyiize,All Saints Nakirubi CU Primary School,Government,Female,Division U,2
d102,c102,s107,p131,Kayunga,Ntenjeru,2018,Kangulumira,Seeta Nyiize,All Saints Nakirubi CU Primary School,Government,Male,Division X,0
d102,c102,s107,p131,Kayunga,Ntenjeru,2018,Kangulumira,Seeta Nyiize,All Saints Nakirubi CU Primary School,Government,Female,Division X,2
d102,c102,s107,p130,Kayunga,Ntenjeru,2018,Kangulumira,Kawomya,Bukeeka CU Primary School,Government,Male,Division 1,1
d102,c102,s107,p130,Kayunga,Ntenjeru,2018,Kangulumira,Kawomya,Bukeeka CU Primary School,Government,Female,Division 1,0
d102,c102,s107,p130,Kayunga,Ntenjeru,2018,Kangulumira,Kawomya,Bukeeka CU Primary School,Government,Male,Division 2,29
d102,c102,s107,p130,Kayunga,Ntenjeru,2018,Kangulumira,Kawomya,Bukeeka CU Primary School,Government,Female,Division 2,30
d102,c102,s107,p130,Kayunga,Ntenjeru,2018,Kangulumira,Kawomya,Bukeeka CU Primary School,Government,Male,Division 3,1
d102,c102,s107,p130,Kayunga,Ntenjeru,2018,Kangulumira,Kawomya,Bukeeka CU Primary School,Government,Female,Division 3,1
d102,c102,s107,p130,Kayunga,Ntenjeru,2018,Kangulumira,Kawomya,Bukeeka CU Primary School,Government,Male,Division 4,1
d102,c102,s107,p130,Kayunga,Ntenjeru,2018,Kangulumira,Kawomya,Bukeeka CU Primary School,Government,Female,Division 4,0
d102,c102,s107,p130,Kayunga,Ntenjeru,2018,Kangulumira,Kawomya,Bukeeka CU Primary School,Government,Male,Division U,0
d102,c102,s107,p130,Kayunga,Ntenjeru,2018,Kangulumira,Kawomya,Bukeeka CU Primary School,Government,Female,Division U,0
d102,c102,s107,p130,Kayunga,Ntenjeru,2018,Kangulumira,Kawomya,Bukeeka CU Primary School,Government,Male,Division X,1
d102,c102,s107,p130,Kayunga,Ntenjeru,2018,Kangulumira,Kawomya,Bukeeka CU Primary School,Government,Female,Division X,0
d102,c102,s107,p130,Kayunga,Ntenjeru,2018,Kangulumira,Kawomya,Fountain of Hope Primary School,Private,Male,Division 1,20
d102,c102,s107,p130,Kayunga,Ntenjeru,2018,Kangulumira,Kawomya,Fountain of Hope Primary School,Private,Female,Division 1,22
d102,c102,s107,p130,Kayunga,Ntenjeru,2018,Kangulumira,Kawomya,Fountain of Hope Primary School,Private,Male,Division 2,10
d102,c102,s107,p130,Kayunga,Ntenjeru,2018,Kangulumira,Kawomya,Fountain of Hope Primary School,Private,Female,Division 2,15
d102,c102,s107,p130,Kayunga,Ntenjeru,2018,Kangulumira,Kawomya,Fountain of Hope Primary School,Private,Male,Division 3,0
d102,c102,s107,p130,Kayunga,Ntenjeru,2018,Kangulumira,Kawomya,Fountain of Hope Primary School,Private,Female,Division 3,0
d102,c102,s107,p130,Kayunga,Ntenjeru,2018,Kangulumira,Kawomya,Fountain of Hope Primary School,Private,Male,Division 4,0
d102,c102,s107,p130,Kayunga,Ntenjeru,2018,Kangulumira,Kawomya,Fountain of Hope Primary School,Private,Female,Division 4,0
d102,c102,s107,p130,Kayunga,Ntenjeru,2018,Kangulumira,Kawomya,Fountain of Hope Primary School,Private,Male,Division U,0
d102,c102,s107,p130,Kayunga,Ntenjeru,2018,Kangulumira,Kawomya,Fountain of Hope Primary School,Private,Female,Division U,0
d102,c102,s107,p130,Kayunga,Ntenjeru,2018,Kangulumira,Kawomya,Fountain of Hope Primary School,Private,Male,Division X,0
d102,c102,s107,p130,Kayunga,Ntenjeru,2018,Kangulumira,Kawomya,Fountain of Hope Primary School,Private,Female,Division X,0
d102,c102,s107,p129,Kayunga,Ntenjeru,2018,Kangulumira,Kikwanya,Kikwanya CU Primary School,Government,Male,Division 1,2
d102,c102,s107,p129,Kayunga,Ntenjeru,2018,Kangulumira,Kikwanya,Kikwanya CU Primary School,Government,Female,Division 1,2
d102,c102,s107,p129,Kayunga,Ntenjeru,2018,Kangulumira,Kikwanya,Kikwanya CU Primary School,Government,Male,Division 2,16
d102,c102,s107,p129,Kayunga,Ntenjeru,2018,Kangulumira,Kikwanya,Kikwanya CU Primary School,Government,Female,Division 2,10
d102,c102,s107,p129,Kayunga,Ntenjeru,2018,Kangulumira,Kikwanya,Kikwanya CU Primary School,Government,Male,Division 3,7
d102,c102,s107,p129,Kayunga,Ntenjeru,2018,Kangulumira,Kikwanya,Kikwanya CU Primary School,Government,Female,Division 3,10
d102,c102,s107,p129,Kayunga,Ntenjeru,2018,Kangulumira,Kikwanya,Kikwanya CU Primary School,Government,Male,Division 4,8
d102,c102,s107,p129,Kayunga,Ntenjeru,2018,Kangulumira,Kikwanya,Kikwanya CU Primary School,Government,Female,Division 4,9
d102,c102,s107,p129,Kayunga,Ntenjeru,2018,Kangulumira,Kikwanya,Kikwanya CU Primary School,Government,Male,Division U,2
d102,c102,s107,p129,Kayunga,Ntenjeru,2018,Kangulumira,Kikwanya,Kikwanya CU Primary School,Government,Female,Division U,3
d102,c102,s107,p129,Kayunga,Ntenjeru,2018,Kangulumira,Kikwanya,Kikwanya CU Primary School,Government,Male,Division X,1
d102,c102,s107,p129,Kayunga,Ntenjeru,2018,Kangulumira,Kikwanya,Kikwanya CU Primary School,Government,Female,Division X,0
d102,c102,s107,p129,Kayunga,Ntenjeru,2018,Kangulumira,Kikwanya,Kimooli UMEA Primary School,Government,Male,Division 1,10
d102,c102,s107,p129,Kayunga,Ntenjeru,2018,Kangulumira,Kikwanya,Kimooli UMEA Primary School,Government,Female,Division 1,7
d102,c102,s107,p129,Kayunga,Ntenjeru,2018,Kangulumira,Kikwanya,Kimooli UMEA Primary School,Government,Male,Division 2,20
d102,c102,s107,p129,Kayunga,Ntenjeru,2018,Kangulumira,Kikwanya,Kimooli UMEA Primary School,Government,Female,Division 2,22
d102,c102,s107,p129,Kayunga,Ntenjeru,2018,Kangulumira,Kikwanya,Kimooli UMEA Primary School,Government,Male,Division 3,6
d102,c102,s107,p129,Kayunga,Ntenjeru,2018,Kangulumira,Kikwanya,Kimooli UMEA Primary School,Government,Female,Division 3,5
d102,c102,s107,p129,Kayunga,Ntenjeru,2018,Kangulumira,Kikwanya,Kimooli UMEA Primary School,Government,Male,Division 4,2
d102,c102,s107,p129,Kayunga,Ntenjeru,2018,Kangulumira,Kikwanya,Kimooli UMEA Primary School,Government,Female,Division 4,2
d102,c102,s107,p129,Kayunga,Ntenjeru,2018,Kangulumira,Kikwanya,Kimooli UMEA Primary School,Government,Male,Division U,0
d102,c102,s107,p129,Kayunga,Ntenjeru,2018,Kangulumira,Kikwanya,Kimooli UMEA Primary School,Government,Female,Division U,0
d102,c102,s107,p129,Kayunga,Ntenjeru,2018,Kangulumira,Kikwanya,Kimooli UMEA Primary School,Government,Male,Division X,1
d102,c102,s107,p129,Kayunga,Ntenjeru,2018,Kangulumira,Kikwanya,Kimooli UMEA Primary School,Government,Female,Division X,1
d102,c102,s107,p130,Kayunga,Ntenjeru,2018,Kangulumira,Kawomya,Kungu CU Primary School,Government,Male,Division 1,0
d102,c102,s107,p130,Kayunga,Ntenjeru,2018,Kangulumira,Kawomya,Kungu CU Primary School,Government,Female,Division 1,0
d102,c102,s107,p130,Kayunga,Ntenjeru,2018,Kangulumira,Kawomya,Kungu CU Primary School,Government,Male,Division 2,6
d102,c102,s107,p130,Kayunga,Ntenjeru,2018,Kangulumira,Kawomya,Kungu CU Primary School,Government,Female,Division 2,6
d102,c102,s107,p130,Kayunga,Ntenjeru,2018,Kangulumira,Kawomya,Kungu CU Primary School,Government,Male,Division 3,9
d102,c102,s107,p130,Kayunga,Ntenjeru,2018,Kangulumira,Kawomya,Kungu CU Primary School,Government,Female,Division 3,9
d102,c102,s107,p130,Kayunga,Ntenjeru,2018,Kangulumira,Kawomya,Kungu CU Primary School,Government,Male,Division 4,6
d102,c102,s107,p130,Kayunga,Ntenjeru,2018,Kangulumira,Kawomya,Kungu CU Primary School,Government,Female,Division 4,5
d102,c102,s107,p130,Kayunga,Ntenjeru,2018,Kangulumira,Kawomya,Kungu CU Primary School,Government,Male,Division U,3
d102,c102,s107,p130,Kayunga,Ntenjeru,2018,Kangulumira,Kawomya,Kungu CU Primary School,Government,Female,Division U,3
d102,c102,s107,p130,Kayunga,Ntenjeru,2018,Kangulumira,Kawomya,Kungu CU Primary School,Government,Male,Division X,0
d102,c102,s107,p130,Kayunga,Ntenjeru,2018,Kangulumira,Kawomya,Kungu CU Primary School,Government,Female,Division X,1
d102,c102,s107,p130,Kayunga,Ntenjeru,2018,Kangulumira,Kawomya,Maligita Primary School,Government,Male,Division 1,0
d102,c102,s107,p130,Kayunga,Ntenjeru,2018,Kangulumira,Kawomya,Maligita Primary School,Government,Female,Division 1,0
d102,c102,s107,p130,Kayunga,Ntenjeru,2018,Kangulumira,Kawomya,Maligita Primary School,Government,Male,Division 2,3
d102,c102,s107,p130,Kayunga,Ntenjeru,2018,Kangulumira,Kawomya,Maligita Primary School,Government,Female,Division 2,2
d102,c102,s107,p130,Kayunga,Ntenjeru,2018,Kangulumira,Kawomya,Maligita Primary School,Government,Male,Division 3,3
d102,c102,s107,p130,Kayunga,Ntenjeru,2018,Kangulumira,Kawomya,Maligita Primary School,Government,Female,Division 3,3
d102,c102,s107,p130,Kayunga,Ntenjeru,2018,Kangulumira,Kawomya,Maligita Primary School,Government,Male,Division 4,7
d102,c102,s107,p130,Kayunga,Ntenjeru,2018,Kangulumira,Kawomya,Maligita Primary School,Government,Female,Division 4,9
d102,c102,s107,p130,Kayunga,Ntenjeru,2018,Kangulumira,Kawomya,Maligita Primary School,Government,Male,Division U,2
d102,c102,s107,p130,Kayunga,Ntenjeru,2018,Kangulumira,Kawomya,Maligita Primary School,Government,Female,Division U,3
d102,c102,s107,p130,Kayunga,Ntenjeru,2018,Kangulumira,Kawomya,Maligita Primary School,Government,Male,Division X,0
d102,c102,s107,p130,Kayunga,Ntenjeru,2018,Kangulumira,Kawomya,Maligita Primary School,Government,Female,Division X,0
d102,c102,s107,p131,Kayunga,Ntenjeru,2018,Kangulumira,Seeta Nyiize,Nyiize CU Primary School,Government,Male,Division 1,10
d102,c102,s107,p131,Kayunga,Ntenjeru,2018,Kangulumira,Seeta Nyiize,Nyiize CU Primary School,Government,Female,Division 1,6
d102,c102,s107,p131,Kayunga,Ntenjeru,2018,Kangulumira,Seeta Nyiize,Nyiize CU Primary School,Government,Male,Division 2,35
d102,c102,s107,p131,Kayunga,Ntenjeru,2018,Kangulumira,Seeta Nyiize,Nyiize CU Primary School,Government,Female,Division 2,35
d102,c102,s107,p131,Kayunga,Ntenjeru,2018,Kangulumira,Seeta Nyiize,Nyiize CU Primary School,Government,Male,Division 3,4
d102,c102,s107,p131,Kayunga,Ntenjeru,2018,Kangulumira,Seeta Nyiize,Nyiize CU Primary School,Government,Female,Division 3,3
d102,c102,s107,p131,Kayunga,Ntenjeru,2018,Kangulumira,Seeta Nyiize,Nyiize CU Primary School,Government,Male,Division 4,1
d102,c102,s107,p131,Kayunga,Ntenjeru,2018,Kangulumira,Seeta Nyiize,Nyiize CU Primary School,Government,Female,Division 4,1
d102,c102,s107,p131,Kayunga,Ntenjeru,2018,Kangulumira,Seeta Nyiize,Nyiize CU Primary School,Government,Male,Division U,0
d102,c102,s107,p131,Kayunga,Ntenjeru,2018,Kangulumira,Seeta Nyiize,Nyiize CU Primary School,Government,Female,Division U,0
d102,c102,s107,p131,Kayunga,Ntenjeru,2018,Kangulumira,Seeta Nyiize,Nyiize CU Primary School,Government,Male,Division X,1
d102,c102,s107,p131,Kayunga,Ntenjeru,2018,Kangulumira,Seeta Nyiize,Nyiize CU Primary School,Government,Female,Division X,2
d102,c102,s107,p131,Kayunga,Ntenjeru,2018,Kangulumira,Seeta Nyiize,Nyiize RC Primary School,Government,Male,Division 1,0
d102,c102,s107,p131,Kayunga,Ntenjeru,2018,Kangulumira,Seeta Nyiize,Nyiize RC Primary School,Government,Female,Division 1,0
d102,c102,s107,p131,Kayunga,Ntenjeru,2018,Kangulumira,Seeta Nyiize,Nyiize RC Primary School,Government,Male,Division 2,10
d102,c102,s107,p131,Kayunga,Ntenjeru,2018,Kangulumira,Seeta Nyiize,Nyiize RC Primary School,Government,Female,Division 2,18
d102,c102,s107,p131,Kayunga,Ntenjeru,2018,Kangulumira,Seeta Nyiize,Nyiize RC Primary School,Government,Male,Division 3,6
d102,c102,s107,p131,Kayunga,Ntenjeru,2018,Kangulumira,Seeta Nyiize,Nyiize RC Primary School,Government,Female,Division 3,6
d102,c102,s107,p131,Kayunga,Ntenjeru,2018,Kangulumira,Seeta Nyiize,Nyiize RC Primary School,Government,Male,Division 4,1
d102,c102,s107,p131,Kayunga,Ntenjeru,2018,Kangulumira,Seeta Nyiize,Nyiize RC Primary School,Government,Female,Division 4,1
d102,c102,s107,p131,Kayunga,Ntenjeru,2018,Kangulumira,Seeta Nyiize,Nyiize RC Primary School,Government,Male,Division U,0
d102,c102,s107,p131,Kayunga,Ntenjeru,2018,Kangulumira,Seeta Nyiize,Nyiize RC Primary School,Government,Female,Division U,0
d102,c102,s107,p131,Kayunga,Ntenjeru,2018,Kangulumira,Seeta Nyiize,Nyiize RC Primary School,Government,Male,Division X,0
d102,c102,s107,p131,Kayunga,Ntenjeru,2018,Kangulumira,Seeta Nyiize,Nyiize RC Primary School,Government,Female,Division X,0
d102,c102,s108,p107,Kayunga,Ntenjeru,2018,Kayunga,Bukujju,Bukujju UMEA Primary School,Government,Male,Division 1,0
d102,c102,s108,p107,Kayunga,Ntenjeru,2018,Kayunga,Bukujju,Bukujju UMEA Primary School,Government,Female,Division 1,0
d102,c102,s108,p107,Kayunga,Ntenjeru,2018,Kayunga,Bukujju,Bukujju UMEA Primary School,Government,Male,Division 2,0
d102,c102,s108,p107,Kayunga,Ntenjeru,2018,Kayunga,Bukujju,Bukujju UMEA Primary School,Government,Female,Division 2,1
d102,c102,s108,p107,Kayunga,Ntenjeru,2018,Kayunga,Bukujju,Bukujju UMEA Primary School,Government,Male,Division 3,1
d102,c102,s108,p107,Kayunga,Ntenjeru,2018,Kayunga,Bukujju,Bukujju UMEA Primary School,Government,Female,Division 3,1
d102,c102,s108,p107,Kayunga,Ntenjeru,2018,Kayunga,Bukujju,Bukujju UMEA Primary School,Government,Male,Division 4,1
d102,c102,s108,p107,Kayunga,Ntenjeru,2018,Kayunga,Bukujju,Bukujju UMEA Primary School,Government,Female,Division 4,0
d102,c102,s108,p107,Kayunga,Ntenjeru,2018,Kayunga,Bukujju,Bukujju UMEA Primary School,Government,Male,Division U,10
d102,c102,s108,p107,Kayunga,Ntenjeru,2018,Kayunga,Bukujju,Bukujju UMEA Primary School,Government,Female,Division U,10
d102,c102,s108,p107,Kayunga,Ntenjeru,2018,Kayunga,Bukujju,Bukujju UMEA Primary School,Government,Male,Division X,1
d102,c102,s108,p107,Kayunga,Ntenjeru,2018,Kayunga,Bukujju,Bukujju UMEA Primary School,Government,Female,Division X,0
d102,c102,s108,p102,Kayunga,Ntenjeru,2018,Kayunga,Busaale,Busaale CU Primary School,Government,Male,Division 1,0
d102,c102,s108,p102,Kayunga,Ntenjeru,2018,Kayunga,Busaale,Busaale CU Primary School,Government,Female,Division 1,0
d102,c102,s108,p102,Kayunga,Ntenjeru,2018,Kayunga,Busaale,Busaale CU Primary School,Government,Male,Division 2,5
d102,c102,s108,p102,Kayunga,Ntenjeru,2018,Kayunga,Busaale,Busaale CU Primary School,Government,Female,Division 2,5
d102,c102,s108,p102,Kayunga,Ntenjeru,2018,Kayunga,Busaale,Busaale CU Primary School,Government,Male,Division 3,5
d102,c102,s108,p102,Kayunga,Ntenjeru,2018,Kayunga,Busaale,Busaale CU Primary School,Government,Female,Division 3,6
d102,c102,s108,p102,Kayunga,Ntenjeru,2018,Kayunga,Busaale,Busaale CU Primary School,Government,Male,Division 4,2
d102,c102,s108,p102,Kayunga,Ntenjeru,2018,Kayunga,Busaale,Busaale CU Primary School,Government,Female,Division 4,1
d102,c102,s108,p102,Kayunga,Ntenjeru,2018,Kayunga,Busaale,Busaale CU Primary School,Government,Male,Division U,1
d102,c102,s108,p102,Kayunga,Ntenjeru,2018,Kayunga,Busaale,Busaale CU Primary School,Government,Female,Division U,1
d102,c102,s108,p102,Kayunga,Ntenjeru,2018,Kayunga,Busaale,Busaale CU Primary School,Government,Male,Division X,0
d102,c102,s108,p102,Kayunga,Ntenjeru,2018,Kayunga,Busaale,Busaale CU Primary School,Government,Female,Division X,0
d102,c102,s108,p105,Kayunga,Ntenjeru,2018,Kayunga,Buyobe,Buwungiro Primary School,Government,Male,Division 1,0
d102,c102,s108,p105,Kayunga,Ntenjeru,2018,Kayunga,Buyobe,Buwungiro Primary School,Government,Female,Division 1,0
d102,c102,s108,p105,Kayunga,Ntenjeru,2018,Kayunga,Buyobe,Buwungiro Primary School,Government,Male,Division 2,1
d102,c102,s108,p105,Kayunga,Ntenjeru,2018,Kayunga,Buyobe,Buwungiro Primary School,Government,Female,Division 2,1
d102,c102,s108,p105,Kayunga,Ntenjeru,2018,Kayunga,Buyobe,Buwungiro Primary School,Government,Male,Division 3,4
d102,c102,s108,p105,Kayunga,Ntenjeru,2018,Kayunga,Buyobe,Buwungiro Primary School,Government,Female,Division 3,4
d102,c102,s108,p105,Kayunga,Ntenjeru,2018,Kayunga,Buyobe,Buwungiro Primary School,Government,Male,Division 4,3
d102,c102,s108,p105,Kayunga,Ntenjeru,2018,Kayunga,Buyobe,Buwungiro Primary School,Government,Female,Division 4,6
d102,c102,s108,p105,Kayunga,Ntenjeru,2018,Kayunga,Buyobe,Buwungiro Primary School,Government,Male,Division U,4
d102,c102,s108,p105,Kayunga,Ntenjeru,2018,Kayunga,Buyobe,Buwungiro Primary School,Government,Female,Division U,4
d102,c102,s108,p105,Kayunga,Ntenjeru,2018,Kayunga,Buyobe,Buwungiro Primary School,Government,Male,Division X,2
d102,c102,s108,p105,Kayunga,Ntenjeru,2018,Kayunga,Buyobe,Buwungiro Primary School,Government,Female,Division X,1
d102,c102,s108,p103,Kayunga,Ntenjeru,2018,Kayunga,Bukolooto,Bwetyaba RC Primary School,Government,Male,Division 1,0
d102,c102,s108,p103,Kayunga,Ntenjeru,2018,Kayunga,Bukolooto,Bwetyaba RC Primary School,Government,Female,Division 1,0
d102,c102,s108,p103,Kayunga,Ntenjeru,2018,Kayunga,Bukolooto,Bwetyaba RC Primary School,Government,Male,Division 2,16
d102,c102,s108,p103,Kayunga,Ntenjeru,2018,Kayunga,Bukolooto,Bwetyaba RC Primary School,Government,Female,Division 2,10
d102,c102,s108,p103,Kayunga,Ntenjeru,2018,Kayunga,Bukolooto,Bwetyaba RC Primary School,Government,Male,Division 3,6
d102,c102,s108,p103,Kayunga,Ntenjeru,2018,Kayunga,Bukolooto,Bwetyaba RC Primary School,Government,Female,Division 3,2
d102,c102,s108,p103,Kayunga,Ntenjeru,2018,Kayunga,Bukolooto,Bwetyaba RC Primary School,Government,Male,Division 4,1
d102,c102,s108,p103,Kayunga,Ntenjeru,2018,Kayunga,Bukolooto,Bwetyaba RC Primary School,Government,Female,Division 4,0
d102,c102,s108,p103,Kayunga,Ntenjeru,2018,Kayunga,Bukolooto,Bwetyaba RC Primary School,Government,Male,Division U,0
d102,c102,s108,p103,Kayunga,Ntenjeru,2018,Kayunga,Bukolooto,Bwetyaba RC Primary School,Government,Female,Division U,0
d102,c102,s108,p103,Kayunga,Ntenjeru,2018,Kayunga,Bukolooto,Bwetyaba RC Primary School,Government,Male,Division X,1
d102,c102,s108,p103,Kayunga,Ntenjeru,2018,Kayunga,Bukolooto,Bwetyaba RC Primary School,Government,Female,Division X,0
d102,c102,s108,p105,Kayunga,Ntenjeru,2018,Kayunga,Buyobe,Kanjuki CU Primary School,Government,Male,Division 1,1
d102,c102,s108,p105,Kayunga,Ntenjeru,2018,Kayunga,Buyobe,Kanjuki CU Primary School,Government,Female,Division 1,0
d102,c102,s108,p105,Kayunga,Ntenjeru,2018,Kayunga,Buyobe,Kanjuki CU Primary School,Government,Male,Division 2,20
d102,c102,s108,p105,Kayunga,Ntenjeru,2018,Kayunga,Buyobe,Kanjuki CU Primary School,Government,Female,Division 2,9
d102,c102,s108,p105,Kayunga,Ntenjeru,2018,Kayunga,Buyobe,Kanjuki CU Primary School,Government,Male,Division 3,6
d102,c102,s108,p105,Kayunga,Ntenjeru,2018,Kayunga,Buyobe,Kanjuki CU Primary School,Government,Female,Division 3,3
d102,c102,s108,p105,Kayunga,Ntenjeru,2018,Kayunga,Buyobe,Kanjuki CU Primary School,Government,Male,Division 4,5
d102,c102,s108,p105,Kayunga,Ntenjeru,2018,Kayunga,Buyobe,Kanjuki CU Primary School,Government,Female,Division 4,6
d102,c102,s108,p105,Kayunga,Ntenjeru,2018,Kayunga,Buyobe,Kanjuki CU Primary School,Government,Male,Division U,1
d102,c102,s108,p105,Kayunga,Ntenjeru,2018,Kayunga,Buyobe,Kanjuki CU Primary School,Government,Female,Division U,1
d102,c102,s108,p105,Kayunga,Ntenjeru,2018,Kayunga,Buyobe,Kanjuki CU Primary School,Government,Male,Division X,1
d102,c102,s108,p105,Kayunga,Ntenjeru,2018,Kayunga,Buyobe,Kanjuki CU Primary School,Government,Female,Division X,0
d102,c102,s108,p105,Kayunga,Ntenjeru,2018,Kayunga,Buyobe,Kanjuki RC Primary School,Government,Male,Division 1,0
d102,c102,s108,p105,Kayunga,Ntenjeru,2018,Kayunga,Buyobe,Kanjuki RC Primary School,Government,Female,Division 1,0
d102,c102,s108,p105,Kayunga,Ntenjeru,2018,Kayunga,Buyobe,Kanjuki RC Primary School,Government,Male,Division 2,6
d102,c102,s108,p105,Kayunga,Ntenjeru,2018,Kayunga,Buyobe,Kanjuki RC Primary School,Government,Female,Division 2,6
d102,c102,s108,p105,Kayunga,Ntenjeru,2018,Kayunga,Buyobe,Kanjuki RC Primary School,Government,Male,Division 3,1
d102,c102,s108,p105,Kayunga,Ntenjeru,2018,Kayunga,Buyobe,Kanjuki RC Primary School,Government,Female,Division 3,1
d102,c102,s108,p105,Kayunga,Ntenjeru,2018,Kayunga,Buyobe,Kanjuki RC Primary School,Government,Male,Division 4,0
d102,c102,s108,p105,Kayunga,Ntenjeru,2018,Kayunga,Buyobe,Kanjuki RC Primary School,Government,Female,Division 4,0
d102,c102,s108,p105,Kayunga,Ntenjeru,2018,Kayunga,Buyobe,Kanjuki RC Primary School,Government,Male,Division U,0
d102,c102,s108,p105,Kayunga,Ntenjeru,2018,Kayunga,Buyobe,Kanjuki RC Primary School,Government,Female,Division U,0
d102,c102,s108,p105,Kayunga,Ntenjeru,2018,Kayunga,Buyobe,Kanjuki RC Primary School,Government,Male,Division X,2
d102,c102,s108,p105,Kayunga,Ntenjeru,2018,Kayunga,Buyobe,Kanjuki RC Primary School,Government,Female,Division X,1
d102,c102,s108,p105,Kayunga,Ntenjeru,2018,Kayunga,Buyobe,Kanjuki UMEA Primary School,Government,Male,Division 1,0
d102,c102,s108,p105,Kayunga,Ntenjeru,2018,Kayunga,Buyobe,Kanjuki UMEA Primary School,Government,Female,Division 1,0
d102,c102,s108,p105,Kayunga,Ntenjeru,2018,Kayunga,Buyobe,Kanjuki UMEA Primary School,Government,Male,Division 2,10
d102,c102,s108,p105,Kayunga,Ntenjeru,2018,Kayunga,Buyobe,Kanjuki UMEA Primary School,Government,Female,Division 2,11
d102,c102,s108,p105,Kayunga,Ntenjeru,2018,Kayunga,Buyobe,Kanjuki UMEA Primary School,Government,Male,Division 3,8
d102,c102,s108,p105,Kayunga,Ntenjeru,2018,Kayunga,Buyobe,Kanjuki UMEA Primary School,Government,Female,Division 3,7
d102,c102,s108,p105,Kayunga,Ntenjeru,2018,Kayunga,Buyobe,Kanjuki UMEA Primary School,Government,Male,Division 4,2
d102,c102,s108,p105,Kayunga,Ntenjeru,2018,Kayunga,Buyobe,Kanjuki UMEA Primary School,Government,Female,Division 4,1
d102,c102,s108,p105,Kayunga,Ntenjeru,2018,Kayunga,Buyobe,Kanjuki UMEA Primary School,Government,Male,Division U,1
d102,c102,s108,p105,Kayunga,Ntenjeru,2018,Kayunga,Buyobe,Kanjuki UMEA Primary School,Government,Female,Division U,0
d102,c102,s108,p105,Kayunga,Ntenjeru,2018,Kayunga,Buyobe,Kanjuki UMEA Primary School,Government,Male,Division X,0
d102,c102,s108,p105,Kayunga,Ntenjeru,2018,Kayunga,Buyobe,Kanjuki UMEA Primary School,Government,Female,Division X,0
d102,c102,s108,p106,Kayunga,Ntenjeru,2018,Kayunga,Nsotoka,Kiwooza CU Primary School,Government,Male,Division 1,0
d102,c102,s108,p106,Kayunga,Ntenjeru,2018,Kayunga,Nsotoka,Kiwooza CU Primary School,Government,Female,Division 1,0
d102,c102,s108,p106,Kayunga,Ntenjeru,2018,Kayunga,Nsotoka,Kiwooza CU Primary School,Government,Male,Division 2,5
d102,c102,s108,p106,Kayunga,Ntenjeru,2018,Kayunga,Nsotoka,Kiwooza CU Primary School,Government,Female,Division 2,2
d102,c102,s108,p106,Kayunga,Ntenjeru,2018,Kayunga,Nsotoka,Kiwooza CU Primary School,Government,Male,Division 3,7
d102,c102,s108,p106,Kayunga,Ntenjeru,2018,Kayunga,Nsotoka,Kiwooza CU Primary School,Government,Female,Division 3,8
d102,c102,s108,p106,Kayunga,Ntenjeru,2018,Kayunga,Nsotoka,Kiwooza CU Primary School,Government,Male,Division 4,5
d102,c102,s108,p106,Kayunga,Ntenjeru,2018,Kayunga,Nsotoka,Kiwooza CU Primary School,Government,Female,Division 4,5
d102,c102,s108,p106,Kayunga,Ntenjeru,2018,Kayunga,Nsotoka,Kiwooza CU Primary School,Government,Male,Division U,7
d102,c102,s108,p106,Kayunga,Ntenjeru,2018,Kayunga,Nsotoka,Kiwooza CU Primary School,Government,Female,Division U,7
d102,c102,s108,p106,Kayunga,Ntenjeru,2018,Kayunga,Nsotoka,Kiwooza CU Primary School,Government,Male,Division X,2
d102,c102,s108,p106,Kayunga,Ntenjeru,2018,Kayunga,Nsotoka,Kiwooza CU Primary School,Government,Female,Division X,1
d102,c102,s108,p105,Kayunga,Ntenjeru,2018,Kayunga,Buyobe,Kyanya CU Primary School,Government,Male,Division 1,0
d102,c102,s108,p105,Kayunga,Ntenjeru,2018,Kayunga,Buyobe,Kyanya CU Primary School,Government,Female,Division 1,0
d102,c102,s108,p105,Kayunga,Ntenjeru,2018,Kayunga,Buyobe,Kyanya CU Primary School,Government,Male,Division 2,5
d102,c102,s108,p105,Kayunga,Ntenjeru,2018,Kayunga,Buyobe,Kyanya CU Primary School,Government,Female,Division 2,5
d102,c102,s108,p105,Kayunga,Ntenjeru,2018,Kayunga,Buyobe,Kyanya CU Primary School,Government,Male,Division 3,6
d102,c102,s108,p105,Kayunga,Ntenjeru,2018,Kayunga,Buyobe,Kyanya CU Primary School,Government,Female,Division 3,8
d102,c102,s108,p105,Kayunga,Ntenjeru,2018,Kayunga,Buyobe,Kyanya CU Primary School,Government,Male,Division 4,3
d102,c102,s108,p105,Kayunga,Ntenjeru,2018,Kayunga,Buyobe,Kyanya CU Primary School,Government,Female,Division 4,2
d102,c102,s108,p105,Kayunga,Ntenjeru,2018,Kayunga,Buyobe,Kyanya CU Primary School,Government,Male,Division U,16
d102,c102,s108,p105,Kayunga,Ntenjeru,2018,Kayunga,Buyobe,Kyanya CU Primary School,Government,Female,Division U,20
d102,c102,s108,p105,Kayunga,Ntenjeru,2018,Kayunga,Buyobe,Kyanya CU Primary School,Government,Male,Division X,0
d102,c102,s108,p105,Kayunga,Ntenjeru,2018,Kayunga,Buyobe,Kyanya CU Primary School,Government,Female,Division X,0
d102,c102,s108,p106,Kayunga,Ntenjeru,2018,Kayunga,Nsotoka,Mataba Muslim Quaran Primary School,Private,Male,Division 1,2
d102,c102,s108,p106,Kayunga,Ntenjeru,2018,Kayunga,Nsotoka,Mataba Muslim Quaran Primary School,Private,Female,Division 1,1
d102,c102,s108,p106,Kayunga,Ntenjeru,2018,Kayunga,Nsotoka,Mataba Muslim Quaran Primary School,Private,Male,Division 2,13
d102,c102,s108,p106,Kayunga,Ntenjeru,2018,Kayunga,Nsotoka,Mataba Muslim Quaran Primary School,Private,Female,Division 2,10
d102,c102,s108,p106,Kayunga,Ntenjeru,2018,Kayunga,Nsotoka,Mataba Muslim Quaran Primary School,Private,Male,Division 3,3
d102,c102,s108,p106,Kayunga,Ntenjeru,2018,Kayunga,Nsotoka,Mataba Muslim Quaran Primary School,Private,Female,Division 3,6
d102,c102,s108,p106,Kayunga,Ntenjeru,2018,Kayunga,Nsotoka,Mataba Muslim Quaran Primary School,Private,Male,Division 4,4
d102,c102,s108,p106,Kayunga,Ntenjeru,2018,Kayunga,Nsotoka,Mataba Muslim Quaran Primary School,Private,Female,Division 4,3
d102,c102,s108,p106,Kayunga,Ntenjeru,2018,Kayunga,Nsotoka,Mataba Muslim Quaran Primary School,Private,Male,Division U,2
d102,c102,s108,p106,Kayunga,Ntenjeru,2018,Kayunga,Nsotoka,Mataba Muslim Quaran Primary School,Private,Female,Division U,3
d102,c102,s108,p106,Kayunga,Ntenjeru,2018,Kayunga,Nsotoka,Mataba Muslim Quaran Primary School,Private,Male,Division X,1
d102,c102,s108,p106,Kayunga,Ntenjeru,2018,Kayunga,Nsotoka,Mataba Muslim Quaran Primary School,Private,Female,Division X,1
d102,c102,s108,p101,Kayunga,Ntenjeru,2018,Kayunga,Bubajjwe,Mugema Primary School,Government,Male,Division 1,2
d102,c102,s108,p101,Kayunga,Ntenjeru,2018,Kayunga,Bubajjwe,Mugema Primary School,Government,Female,Division 1,1
d102,c102,s108,p101,Kayunga,Ntenjeru,2018,Kayunga,Bubajjwe,Mugema Primary School,Government,Male,Division 2,25
d102,c102,s108,p101,Kayunga,Ntenjeru,2018,Kayunga,Bubajjwe,Mugema Primary School,Government,Female,Division 2,29
d102,c102,s108,p101,Kayunga,Ntenjeru,2018,Kayunga,Bubajjwe,Mugema Primary School,Government,Male,Division 3,10
d102,c102,s108,p101,Kayunga,Ntenjeru,2018,Kayunga,Bubajjwe,Mugema Primary School,Government,Female,Division 3,13
d102,c102,s108,p101,Kayunga,Ntenjeru,2018,Kayunga,Bubajjwe,Mugema Primary School,Government,Male,Division 4,3
d102,c102,s108,p101,Kayunga,Ntenjeru,2018,Kayunga,Bubajjwe,Mugema Primary School,Government,Female,Division 4,3
d102,c102,s108,p101,Kayunga,Ntenjeru,2018,Kayunga,Bubajjwe,Mugema Primary School,Government,Male,Division U,2
d102,c102,s108,p101,Kayunga,Ntenjeru,2018,Kayunga,Bubajjwe,Mugema Primary School,Government,Female,Division U,1
d102,c102,s108,p101,Kayunga,Ntenjeru,2018,Kayunga,Bubajjwe,Mugema Primary School,Government,Male,Division X,1
d102,c102,s108,p101,Kayunga,Ntenjeru,2018,Kayunga,Bubajjwe,Mugema Primary School,Government,Female,Division X,0
d102,c102,s108,p104,Kayunga,Ntenjeru,2018,Kayunga,Nakaseeta,Nakaziba CU Primary School,Government,Male,Division 1,0
d102,c102,s108,p104,Kayunga,Ntenjeru,2018,Kayunga,Nakaseeta,Nakaziba CU Primary School,Government,Female,Division 1,0
d102,c102,s108,p104,Kayunga,Ntenjeru,2018,Kayunga,Nakaseeta,Nakaziba CU Primary School,Government,Male,Division 2,4
d102,c102,s108,p104,Kayunga,Ntenjeru,2018,Kayunga,Nakaseeta,Nakaziba CU Primary School,Government,Female,Division 2,3
d102,c102,s108,p104,Kayunga,Ntenjeru,2018,Kayunga,Nakaseeta,Nakaziba CU Primary School,Government,Male,Division 3,4
d102,c102,s108,p104,Kayunga,Ntenjeru,2018,Kayunga,Nakaseeta,Nakaziba CU Primary School,Government,Female,Division 3,3
d102,c102,s108,p104,Kayunga,Ntenjeru,2018,Kayunga,Nakaseeta,Nakaziba CU Primary School,Government,Male,Division 4,4
d102,c102,s108,p104,Kayunga,Ntenjeru,2018,Kayunga,Nakaseeta,Nakaziba CU Primary School,Government,Female,Division 4,3
d102,c102,s108,p104,Kayunga,Ntenjeru,2018,Kayunga,Nakaseeta,Nakaziba CU Primary School,Government,Male,Division U,5
d102,c102,s108,p104,Kayunga,Ntenjeru,2018,Kayunga,Nakaseeta,Nakaziba CU Primary School,Government,Female,Division U,5
d102,c102,s108,p104,Kayunga,Ntenjeru,2018,Kayunga,Nakaseeta,Nakaziba CU Primary School,Government,Male,Division X,0
d102,c102,s108,p104,Kayunga,Ntenjeru,2018,Kayunga,Nakaseeta,Nakaziba CU Primary School,Government,Female,Division X,1
d102,c102,s108,p106,Kayunga,Ntenjeru,2018,Kayunga,Nsotoka,Namulanda CU Primary School,Government,Male,Division 1,1
d102,c102,s108,p106,Kayunga,Ntenjeru,2018,Kayunga,Nsotoka,Namulanda CU Primary School,Government,Female,Division 1,0
d102,c102,s108,p106,Kayunga,Ntenjeru,2018,Kayunga,Nsotoka,Namulanda CU Primary School,Government,Male,Division 2,4
d102,c102,s108,p106,Kayunga,Ntenjeru,2018,Kayunga,Nsotoka,Namulanda CU Primary School,Government,Female,Division 2,5
d102,c102,s108,p106,Kayunga,Ntenjeru,2018,Kayunga,Nsotoka,Namulanda CU Primary School,Government,Male,Division 3,4
d102,c102,s108,p106,Kayunga,Ntenjeru,2018,Kayunga,Nsotoka,Namulanda CU Primary School,Government,Female,Division 3,4
d102,c102,s108,p106,Kayunga,Ntenjeru,2018,Kayunga,Nsotoka,Namulanda CU Primary School,Government,Male,Division 4,5
d102,c102,s108,p106,Kayunga,Ntenjeru,2018,Kayunga,Nsotoka,Namulanda CU Primary School,Government,Female,Division 4,5
d102,c102,s108,p106,Kayunga,Ntenjeru,2018,Kayunga,Nsotoka,Namulanda CU Primary School,Government,Male,Division U,3
d102,c102,s108,p106,Kayunga,Ntenjeru,2018,Kayunga,Nsotoka,Namulanda CU Primary School,Government,Female,Division U,3
d102,c102,s108,p106,Kayunga,Ntenjeru,2018,Kayunga,Nsotoka,Namulanda CU Primary School,Government,Male,Division X,1
d102,c102,s108,p106,Kayunga,Ntenjeru,2018,Kayunga,Nsotoka,Namulanda CU Primary School,Government,Female,Division X,0
d102,c102,s108,p106,Kayunga,Ntenjeru,2018,Kayunga,Nsotoka,Namulanda RC Primary School,Government,Male,Division 1,0
d102,c102,s108,p106,Kayunga,Ntenjeru,2018,Kayunga,Nsotoka,Namulanda RC Primary School,Government,Female,Division 1,0
d102,c102,s108,p106,Kayunga,Ntenjeru,2018,Kayunga,Nsotoka,Namulanda RC Primary School,Government,Male,Division 2,2
d102,c102,s108,p106,Kayunga,Ntenjeru,2018,Kayunga,Nsotoka,Namulanda RC Primary School,Government,Female,Division 2,2
d102,c102,s108,p106,Kayunga,Ntenjeru,2018,Kayunga,Nsotoka,Namulanda RC Primary School,Government,Male,Division 3,3
d102,c102,s108,p106,Kayunga,Ntenjeru,2018,Kayunga,Nsotoka,Namulanda RC Primary School,Government,Female,Division 3,3
d102,c102,s108,p106,Kayunga,Ntenjeru,2018,Kayunga,Nsotoka,Namulanda RC Primary School,Government,Male,Division 4,7
d102,c102,s108,p106,Kayunga,Ntenjeru,2018,Kayunga,Nsotoka,Namulanda RC Primary School,Government,Female,Division 4,6
d102,c102,s108,p106,Kayunga,Ntenjeru,2018,Kayunga,Nsotoka,Namulanda RC Primary School,Government,Male,Division U,5
d102,c102,s108,p106,Kayunga,Ntenjeru,2018,Kayunga,Nsotoka,Namulanda RC Primary School,Government,Female,Division U,4
d102,c102,s108,p106,Kayunga,Ntenjeru,2018,Kayunga,Nsotoka,Namulanda RC Primary School,Government,Male,Division X,0
d102,c102,s108,p106,Kayunga,Ntenjeru,2018,Kayunga,Nsotoka,Namulanda RC Primary School,Government,Female,Division X,0
d102,c102,s108,p106,Kayunga,Ntenjeru,2018,Kayunga,Nsotoka,Nsotoka Islamic Primary School,Private,Male,Division 1,0
d102,c102,s108,p106,Kayunga,Ntenjeru,2018,Kayunga,Nsotoka,Nsotoka Islamic Primary School,Private,Female,Division 1,0
d102,c102,s108,p106,Kayunga,Ntenjeru,2018,Kayunga,Nsotoka,Nsotoka Islamic Primary School,Private,Male,Division 2,19
d102,c102,s108,p106,Kayunga,Ntenjeru,2018,Kayunga,Nsotoka,Nsotoka Islamic Primary School,Private,Female,Division 2,10
d102,c102,s108,p106,Kayunga,Ntenjeru,2018,Kayunga,Nsotoka,Nsotoka Islamic Primary School,Private,Male,Division 3,3
d102,c102,s108,p106,Kayunga,Ntenjeru,2018,Kayunga,Nsotoka,Nsotoka Islamic Primary School,Private,Female,Division 3,3
d102,c102,s108,p106,Kayunga,Ntenjeru,2018,Kayunga,Nsotoka,Nsotoka Islamic Primary School,Private,Male,Division 4,2
d102,c102,s108,p106,Kayunga,Ntenjeru,2018,Kayunga,Nsotoka,Nsotoka Islamic Primary School,Private,Female,Division 4,1
d102,c102,s108,p106,Kayunga,Ntenjeru,2018,Kayunga,Nsotoka,Nsotoka Islamic Primary School,Private,Male,Division U,0
d102,c102,s108,p106,Kayunga,Ntenjeru,2018,Kayunga,Nsotoka,Nsotoka Islamic Primary School,Private,Female,Division U,0
d102,c102,s108,p106,Kayunga,Ntenjeru,2018,Kayunga,Nsotoka,Nsotoka Islamic Primary School,Private,Male,Division X,0
d102,c102,s108,p106,Kayunga,Ntenjeru,2018,Kayunga,Nsotoka,Nsotoka Islamic Primary School,Private,Female,Division X,0
d102,c102,s108,p106,Kayunga,Ntenjeru,2018,Kayunga,Nsotoka,Obadia Sajjabi Community Primary School,Private,Male,Division 1,0
d102,c102,s108,p106,Kayunga,Ntenjeru,2018,Kayunga,Nsotoka,Obadia Sajjabi Community Primary School,Private,Female,Division 1,0
d102,c102,s108,p106,Kayunga,Ntenjeru,2018,Kayunga,Nsotoka,Obadia Sajjabi Community Primary School,Private,Male,Division 2,14
d102,c102,s108,p106,Kayunga,Ntenjeru,2018,Kayunga,Nsotoka,Obadia Sajjabi Community Primary School,Private,Female,Division 2,10
d102,c102,s108,p106,Kayunga,Ntenjeru,2018,Kayunga,Nsotoka,Obadia Sajjabi Community Primary School,Private,Male,Division 3,16
d102,c102,s108,p106,Kayunga,Ntenjeru,2018,Kayunga,Nsotoka,Obadia Sajjabi Community Primary School,Private,Female,Division 3,10
d102,c102,s108,p106,Kayunga,Ntenjeru,2018,Kayunga,Nsotoka,Obadia Sajjabi Community Primary School,Private,Male,Division 4,7
d102,c102,s108,p106,Kayunga,Ntenjeru,2018,Kayunga,Nsotoka,Obadia Sajjabi Community Primary School,Private,Female,Division 4,6
d102,c102,s108,p106,Kayunga,Ntenjeru,2018,Kayunga,Nsotoka,Obadia Sajjabi Community Primary School,Private,Male,Division U,2
d102,c102,s108,p106,Kayunga,Ntenjeru,2018,Kayunga,Nsotoka,Obadia Sajjabi Community Primary School,Private,Female,Division U,2
d102,c102,s108,p106,Kayunga,Ntenjeru,2018,Kayunga,Nsotoka,Obadia Sajjabi Community Primary School,Private,Male,Division X,3
d102,c102,s108,p106,Kayunga,Ntenjeru,2018,Kayunga,Nsotoka,Obadia Sajjabi Community Primary School,Private,Female,Division X,2
d102,c102,s108,p108,Kayunga,Ntenjeru,2018,Kayunga,Kiteredde,Ssekagya Islamic Primary School,Government,Male,Division 1,10
d102,c102,s108,p108,Kayunga,Ntenjeru,2018,Kayunga,Kiteredde,Ssekagya Islamic Primary School,Government,Female,Division 1,17
d102,c102,s108,p108,Kayunga,Ntenjeru,2018,Kayunga,Kiteredde,Ssekagya Islamic Primary School,Government,Male,Division 2,16
d102,c102,s108,p108,Kayunga,Ntenjeru,2018,Kayunga,Kiteredde,Ssekagya Islamic Primary School,Government,Female,Division 2,14
d102,c102,s108,p108,Kayunga,Ntenjeru,2018,Kayunga,Kiteredde,Ssekagya Islamic Primary School,Government,Male,Division 3,6
d102,c102,s108,p108,Kayunga,Ntenjeru,2018,Kayunga,Kiteredde,Ssekagya Islamic Primary School,Government,Female,Division 3,10
d102,c102,s108,p108,Kayunga,Ntenjeru,2018,Kayunga,Kiteredde,Ssekagya Islamic Primary School,Government,Male,Division 4,4
d102,c102,s108,p108,Kayunga,Ntenjeru,2018,Kayunga,Kiteredde,Ssekagya Islamic Primary School,Government,Female,Division 4,3
d102,c102,s108,p108,Kayunga,Ntenjeru,2018,Kayunga,Kiteredde,Ssekagya Islamic Primary School,Government,Male,Division U,2
d102,c102,s108,p108,Kayunga,Ntenjeru,2018,Kayunga,Kiteredde,Ssekagya Islamic Primary School,Government,Female,Division U,1
d102,c102,s108,p108,Kayunga,Ntenjeru,2018,Kayunga,Kiteredde,Ssekagya Islamic Primary School,Government,Male,Division X,1
d102,c102,s108,p108,Kayunga,Ntenjeru,2018,Kayunga,Kiteredde,Ssekagya Islamic Primary School,Government,Female,Division X,1
d102,c102,s108,p103,Kayunga,Ntenjeru,2018,Kayunga,Bukolooto,Ssezibwa CU Primary School,Government,Male,Division 1,3
d102,c102,s108,p103,Kayunga,Ntenjeru,2018,Kayunga,Bukolooto,Ssezibwa CU Primary School,Government,Female,Division 1,4
d102,c102,s108,p103,Kayunga,Ntenjeru,2018,Kayunga,Bukolooto,Ssezibwa CU Primary School,Government,Male,Division 2,8
d102,c102,s108,p103,Kayunga,Ntenjeru,2018,Kayunga,Bukolooto,Ssezibwa CU Primary School,Government,Female,Division 2,10
d102,c102,s108,p103,Kayunga,Ntenjeru,2018,Kayunga,Bukolooto,Ssezibwa CU Primary School,Government,Male,Division 3,6
d102,c102,s108,p103,Kayunga,Ntenjeru,2018,Kayunga,Bukolooto,Ssezibwa CU Primary School,Government,Female,Division 3,10
d102,c102,s108,p103,Kayunga,Ntenjeru,2018,Kayunga,Bukolooto,Ssezibwa CU Primary School,Government,Male,Division 4,6
d102,c102,s108,p103,Kayunga,Ntenjeru,2018,Kayunga,Bukolooto,Ssezibwa CU Primary School,Government,Female,Division 4,4
d102,c102,s108,p103,Kayunga,Ntenjeru,2018,Kayunga,Bukolooto,Ssezibwa CU Primary School,Government,Male,Division U,4
d102,c102,s108,p103,Kayunga,Ntenjeru,2018,Kayunga,Bukolooto,Ssezibwa CU Primary School,Government,Female,Division U,4
d102,c102,s108,p103,Kayunga,Ntenjeru,2018,Kayunga,Bukolooto,Ssezibwa CU Primary School,Government,Male,Division X,1
d102,c102,s108,p103,Kayunga,Ntenjeru,2018,Kayunga,Bukolooto,Ssezibwa CU Primary School,Government,Female,Division X,0
d102,c102,s108,p103,Kayunga,Ntenjeru,2018,Kayunga,Bukolooto,St Anthony Junior school,Private,Male,Division 1,7
d102,c102,s108,p103,Kayunga,Ntenjeru,2018,Kayunga,Bukolooto,St Anthony Junior school,Private,Female,Division 1,7
d102,c102,s108,p103,Kayunga,Ntenjeru,2018,Kayunga,Bukolooto,St Anthony Junior school,Private,Male,Division 2,20
d102,c102,s108,p103,Kayunga,Ntenjeru,2018,Kayunga,Bukolooto,St Anthony Junior school,Private,Female,Division 2,16
d102,c102,s108,p103,Kayunga,Ntenjeru,2018,Kayunga,Bukolooto,St Anthony Junior school,Private,Male,Division 3,3
d102,c102,s108,p103,Kayunga,Ntenjeru,2018,Kayunga,Bukolooto,St Anthony Junior school,Private,Female,Division 3,3
d102,c102,s108,p103,Kayunga,Ntenjeru,2018,Kayunga,Bukolooto,St Anthony Junior school,Private,Male,Division 4,1
d102,c102,s108,p103,Kayunga,Ntenjeru,2018,Kayunga,Bukolooto,St Anthony Junior school,Private,Female,Division 4,0
d102,c102,s108,p103,Kayunga,Ntenjeru,2018,Kayunga,Bukolooto,St Anthony Junior school,Private,Male,Division U,0
d102,c102,s108,p103,Kayunga,Ntenjeru,2018,Kayunga,Bukolooto,St Anthony Junior school,Private,Female,Division U,0
d102,c102,s108,p103,Kayunga,Ntenjeru,2018,Kayunga,Bukolooto,St Anthony Junior school,Private,Male,Division X,0
d102,c102,s108,p103,Kayunga,Ntenjeru,2018,Kayunga,Bukolooto,St Anthony Junior school,Private,Female,Division X,0
d102,c102,s109,p145,Kayunga,Ntenjeru,2018,Kayunga Town Council,Bukolooto Ward,Aunt Vicky Primary School,Private,Male,Division 1,0
d102,c102,s109,p145,Kayunga,Ntenjeru,2018,Kayunga Town Council,Bukolooto Ward,Aunt Vicky Primary School,Private,Female,Division 1,1
d102,c102,s109,p145,Kayunga,Ntenjeru,2018,Kayunga Town Council,Bukolooto Ward,Aunt Vicky Primary School,Private,Male,Division 2,20
d102,c102,s109,p145,Kayunga,Ntenjeru,2018,Kayunga Town Council,Bukolooto Ward,Aunt Vicky Primary School,Private,Female,Division 2,14
d102,c102,s109,p145,Kayunga,Ntenjeru,2018,Kayunga Town Council,Bukolooto Ward,Aunt Vicky Primary School,Private,Male,Division 3,7
d102,c102,s109,p145,Kayunga,Ntenjeru,2018,Kayunga Town Council,Bukolooto Ward,Aunt Vicky Primary School,Private,Female,Division 3,7
d102,c102,s109,p145,Kayunga,Ntenjeru,2018,Kayunga Town Council,Bukolooto Ward,Aunt Vicky Primary School,Private,Male,Division 4,6
d102,c102,s109,p145,Kayunga,Ntenjeru,2018,Kayunga Town Council,Bukolooto Ward,Aunt Vicky Primary School,Private,Female,Division 4,5
d102,c102,s109,p145,Kayunga,Ntenjeru,2018,Kayunga Town Council,Bukolooto Ward,Aunt Vicky Primary School,Private,Male,Division U,5
d102,c102,s109,p145,Kayunga,Ntenjeru,2018,Kayunga Town Council,Bukolooto Ward,Aunt Vicky Primary School,Private,Female,Division U,5
d102,c102,s109,p145,Kayunga,Ntenjeru,2018,Kayunga Town Council,Bukolooto Ward,Aunt Vicky Primary School,Private,Male,Division X,1
d102,c102,s109,p145,Kayunga,Ntenjeru,2018,Kayunga Town Council,Bukolooto Ward,Aunt Vicky Primary School,Private,Female,Division X,1
d102,c102,s109,p148,Kayunga,Ntenjeru,2018,Kayunga Town Council,Namagabi Ward,Gospel Valley Nursery And Primary School,Private,Male,Division 1,18
d102,c102,s109,p148,Kayunga,Ntenjeru,2018,Kayunga Town Council,Namagabi Ward,Gospel Valley Nursery And Primary School,Private,Female,Division 1,10
d102,c102,s109,p148,Kayunga,Ntenjeru,2018,Kayunga Town Council,Namagabi Ward,Gospel Valley Nursery And Primary School,Private,Male,Division 2,0
d102,c102,s109,p148,Kayunga,Ntenjeru,2018,Kayunga Town Council,Namagabi Ward,Gospel Valley Nursery And Primary School,Private,Female,Division 2,2
d102,c102,s109,p148,Kayunga,Ntenjeru,2018,Kayunga Town Council,Namagabi Ward,Gospel Valley Nursery And Primary School,Private,Male,Division 3,0
d102,c102,s109,p148,Kayunga,Ntenjeru,2018,Kayunga Town Council,Namagabi Ward,Gospel Valley Nursery And Primary School,Private,Female,Division 3,0
d102,c102,s109,p148,Kayunga,Ntenjeru,2018,Kayunga Town Council,Namagabi Ward,Gospel Valley Nursery And Primary School,Private,Male,Division 4,0
d102,c102,s109,p148,Kayunga,Ntenjeru,2018,Kayunga Town Council,Namagabi Ward,Gospel Valley Nursery And Primary School,Private,Female,Division 4,0
d102,c102,s109,p148,Kayunga,Ntenjeru,2018,Kayunga Town Council,Namagabi Ward,Gospel Valley Nursery And Primary School,Private,Male,Division U,0
d102,c102,s109,p148,Kayunga,Ntenjeru,2018,Kayunga Town Council,Namagabi Ward,Gospel Valley Nursery And Primary School,Private,Female,Division U,0
d102,c102,s109,p148,Kayunga,Ntenjeru,2018,Kayunga Town Council,Namagabi Ward,Gospel Valley Nursery And Primary School,Private,Male,Division X,0
d102,c102,s109,p148,Kayunga,Ntenjeru,2018,Kayunga Town Council,Namagabi Ward,Gospel Valley Nursery And Primary School,Private,Female,Division X,0
d102,c102,s109,,Kayunga,Ntenjeru,2018,Kayunga Town Council,,Hope Primary School,Private,Male,Division 1,3
d102,c102,s109,,Kayunga,Ntenjeru,2018,Kayunga Town Council,,Hope Primary School,Private,Female,Division 1,2
d102,c102,s109,,Kayunga,Ntenjeru,2018,Kayunga Town Council,,Hope Primary School,Private,Male,Division 2,10
d102,c102,s109,,Kayunga,Ntenjeru,2018,Kayunga Town Council,,Hope Primary School,Private,Female,Division 2,18
d102,c102,s109,,Kayunga,Ntenjeru,2018,Kayunga Town Council,,Hope Primary School,Private,Male,Division 3,2
d102,c102,s109,,Kayunga,Ntenjeru,2018,Kayunga Town Council,,Hope Primary School,Private,Female,Division 3,1
d102,c102,s109,,Kayunga,Ntenjeru,2018,Kayunga Town Council,,Hope Primary School,Private,Male,Division 4,0
d102,c102,s109,,Kayunga,Ntenjeru,2018,Kayunga Town Council,,Hope Primary School,Private,Female,Division 4,0
d102,c102,s109,,Kayunga,Ntenjeru,2018,Kayunga Town Council,,Hope Primary School,Private,Male,Division U,2
d102,c102,s109,,Kayunga,Ntenjeru,2018,Kayunga Town Council,,Hope Primary School,Private,Female,Division U,1
d102,c102,s109,,Kayunga,Ntenjeru,2018,Kayunga Town Council,,Hope Primary School,Private,Male,Division X,0
d102,c102,s109,,Kayunga,Ntenjeru,2018,Kayunga Town Council,,Hope Primary School,Private,Female,Division X,0
d102,c102,s109,p148,Kayunga,Ntenjeru,2018,Kayunga Town Council,Namagabi Ward,Kayunga Girls Primary School,Government,Male,Division 1,7
d102,c102,s109,p148,Kayunga,Ntenjeru,2018,Kayunga Town Council,Namagabi Ward,Kayunga Girls Primary School,Government,Female,Division 1,4
d102,c102,s109,p148,Kayunga,Ntenjeru,2018,Kayunga Town Council,Namagabi Ward,Kayunga Girls Primary School,Government,Male,Division 2,10
d102,c102,s109,p148,Kayunga,Ntenjeru,2018,Kayunga Town Council,Namagabi Ward,Kayunga Girls Primary School,Government,Female,Division 2,14
d102,c102,s109,p148,Kayunga,Ntenjeru,2018,Kayunga Town Council,Namagabi Ward,Kayunga Girls Primary School,Government,Male,Division 3,0
d102,c102,s109,p148,Kayunga,Ntenjeru,2018,Kayunga Town Council,Namagabi Ward,Kayunga Girls Primary School,Government,Female,Division 3,0
d102,c102,s109,p148,Kayunga,Ntenjeru,2018,Kayunga Town Council,Namagabi Ward,Kayunga Girls Primary School,Government,Male,Division 4,0
d102,c102,s109,p148,Kayunga,Ntenjeru,2018,Kayunga Town Council,Namagabi Ward,Kayunga Girls Primary School,Government,Female,Division 4,0
d102,c102,s109,p148,Kayunga,Ntenjeru,2018,Kayunga Town Council,Namagabi Ward,Kayunga Girls Primary School,Government,Male,Division U,0
d102,c102,s109,p148,Kayunga,Ntenjeru,2018,Kayunga Town Council,Namagabi Ward,Kayunga Girls Primary School,Government,Female,Division U,0
d102,c102,s109,p148,Kayunga,Ntenjeru,2018,Kayunga Town Council,Namagabi Ward,Kayunga Girls Primary School,Government,Male,Division X,1
d102,c102,s109,p148,Kayunga,Ntenjeru,2018,Kayunga Town Council,Namagabi Ward,Kayunga Girls Primary School,Government,Female,Division X,0
d102,c102,s109,p148,Kayunga,Ntenjeru,2018,Kayunga Town Council,Namagabi Ward,Kayunga Mixed Primary School,Government,Male,Division 1,0
d102,c102,s109,p148,Kayunga,Ntenjeru,2018,Kayunga Town Council,Namagabi Ward,Kayunga Mixed Primary School,Government,Female,Division 1,0
d102,c102,s109,p148,Kayunga,Ntenjeru,2018,Kayunga Town Council,Namagabi Ward,Kayunga Mixed Primary School,Government,Male,Division 2,5
d102,c102,s109,p148,Kayunga,Ntenjeru,2018,Kayunga Town Council,Namagabi Ward,Kayunga Mixed Primary School,Government,Female,Division 2,3
d102,c102,s109,p148,Kayunga,Ntenjeru,2018,Kayunga Town Council,Namagabi Ward,Kayunga Mixed Primary School,Government,Male,Division 3,10
d102,c102,s109,p148,Kayunga,Ntenjeru,2018,Kayunga Town Council,Namagabi Ward,Kayunga Mixed Primary School,Government,Female,Division 3,7
d102,c102,s109,p148,Kayunga,Ntenjeru,2018,Kayunga Town Council,Namagabi Ward,Kayunga Mixed Primary School,Government,Male,Division 4,5
d102,c102,s109,p148,Kayunga,Ntenjeru,2018,Kayunga Town Council,Namagabi Ward,Kayunga Mixed Primary School,Government,Female,Division 4,3
d102,c102,s109,p148,Kayunga,Ntenjeru,2018,Kayunga Town Council,Namagabi Ward,Kayunga Mixed Primary School,Government,Male,Division U,0
d102,c102,s109,p148,Kayunga,Ntenjeru,2018,Kayunga Town Council,Namagabi Ward,Kayunga Mixed Primary School,Government,Female,Division U,0
d102,c102,s109,p148,Kayunga,Ntenjeru,2018,Kayunga Town Council,Namagabi Ward,Kayunga Mixed Primary School,Government,Male,Division X,0
d102,c102,s109,p148,Kayunga,Ntenjeru,2018,Kayunga Town Council,Namagabi Ward,Kayunga Mixed Primary School,Government,Female,Division X,0
d102,c102,s109,p145,Kayunga,Ntenjeru,2018,Kayunga Town Council,Bukolooto Ward,Lion of Judah Primary School,Private,Male,Division 1,8
d102,c102,s109,p145,Kayunga,Ntenjeru,2018,Kayunga Town Council,Bukolooto Ward,Lion of Judah Primary School,Private,Female,Division 1,4
d102,c102,s109,p145,Kayunga,Ntenjeru,2018,Kayunga Town Council,Bukolooto Ward,Lion of Judah Primary School,Private,Male,Division 2,7
d102,c102,s109,p145,Kayunga,Ntenjeru,2018,Kayunga Town Council,Bukolooto Ward,Lion of Judah Primary School,Private,Female,Division 2,6
d102,c102,s109,p145,Kayunga,Ntenjeru,2018,Kayunga Town Council,Bukolooto Ward,Lion of Judah Primary School,Private,Male,Division 3,0
d102,c102,s109,p145,Kayunga,Ntenjeru,2018,Kayunga Town Council,Bukolooto Ward,Lion of Judah Primary School,Private,Female,Division 3,0
d102,c102,s109,p145,Kayunga,Ntenjeru,2018,Kayunga Town Council,Bukolooto Ward,Lion of Judah Primary School,Private,Male,Division 4,0
d102,c102,s109,p145,Kayunga,Ntenjeru,2018,Kayunga Town Council,Bukolooto Ward,Lion of Judah Primary School,Private,Female,Division 4,0
d102,c102,s109,p145,Kayunga,Ntenjeru,2018,Kayunga Town Council,Bukolooto Ward,Lion of Judah Primary School,Private,Male,Division U,0
d102,c102,s109,p145,Kayunga,Ntenjeru,2018,Kayunga Town Council,Bukolooto Ward,Lion of Judah Primary School,Private,Female,Division U,0
d102,c102,s109,p145,Kayunga,Ntenjeru,2018,Kayunga Town Council,Bukolooto Ward,Lion of Judah Primary School,Private,Male,Division X,0
d102,c102,s109,p145,Kayunga,Ntenjeru,2018,Kayunga Town Council,Bukolooto Ward,Lion of Judah Primary School,Private,Female,Division X,0
d102,c102,s109,p148,Kayunga,Ntenjeru,2018,Kayunga Town Council,Namagabi Ward,Namagabi Bishop Brown Primary School,Government,Male,Division 1,0
d102,c102,s109,p148,Kayunga,Ntenjeru,2018,Kayunga Town Council,Namagabi Ward,Namagabi Bishop Brown Primary School,Government,Female,Division 1,1
d102,c102,s109,p148,Kayunga,Ntenjeru,2018,Kayunga Town Council,Namagabi Ward,Namagabi Bishop Brown Primary School,Government,Male,Division 2,16
d102,c102,s109,p148,Kayunga,Ntenjeru,2018,Kayunga Town Council,Namagabi Ward,Namagabi Bishop Brown Primary School,Government,Female,Division 2,10
d102,c102,s109,p148,Kayunga,Ntenjeru,2018,Kayunga Town Council,Namagabi Ward,Namagabi Bishop Brown Primary School,Government,Male,Division 3,3
d102,c102,s109,p148,Kayunga,Ntenjeru,2018,Kayunga Town Council,Namagabi Ward,Namagabi Bishop Brown Primary School,Government,Female,Division 3,4
d102,c102,s109,p148,Kayunga,Ntenjeru,2018,Kayunga Town Council,Namagabi Ward,Namagabi Bishop Brown Primary School,Government,Male,Division 4,0
d102,c102,s109,p148,Kayunga,Ntenjeru,2018,Kayunga Town Council,Namagabi Ward,Namagabi Bishop Brown Primary School,Government,Female,Division 4,1
d102,c102,s109,p148,Kayunga,Ntenjeru,2018,Kayunga Town Council,Namagabi Ward,Namagabi Bishop Brown Primary School,Government,Male,Division U,0
d102,c102,s109,p148,Kayunga,Ntenjeru,2018,Kayunga Town Council,Namagabi Ward,Namagabi Bishop Brown Primary School,Government,Female,Division U,0
d102,c102,s109,p148,Kayunga,Ntenjeru,2018,Kayunga Town Council,Namagabi Ward,Namagabi Bishop Brown Primary School,Government,Male,Division X,0
d102,c102,s109,p148,Kayunga,Ntenjeru,2018,Kayunga Town Council,Namagabi Ward,Namagabi Bishop Brown Primary School,Government,Female,Division X,1
d102,c102,s109,p148,Kayunga,Ntenjeru,2018,Kayunga Town Council,Namagabi Ward,Namagabi UMEA Primary School,Government,Male,Division 1,2
d102,c102,s109,p148,Kayunga,Ntenjeru,2018,Kayunga Town Council,Namagabi Ward,Namagabi UMEA Primary School,Government,Female,Division 1,2
d102,c102,s109,p148,Kayunga,Ntenjeru,2018,Kayunga Town Council,Namagabi Ward,Namagabi UMEA Primary School,Government,Male,Division 2,38
d102,c102,s109,p148,Kayunga,Ntenjeru,2018,Kayunga Town Council,Namagabi Ward,Namagabi UMEA Primary School,Government,Female,Division 2,13
d102,c102,s109,p148,Kayunga,Ntenjeru,2018,Kayunga Town Council,Namagabi Ward,Namagabi UMEA Primary School,Government,Male,Division 3,8
d102,c102,s109,p148,Kayunga,Ntenjeru,2018,Kayunga Town Council,Namagabi Ward,Namagabi UMEA Primary School,Government,Female,Division 3,8
d102,c102,s109,p148,Kayunga,Ntenjeru,2018,Kayunga Town Council,Namagabi Ward,Namagabi UMEA Primary School,Government,Male,Division 4,6
d102,c102,s109,p148,Kayunga,Ntenjeru,2018,Kayunga Town Council,Namagabi Ward,Namagabi UMEA Primary School,Government,Female,Division 4,3
d102,c102,s109,p148,Kayunga,Ntenjeru,2018,Kayunga Town Council,Namagabi Ward,Namagabi UMEA Primary School,Government,Male,Division U,0
d102,c102,s109,p148,Kayunga,Ntenjeru,2018,Kayunga Town Council,Namagabi Ward,Namagabi UMEA Primary School,Government,Female,Division U,1
d102,c102,s109,p148,Kayunga,Ntenjeru,2018,Kayunga Town Council,Namagabi Ward,Namagabi UMEA Primary School,Government,Male,Division X,0
d102,c102,s109,p148,Kayunga,Ntenjeru,2018,Kayunga Town Council,Namagabi Ward,Namagabi UMEA Primary School,Government,Female,Division X,0
d102,c102,s109,p145,Kayunga,Ntenjeru,2018,Kayunga Town Council,Bukolooto Ward,Ndeeba CU Primary School,Government,Male,Division 1,5
d102,c102,s109,p145,Kayunga,Ntenjeru,2018,Kayunga Town Council,Bukolooto Ward,Ndeeba CU Primary School,Government,Female,Division 1,3
d102,c102,s109,p145,Kayunga,Ntenjeru,2018,Kayunga Town Council,Bukolooto Ward,Ndeeba CU Primary School,Government,Male,Division 2,10
d102,c102,s109,p145,Kayunga,Ntenjeru,2018,Kayunga Town Council,Bukolooto Ward,Ndeeba CU Primary School,Government,Female,Division 2,26
d102,c102,s109,p145,Kayunga,Ntenjeru,2018,Kayunga Town Council,Bukolooto Ward,Ndeeba CU Primary School,Government,Male,Division 3,2
d102,c102,s109,p145,Kayunga,Ntenjeru,2018,Kayunga Town Council,Bukolooto Ward,Ndeeba CU Primary School,Government,Female,Division 3,1
d102,c102,s109,p145,Kayunga,Ntenjeru,2018,Kayunga Town Council,Bukolooto Ward,Ndeeba CU Primary School,Government,Male,Division 4,1
d102,c102,s109,p145,Kayunga,Ntenjeru,2018,Kayunga Town Council,Bukolooto Ward,Ndeeba CU Primary School,Government,Female,Division 4,1
d102,c102,s109,p145,Kayunga,Ntenjeru,2018,Kayunga Town Council,Bukolooto Ward,Ndeeba CU Primary School,Government,Male,Division U,0
d102,c102,s109,p145,Kayunga,Ntenjeru,2018,Kayunga Town Council,Bukolooto Ward,Ndeeba CU Primary School,Government,Female,Division U,0
d102,c102,s109,p145,Kayunga,Ntenjeru,2018,Kayunga Town Council,Bukolooto Ward,Ndeeba CU Primary School,Government,Male,Division X,1
d102,c102,s109,p145,Kayunga,Ntenjeru,2018,Kayunga Town Council,Bukolooto Ward,Ndeeba CU Primary School,Government,Female,Division X,1
d102,c102,s109,p146,Kayunga,Ntenjeru,2018,Kayunga Town Council,Ntenjeru Ward,St Regina Primary School,Private,Male,Division 1,14
d102,c102,s109,p146,Kayunga,Ntenjeru,2018,Kayunga Town Council,Ntenjeru Ward,St Regina Primary School,Private,Female,Division 1,20
d102,c102,s109,p146,Kayunga,Ntenjeru,2018,Kayunga Town Council,Ntenjeru Ward,St Regina Primary School,Private,Male,Division 2,0
d102,c102,s109,p146,Kayunga,Ntenjeru,2018,Kayunga Town Council,Ntenjeru Ward,St Regina Primary School,Private,Female,Division 2,1
d102,c102,s109,p146,Kayunga,Ntenjeru,2018,Kayunga Town Council,Ntenjeru Ward,St Regina Primary School,Private,Male,Division 3,0
d102,c102,s109,p146,Kayunga,Ntenjeru,2018,Kayunga Town Council,Ntenjeru Ward,St Regina Primary School,Private,Female,Division 3,0
d102,c102,s109,p146,Kayunga,Ntenjeru,2018,Kayunga Town Council,Ntenjeru Ward,St Regina Primary School,Private,Male,Division 4,0
d102,c102,s109,p146,Kayunga,Ntenjeru,2018,Kayunga Town Council,Ntenjeru Ward,St Regina Primary School,Private,Female,Division 4,0
d102,c102,s109,p146,Kayunga,Ntenjeru,2018,Kayunga Town Council,Ntenjeru Ward,St Regina Primary School,Private,Male,Division U,0
d102,c102,s109,p146,Kayunga,Ntenjeru,2018,Kayunga Town Council,Ntenjeru Ward,St Regina Primary School,Private,Female,Division U,0
d102,c102,s109,p146,Kayunga,Ntenjeru,2018,Kayunga Town Council,Ntenjeru Ward,St Regina Primary School,Private,Male,Division X,0
d102,c102,s109,p146,Kayunga,Ntenjeru,2018,Kayunga Town Council,Ntenjeru Ward,St Regina Primary School,Private,Female,Division X,0
d102,c102,s109,p145,Kayunga,Ntenjeru,2018,Kayunga Town Council,Bukolooto Ward,Star Academy Primary School,Private,Male,Division 1,2
d102,c102,s109,p145,Kayunga,Ntenjeru,2018,Kayunga Town Council,Bukolooto Ward,Star Academy Primary School,Private,Female,Division 1,2
d102,c102,s109,p145,Kayunga,Ntenjeru,2018,Kayunga Town Council,Bukolooto Ward,Star Academy Primary School,Private,Male,Division 2,10
d102,c102,s109,p145,Kayunga,Ntenjeru,2018,Kayunga Town Council,Bukolooto Ward,Star Academy Primary School,Private,Female,Division 2,12
d102,c102,s109,p145,Kayunga,Ntenjeru,2018,Kayunga Town Council,Bukolooto Ward,Star Academy Primary School,Private,Male,Division 3,2
d102,c102,s109,p145,Kayunga,Ntenjeru,2018,Kayunga Town Council,Bukolooto Ward,Star Academy Primary School,Private,Female,Division 3,3
d102,c102,s109,p145,Kayunga,Ntenjeru,2018,Kayunga Town Council,Bukolooto Ward,Star Academy Primary School,Private,Male,Division 4,1
d102,c102,s109,p145,Kayunga,Ntenjeru,2018,Kayunga Town Council,Bukolooto Ward,Star Academy Primary School,Private,Female,Division 4,0
d102,c102,s109,p145,Kayunga,Ntenjeru,2018,Kayunga Town Council,Bukolooto Ward,Star Academy Primary School,Private,Male,Division U,2
d102,c102,s109,p145,Kayunga,Ntenjeru,2018,Kayunga Town Council,Bukolooto Ward,Star Academy Primary School,Private,Female,Division U,1
d102,c102,s109,p145,Kayunga,Ntenjeru,2018,Kayunga Town Council,Bukolooto Ward,Star Academy Primary School,Private,Male,Division X,0
d102,c102,s109,p145,Kayunga,Ntenjeru,2018,Kayunga Town Council,Bukolooto Ward,Star Academy Primary School,Private,Female,Division X,0
d102,c102,s109,p146,Kayunga,Ntenjeru,2018,Kayunga Town Council,Ntenjeru Ward,Tente Primary School,Government,Male,Division 1,7
d102,c102,s109,p146,Kayunga,Ntenjeru,2018,Kayunga Town Council,Ntenjeru Ward,Tente Primary School,Government,Female,Division 1,5
d102,c102,s109,p146,Kayunga,Ntenjeru,2018,Kayunga Town Council,Ntenjeru Ward,Tente Primary School,Government,Male,Division 2,16
d102,c102,s109,p146,Kayunga,Ntenjeru,2018,Kayunga Town Council,Ntenjeru Ward,Tente Primary School,Government,Female,Division 2,20
d102,c102,s109,p146,Kayunga,Ntenjeru,2018,Kayunga Town Council,Ntenjeru Ward,Tente Primary School,Government,Male,Division 3,2
d102,c102,s109,p146,Kayunga,Ntenjeru,2018,Kayunga Town Council,Ntenjeru Ward,Tente Primary School,Government,Female,Division 3,2
d102,c102,s109,p146,Kayunga,Ntenjeru,2018,Kayunga Town Council,Ntenjeru Ward,Tente Primary School,Government,Male,Division 4,0
d102,c102,s109,p146,Kayunga,Ntenjeru,2018,Kayunga Town Council,Ntenjeru Ward,Tente Primary School,Government,Female,Division 4,1
d102,c102,s109,p146,Kayunga,Ntenjeru,2018,Kayunga Town Council,Ntenjeru Ward,Tente Primary School,Government,Male,Division U,0
d102,c102,s109,p146,Kayunga,Ntenjeru,2018,Kayunga Town Council,Ntenjeru Ward,Tente Primary School,Government,Female,Division U,0
d102,c102,s109,p146,Kayunga,Ntenjeru,2018,Kayunga Town Council,Ntenjeru Ward,Tente Primary School,Government,Male,Division X,0
d102,c102,s109,p146,Kayunga,Ntenjeru,2018,Kayunga Town Council,Ntenjeru Ward,Tente Primary School,Government,Female,Division X,0
d102,c102,s110,p159,Kayunga,Ntenjeru,2018,Busaana Town Council,Kasana Ward,Bugaddu CU Primary School,Government,Male,Division 1,0
d102,c102,s110,p159,Kayunga,Ntenjeru,2018,Busaana Town Council,Kasana Ward,Bugaddu CU Primary School,Government,Female,Division 1,0
d102,c102,s110,p159,Kayunga,Ntenjeru,2018,Busaana Town Council,Kasana Ward,Bugaddu CU Primary School,Government,Male,Division 2,8
d102,c102,s110,p159,Kayunga,Ntenjeru,2018,Busaana Town Council,Kasana Ward,Bugaddu CU Primary School,Government,Female,Division 2,6
d102,c102,s110,p159,Kayunga,Ntenjeru,2018,Busaana Town Council,Kasana Ward,Bugaddu CU Primary School,Government,Male,Division 3,7
d102,c102,s110,p159,Kayunga,Ntenjeru,2018,Busaana Town Council,Kasana Ward,Bugaddu CU Primary School,Government,Female,Division 3,5
d102,c102,s110,p159,Kayunga,Ntenjeru,2018,Busaana Town Council,Kasana Ward,Bugaddu CU Primary School,Government,Male,Division 4,7
d102,c102,s110,p159,Kayunga,Ntenjeru,2018,Busaana Town Council,Kasana Ward,Bugaddu CU Primary School,Government,Female,Division 4,5
d102,c102,s110,p159,Kayunga,Ntenjeru,2018,Busaana Town Council,Kasana Ward,Bugaddu CU Primary School,Government,Male,Division U,10
d102,c102,s110,p159,Kayunga,Ntenjeru,2018,Busaana Town Council,Kasana Ward,Bugaddu CU Primary School,Government,Female,Division U,13
d102,c102,s110,p159,Kayunga,Ntenjeru,2018,Busaana Town Council,Kasana Ward,Bugaddu CU Primary School,Government,Male,Division X,2
d102,c102,s110,p159,Kayunga,Ntenjeru,2018,Busaana Town Council,Kasana Ward,Bugaddu CU Primary School,Government,Female,Division X,2
d102,c102,s110,p159,Kayunga,Ntenjeru,2018,Busaana Town Council,Kasana Ward,Busaana CU Primary School,Government,Male,Division 1,12
d102,c102,s110,p159,Kayunga,Ntenjeru,2018,Busaana Town Council,Kasana Ward,Busaana CU Primary School,Government,Female,Division 1,7
d102,c102,s110,p159,Kayunga,Ntenjeru,2018,Busaana Town Council,Kasana Ward,Busaana CU Primary School,Government,Male,Division 2,10
d102,c102,s110,p159,Kayunga,Ntenjeru,2018,Busaana Town Council,Kasana Ward,Busaana CU Primary School,Government,Female,Division 2,28
d102,c102,s110,p159,Kayunga,Ntenjeru,2018,Busaana Town Council,Kasana Ward,Busaana CU Primary School,Government,Male,Division 3,14
d102,c102,s110,p159,Kayunga,Ntenjeru,2018,Busaana Town Council,Kasana Ward,Busaana CU Primary School,Government,Female,Division 3,20
d102,c102,s110,p159,Kayunga,Ntenjeru,2018,Busaana Town Council,Kasana Ward,Busaana CU Primary School,Government,Male,Division 4,18
d102,c102,s110,p159,Kayunga,Ntenjeru,2018,Busaana Town Council,Kasana Ward,Busaana CU Primary School,Government,Female,Division 4,8
d102,c102,s110,p159,Kayunga,Ntenjeru,2018,Busaana Town Council,Kasana Ward,Busaana CU Primary School,Government,Male,Division U,1
d102,c102,s110,p159,Kayunga,Ntenjeru,2018,Busaana Town Council,Kasana Ward,Busaana CU Primary School,Government,Female,Division U,1
d102,c102,s110,p159,Kayunga,Ntenjeru,2018,Busaana Town Council,Kasana Ward,Busaana CU Primary School,Government,Male,Division X,1
d102,c102,s110,p159,Kayunga,Ntenjeru,2018,Busaana Town Council,Kasana Ward,Busaana CU Primary School,Government,Female,Division X,0
d102,c102,s110,p159,Kayunga,Ntenjeru,2018,Busaana Town Council,Kasana Ward,Busaana Parents Primary School,Private,Male,Division 1,10
d102,c102,s110,p159,Kayunga,Ntenjeru,2018,Busaana Town Council,Kasana Ward,Busaana Parents Primary School,Private,Female,Division 1,17
d102,c102,s110,p159,Kayunga,Ntenjeru,2018,Busaana Town Council,Kasana Ward,Busaana Parents Primary School,Private,Male,Division 2,16
d102,c102,s110,p159,Kayunga,Ntenjeru,2018,Busaana Town Council,Kasana Ward,Busaana Parents Primary School,Private,Female,Division 2,10
d102,c102,s110,p159,Kayunga,Ntenjeru,2018,Busaana Town Council,Kasana Ward,Busaana Parents Primary School,Private,Male,Division 3,0
d102,c102,s110,p159,Kayunga,Ntenjeru,2018,Busaana Town Council,Kasana Ward,Busaana Parents Primary School,Private,Female,Division 3,0
d102,c102,s110,p159,Kayunga,Ntenjeru,2018,Busaana Town Council,Kasana Ward,Busaana Parents Primary School,Private,Male,Division 4,0
d102,c102,s110,p159,Kayunga,Ntenjeru,2018,Busaana Town Council,Kasana Ward,Busaana Parents Primary School,Private,Female,Division 4,0
d102,c102,s110,p159,Kayunga,Ntenjeru,2018,Busaana Town Council,Kasana Ward,Busaana Parents Primary School,Private,Male,Division U,0
d102,c102,s110,p159,Kayunga,Ntenjeru,2018,Busaana Town Council,Kasana Ward,Busaana Parents Primary School,Private,Female,Division U,0
d102,c102,s110,p159,Kayunga,Ntenjeru,2018,Busaana Town Council,Kasana Ward,Busaana Parents Primary School,Private,Male,Division X,0
d102,c102,s110,p159,Kayunga,Ntenjeru,2018,Busaana Town Council,Kasana Ward,Busaana Parents Primary School,Private,Female,Division X,
d102,c102,s110,p159,Kayunga,Ntenjeru,2018,Busaana Town Council,Kasana Ward,Busaana RC Primary School,Government,Male,Division 1,0
d102,c102,s110,p159,Kayunga,Ntenjeru,2018,Busaana Town Council,Kasana Ward,Busaana RC Primary School,Government,Female,Division 1,0
d102,c102,s110,p159,Kayunga,Ntenjeru,2018,Busaana Town Council,Kasana Ward,Busaana RC Primary School,Government,Male,Division 2,2
d102,c102,s110,p159,Kayunga,Ntenjeru,2018,Busaana Town Council,Kasana Ward,Busaana RC Primary School,Government,Female,Division 2,0
d102,c102,s110,p159,Kayunga,Ntenjeru,2018,Busaana Town Council,Kasana Ward,Busaana RC Primary School,Government,Male,Division 3,7
d102,c102,s110,p159,Kayunga,Ntenjeru,2018,Busaana Town Council,Kasana Ward,Busaana RC Primary School,Government,Female,Division 3,7
d102,c102,s110,p159,Kayunga,Ntenjeru,2018,Busaana Town Council,Kasana Ward,Busaana RC Primary School,Government,Male,Division 4,7
d102,c102,s110,p159,Kayunga,Ntenjeru,2018,Busaana Town Council,Kasana Ward,Busaana RC Primary School,Government,Female,Division 4,2
d102,c102,s110,p159,Kayunga,Ntenjeru,2018,Busaana Town Council,Kasana Ward,Busaana RC Primary School,Government,Male,Division U,2
d102,c102,s110,p159,Kayunga,Ntenjeru,2018,Busaana Town Council,Kasana Ward,Busaana RC Primary School,Government,Female,Division U,1
d102,c102,s110,p159,Kayunga,Ntenjeru,2018,Busaana Town Council,Kasana Ward,Busaana RC Primary School,Government,Male,Division X,2
d102,c102,s110,p159,Kayunga,Ntenjeru,2018,Busaana Town Council,Kasana Ward,Busaana RC Primary School,Government,Female,Division X,0
d102,c102,s110,p159,Kayunga,Ntenjeru,2018,Busaana Town Council,Kasana Ward,Kasana CU Primary School,Government,Male,Division 1,2
d102,c102,s110,p159,Kayunga,Ntenjeru,2018,Busaana Town Council,Kasana Ward,Kasana CU Primary School,Government,Female,Division 1,2
d102,c102,s110,p159,Kayunga,Ntenjeru,2018,Busaana Town Council,Kasana Ward,Kasana CU Primary School,Government,Male,Division 2,3
d102,c102,s110,p159,Kayunga,Ntenjeru,2018,Busaana Town Council,Kasana Ward,Kasana CU Primary School,Government,Female,Division 2,3
d102,c102,s110,p159,Kayunga,Ntenjeru,2018,Busaana Town Council,Kasana Ward,Kasana CU Primary School,Government,Male,Division 3,3
d102,c102,s110,p159,Kayunga,Ntenjeru,2018,Busaana Town Council,Kasana Ward,Kasana CU Primary School,Government,Female,Division 3,2
d102,c102,s110,p159,Kayunga,Ntenjeru,2018,Busaana Town Council,Kasana Ward,Kasana CU Primary School,Government,Male,Division 4,4
d102,c102,s110,p159,Kayunga,Ntenjeru,2018,Busaana Town Council,Kasana Ward,Kasana CU Primary School,Government,Female,Division 4,4
d102,c102,s110,p159,Kayunga,Ntenjeru,2018,Busaana Town Council,Kasana Ward,Kasana CU Primary School,Government,Male,Division U,5
d102,c102,s110,p159,Kayunga,Ntenjeru,2018,Busaana Town Council,Kasana Ward,Kasana CU Primary School,Government,Female,Division U,2
d102,c102,s110,p159,Kayunga,Ntenjeru,2018,Busaana Town Council,Kasana Ward,Kasana CU Primary School,Government,Male,Division X,1
d102,c102,s110,p159,Kayunga,Ntenjeru,2018,Busaana Town Council,Kasana Ward,Kasana CU Primary School,Government,Female,Division X,1
d102,c102,s110,p161,Kayunga,Ntenjeru,2018,Busaana Town Council,Namukuma Ward,Kyayaye RC Primary School,Government,Male,Division 1,0
d102,c102,s110,p161,Kayunga,Ntenjeru,2018,Busaana Town Council,Namukuma Ward,Kyayaye RC Primary School,Government,Female,Division 1,0
d102,c102,s110,p161,Kayunga,Ntenjeru,2018,Busaana Town Council,Namukuma Ward,Kyayaye RC Primary School,Government,Male,Division 2,3
d102,c102,s110,p161,Kayunga,Ntenjeru,2018,Busaana Town Council,Namukuma Ward,Kyayaye RC Primary School,Government,Female,Division 2,1
d102,c102,s110,p161,Kayunga,Ntenjeru,2018,Busaana Town Council,Namukuma Ward,Kyayaye RC Primary School,Government,Male,Division 3,9
d102,c102,s110,p161,Kayunga,Ntenjeru,2018,Busaana Town Council,Namukuma Ward,Kyayaye RC Primary School,Government,Female,Division 3,9
d102,c102,s110,p161,Kayunga,Ntenjeru,2018,Busaana Town Council,Namukuma Ward,Kyayaye RC Primary School,Government,Male,Division 4,5
d102,c102,s110,p161,Kayunga,Ntenjeru,2018,Busaana Town Council,Namukuma Ward,Kyayaye RC Primary School,Government,Female,Division 4,5
d102,c102,s110,p161,Kayunga,Ntenjeru,2018,Busaana Town Council,Namukuma Ward,Kyayaye RC Primary School,Government,Male,Division U,0
d102,c102,s110,p161,Kayunga,Ntenjeru,2018,Busaana Town Council,Namukuma Ward,Kyayaye RC Primary School,Government,Female,Division U,0
d102,c102,s110,p161,Kayunga,Ntenjeru,2018,Busaana Town Council,Namukuma Ward,Kyayaye RC Primary School,Government,Male,Division X,0
d102,c102,s110,p161,Kayunga,Ntenjeru,2018,Busaana Town Council,Namukuma Ward,Kyayaye RC Primary School,Government,Female,Division X,0
d102,c102,s110,p160,Kayunga,Ntenjeru,2018,Busaana Town Council,Lusenke Ward,Kyengera CU Primary School,Government,Male,Division 1,1
d102,c102,s110,p160,Kayunga,Ntenjeru,2018,Busaana Town Council,Lusenke Ward,Kyengera CU Primary School,Government,Female,Division 1,0
d102,c102,s110,p160,Kayunga,Ntenjeru,2018,Busaana Town Council,Lusenke Ward,Kyengera CU Primary School,Government,Male,Division 2,5
d102,c102,s110,p160,Kayunga,Ntenjeru,2018,Busaana Town Council,Lusenke Ward,Kyengera CU Primary School,Government,Female,Division 2,4
d102,c102,s110,p160,Kayunga,Ntenjeru,2018,Busaana Town Council,Lusenke Ward,Kyengera CU Primary School,Government,Male,Division 3,3
d102,c102,s110,p160,Kayunga,Ntenjeru,2018,Busaana Town Council,Lusenke Ward,Kyengera CU Primary School,Government,Female,Division 3,3
d102,c102,s110,p160,Kayunga,Ntenjeru,2018,Busaana Town Council,Lusenke Ward,Kyengera CU Primary School,Government,Male,Division 4,3
d102,c102,s110,p160,Kayunga,Ntenjeru,2018,Busaana Town Council,Lusenke Ward,Kyengera CU Primary School,Government,Female,Division 4,3
d102,c102,s110,p160,Kayunga,Ntenjeru,2018,Busaana Town Council,Lusenke Ward,Kyengera CU Primary School,Government,Male,Division U,0
d102,c102,s110,p160,Kayunga,Ntenjeru,2018,Busaana Town Council,Lusenke Ward,Kyengera CU Primary School,Government,Female,Division U,1
d102,c102,s110,p160,Kayunga,Ntenjeru,2018,Busaana Town Council,Lusenke Ward,Kyengera CU Primary School,Government,Male,Division X,0
d102,c102,s110,p160,Kayunga,Ntenjeru,2018,Busaana Town Council,Lusenke Ward,Kyengera CU Primary School,Government,Female,Division X,0
d102,c102,s110,p162,Kayunga,Ntenjeru,2018,Busaana Town Council,Namirembe Ward,Namirembe CU Primary School,Government,Male,Division 1,0
d102,c102,s110,p162,Kayunga,Ntenjeru,2018,Busaana Town Council,Namirembe Ward,Namirembe CU Primary School,Government,Female,Division 1,0
d102,c102,s110,p162,Kayunga,Ntenjeru,2018,Busaana Town Council,Namirembe Ward,Namirembe CU Primary School,Government,Male,Division 2,6
d102,c102,s110,p162,Kayunga,Ntenjeru,2018,Busaana Town Council,Namirembe Ward,Namirembe CU Primary School,Government,Female,Division 2,0
d102,c102,s110,p162,Kayunga,Ntenjeru,2018,Busaana Town Council,Namirembe Ward,Namirembe CU Primary School,Government,Male,Division 3,4
d102,c102,s110,p162,Kayunga,Ntenjeru,2018,Busaana Town Council,Namirembe Ward,Namirembe CU Primary School,Government,Female,Division 3,4
d102,c102,s110,p162,Kayunga,Ntenjeru,2018,Busaana Town Council,Namirembe Ward,Namirembe CU Primary School,Government,Male,Division 4,5
d102,c102,s110,p162,Kayunga,Ntenjeru,2018,Busaana Town Council,Namirembe Ward,Namirembe CU Primary School,Government,Female,Division 4,3
d102,c102,s110,p162,Kayunga,Ntenjeru,2018,Busaana Town Council,Namirembe Ward,Namirembe CU Primary School,Government,Male,Division U,2
d102,c102,s110,p162,Kayunga,Ntenjeru,2018,Busaana Town Council,Namirembe Ward,Namirembe CU Primary School,Government,Female,Division U,3
d102,c102,s110,p162,Kayunga,Ntenjeru,2018,Busaana Town Council,Namirembe Ward,Namirembe CU Primary School,Government,Male,Division X,1
d102,c102,s110,p162,Kayunga,Ntenjeru,2018,Busaana Town Council,Namirembe Ward,Namirembe CU Primary School,Government,Female,Division X,1
d102,c102,s110,p159,Kayunga,Ntenjeru,2018,Busaana Town Council,Kasana Ward,Noble Hill Primary School,Private,Male,Division 1,2
d102,c102,s110,p159,Kayunga,Ntenjeru,2018,Busaana Town Council,Kasana Ward,Noble Hill Primary School,Private,Female,Division 1,5
d102,c102,s110,p159,Kayunga,Ntenjeru,2018,Busaana Town Council,Kasana Ward,Noble Hill Primary School,Private,Male,Division 2,50
d102,c102,s110,p159,Kayunga,Ntenjeru,2018,Busaana Town Council,Kasana Ward,Noble Hill Primary School,Private,Female,Division 2,18
d102,c102,s110,p159,Kayunga,Ntenjeru,2018,Busaana Town Council,Kasana Ward,Noble Hill Primary School,Private,Male,Division 3,6
d102,c102,s110,p159,Kayunga,Ntenjeru,2018,Busaana Town Council,Kasana Ward,Noble Hill Primary School,Private,Female,Division 3,3
d102,c102,s110,p159,Kayunga,Ntenjeru,2018,Busaana Town Council,Kasana Ward,Noble Hill Primary School,Private,Male,Division 4,5
d102,c102,s110,p159,Kayunga,Ntenjeru,2018,Busaana Town Council,Kasana Ward,Noble Hill Primary School,Private,Female,Division 4,3
d102,c102,s110,p159,Kayunga,Ntenjeru,2018,Busaana Town Council,Kasana Ward,Noble Hill Primary School,Private,Male,Division U,2
d102,c102,s110,p159,Kayunga,Ntenjeru,2018,Busaana Town Council,Kasana Ward,Noble Hill Primary School,Private,Female,Division U,1
d102,c102,s110,p159,Kayunga,Ntenjeru,2018,Busaana Town Council,Kasana Ward,Noble Hill Primary School,Private,Male,Division X,1
d102,c102,s110,p159,Kayunga,Ntenjeru,2018,Busaana Town Council,Kasana Ward,Noble Hill Primary School,Private,Female,Division X,1
d102,c102,s112,p166,Kayunga,Ntenjeru,2018,Kangulumira Town Council,Kangulumira Ward,Catherine Primary School,Private,Male,Division 1,3
d102,c102,s112,p166,Kayunga,Ntenjeru,2018,Kangulumira Town Council,Kangulumira Ward,Catherine Primary School,Private,Female,Division 1,3
d102,c102,s112,p166,Kayunga,Ntenjeru,2018,Kangulumira Town Council,Kangulumira Ward,Catherine Primary School,Private,Male,Division 2,10
d102,c102,s112,p166,Kayunga,Ntenjeru,2018,Kangulumira Town Council,Kangulumira Ward,Catherine Primary School,Private,Female,Division 2,6
d102,c102,s112,p166,Kayunga,Ntenjeru,2018,Kangulumira Town Council,Kangulumira Ward,Catherine Primary School,Private,Male,Division 3,2
d102,c102,s112,p166,Kayunga,Ntenjeru,2018,Kangulumira Town Council,Kangulumira Ward,Catherine Primary School,Private,Female,Division 3,2
d102,c102,s112,p166,Kayunga,Ntenjeru,2018,Kangulumira Town Council,Kangulumira Ward,Catherine Primary School,Private,Male,Division 4,0
d102,c102,s112,p166,Kayunga,Ntenjeru,2018,Kangulumira Town Council,Kangulumira Ward,Catherine Primary School,Private,Female,Division 4,0
d102,c102,s112,p166,Kayunga,Ntenjeru,2018,Kangulumira Town Council,Kangulumira Ward,Catherine Primary School,Private,Male,Division U,0
d102,c102,s112,p166,Kayunga,Ntenjeru,2018,Kangulumira Town Council,Kangulumira Ward,Catherine Primary School,Private,Female,Division U,1
d102,c102,s112,p166,Kayunga,Ntenjeru,2018,Kangulumira Town Council,Kangulumira Ward,Catherine Primary School,Private,Male,Division X,0
d102,c102,s112,p166,Kayunga,Ntenjeru,2018,Kangulumira Town Council,Kangulumira Ward,Catherine Primary School,Private,Female,Division X,0
d102,c102,s112,p168,Kayunga,Ntenjeru,2018,Kangulumira Town Council,Nakatundu Ward,Kamuli UMEA Primary School,Government,Male,Division 1,5
d102,c102,s112,p168,Kayunga,Ntenjeru,2018,Kangulumira Town Council,Nakatundu Ward,Kamuli UMEA Primary School,Government,Female,Division 1,6
d102,c102,s112,p168,Kayunga,Ntenjeru,2018,Kangulumira Town Council,Nakatundu Ward,Kamuli UMEA Primary School,Government,Male,Division 2,64
d102,c102,s112,p168,Kayunga,Ntenjeru,2018,Kangulumira Town Council,Nakatundu Ward,Kamuli UMEA Primary School,Government,Female,Division 2,30
d102,c102,s112,p168,Kayunga,Ntenjeru,2018,Kangulumira Town Council,Nakatundu Ward,Kamuli UMEA Primary School,Government,Male,Division 3,13
d102,c102,s112,p168,Kayunga,Ntenjeru,2018,Kangulumira Town Council,Nakatundu Ward,Kamuli UMEA Primary School,Government,Female,Division 3,20
d102,c102,s112,p168,Kayunga,Ntenjeru,2018,Kangulumira Town Council,Nakatundu Ward,Kamuli UMEA Primary School,Government,Male,Division 4,10
d102,c102,s112,p168,Kayunga,Ntenjeru,2018,Kangulumira Town Council,Nakatundu Ward,Kamuli UMEA Primary School,Government,Female,Division 4,16
d102,c102,s112,p168,Kayunga,Ntenjeru,2018,Kangulumira Town Council,Nakatundu Ward,Kamuli UMEA Primary School,Government,Male,Division U,3
d102,c102,s112,p168,Kayunga,Ntenjeru,2018,Kangulumira Town Council,Nakatundu Ward,Kamuli UMEA Primary School,Government,Female,Division U,2
d102,c102,s112,p168,Kayunga,Ntenjeru,2018,Kangulumira Town Council,Nakatundu Ward,Kamuli UMEA Primary School,Government,Male,Division X,1
d102,c102,s112,p168,Kayunga,Ntenjeru,2018,Kangulumira Town Council,Nakatundu Ward,Kamuli UMEA Primary School,Government,Female,Division X,1
d102,c102,s112,p166,Kayunga,Ntenjeru,2018,Kangulumira Town Council,Kangulumira Ward,Kangulumira CU Primary School,Government,Male,Division 1,1
d102,c102,s112,p166,Kayunga,Ntenjeru,2018,Kangulumira Town Council,Kangulumira Ward,Kangulumira CU Primary School,Government,Female,Division 1,1
d102,c102,s112,p166,Kayunga,Ntenjeru,2018,Kangulumira Town Council,Kangulumira Ward,Kangulumira CU Primary School,Government,Male,Division 2,26
d102,c102,s112,p166,Kayunga,Ntenjeru,2018,Kangulumira Town Council,Kangulumira Ward,Kangulumira CU Primary School,Government,Female,Division 2,10
d102,c102,s112,p166,Kayunga,Ntenjeru,2018,Kangulumira Town Council,Kangulumira Ward,Kangulumira CU Primary School,Government,Male,Division 3,5
d102,c102,s112,p166,Kayunga,Ntenjeru,2018,Kangulumira Town Council,Kangulumira Ward,Kangulumira CU Primary School,Government,Female,Division 3,4
d102,c102,s112,p166,Kayunga,Ntenjeru,2018,Kangulumira Town Council,Kangulumira Ward,Kangulumira CU Primary School,Government,Male,Division 4,0
d102,c102,s112,p166,Kayunga,Ntenjeru,2018,Kangulumira Town Council,Kangulumira Ward,Kangulumira CU Primary School,Government,Female,Division 4,1
d102,c102,s112,p166,Kayunga,Ntenjeru,2018,Kangulumira Town Council,Kangulumira Ward,Kangulumira CU Primary School,Government,Male,Division U,1
d102,c102,s112,p166,Kayunga,Ntenjeru,2018,Kangulumira Town Council,Kangulumira Ward,Kangulumira CU Primary School,Government,Female,Division U,1
d102,c102,s112,p166,Kayunga,Ntenjeru,2018,Kangulumira Town Council,Kangulumira Ward,Kangulumira CU Primary School,Government,Male,Division X,1
d102,c102,s112,p166,Kayunga,Ntenjeru,2018,Kangulumira Town Council,Kangulumira Ward,Kangulumira CU Primary School,Government,Female,Division X,0
d102,c102,s112,p166,Kayunga,Ntenjeru,2018,Kangulumira Town Council,Kangulumira Ward,Kangulumira Muslim Primary School,Government,Male,Division 1,3
d102,c102,s112,p166,Kayunga,Ntenjeru,2018,Kangulumira Town Council,Kangulumira Ward,Kangulumira Muslim Primary School,Government,Female,Division 1,6
d102,c102,s112,p166,Kayunga,Ntenjeru,2018,Kangulumira Town Council,Kangulumira Ward,Kangulumira Muslim Primary School,Government,Male,Division 2,10
d102,c102,s112,p166,Kayunga,Ntenjeru,2018,Kangulumira Town Council,Kangulumira Ward,Kangulumira Muslim Primary School,Government,Female,Division 2,24
d102,c102,s112,p166,Kayunga,Ntenjeru,2018,Kangulumira Town Council,Kangulumira Ward,Kangulumira Muslim Primary School,Government,Male,Division 3,9
d102,c102,s112,p166,Kayunga,Ntenjeru,2018,Kangulumira Town Council,Kangulumira Ward,Kangulumira Muslim Primary School,Government,Female,Division 3,10
d102,c102,s112,p166,Kayunga,Ntenjeru,2018,Kangulumira Town Council,Kangulumira Ward,Kangulumira Muslim Primary School,Government,Male,Division 4,6
d102,c102,s112,p166,Kayunga,Ntenjeru,2018,Kangulumira Town Council,Kangulumira Ward,Kangulumira Muslim Primary School,Government,Female,Division 4,9
d102,c102,s112,p166,Kayunga,Ntenjeru,2018,Kangulumira Town Council,Kangulumira Ward,Kangulumira Muslim Primary School,Government,Male,Division U,4
d102,c102,s112,p166,Kayunga,Ntenjeru,2018,Kangulumira Town Council,Kangulumira Ward,Kangulumira Muslim Primary School,Government,Female,Division U,4
d102,c102,s112,p166,Kayunga,Ntenjeru,2018,Kangulumira Town Council,Kangulumira Ward,Kangulumira Muslim Primary School,Government,Male,Division X,2
d102,c102,s112,p166,Kayunga,Ntenjeru,2018,Kangulumira Town Council,Kangulumira Ward,Kangulumira Muslim Primary School,Government,Female,Division X,3
d102,c102,s112,p166,Kayunga,Ntenjeru,2018,Kangulumira Town Council,Kangulumira Ward,Kangulumira RC Primary School,Government,Male,Division 1,2
d102,c102,s112,p166,Kayunga,Ntenjeru,2018,Kangulumira Town Council,Kangulumira Ward,Kangulumira RC Primary School,Government,Female,Division 1,5
d102,c102,s112,p166,Kayunga,Ntenjeru,2018,Kangulumira Town Council,Kangulumira Ward,Kangulumira RC Primary School,Government,Male,Division 2,30
d102,c102,s112,p166,Kayunga,Ntenjeru,2018,Kangulumira Town Council,Kangulumira Ward,Kangulumira RC Primary School,Government,Female,Division 2,37
d102,c102,s112,p166,Kayunga,Ntenjeru,2018,Kangulumira Town Council,Kangulumira Ward,Kangulumira RC Primary School,Government,Male,Division 3,9
d102,c102,s112,p166,Kayunga,Ntenjeru,2018,Kangulumira Town Council,Kangulumira Ward,Kangulumira RC Primary School,Government,Female,Division 3,10
d102,c102,s112,p166,Kayunga,Ntenjeru,2018,Kangulumira Town Council,Kangulumira Ward,Kangulumira RC Primary School,Government,Male,Division 4,15
d102,c102,s112,p166,Kayunga,Ntenjeru,2018,Kangulumira Town Council,Kangulumira Ward,Kangulumira RC Primary School,Government,Female,Division 4,15
d102,c102,s112,p166,Kayunga,Ntenjeru,2018,Kangulumira Town Council,Kangulumira Ward,Kangulumira RC Primary School,Government,Male,Division U,1
d102,c102,s112,p166,Kayunga,Ntenjeru,2018,Kangulumira Town Council,Kangulumira Ward,Kangulumira RC Primary School,Government,Female,Division U,1
d102,c102,s112,p166,Kayunga,Ntenjeru,2018,Kangulumira Town Council,Kangulumira Ward,Kangulumira RC Primary School,Government,Male,Division X,2
d102,c102,s112,p166,Kayunga,Ntenjeru,2018,Kangulumira Town Council,Kangulumira Ward,Kangulumira RC Primary School,Government,Female,Division X,1
d102,c102,s112,p166,Kayunga,Ntenjeru,2018,Kangulumira Town Council,Kangulumira Ward,Kasambya Moslem Primary School,Government,Male,Division 1,0
d102,c102,s112,p166,Kayunga,Ntenjeru,2018,Kangulumira Town Council,Kangulumira Ward,Kasambya Moslem Primary School,Government,Female,Division 1,1
d102,c102,s112,p166,Kayunga,Ntenjeru,2018,Kangulumira Town Council,Kangulumira Ward,Kasambya Moslem Primary School,Government,Male,Division 2,9
d102,c102,s112,p166,Kayunga,Ntenjeru,2018,Kangulumira Town Council,Kangulumira Ward,Kasambya Moslem Primary School,Government,Female,Division 2,3
d102,c102,s112,p166,Kayunga,Ntenjeru,2018,Kangulumira Town Council,Kangulumira Ward,Kasambya Moslem Primary School,Government,Male,Division 3,5
d102,c102,s112,p166,Kayunga,Ntenjeru,2018,Kangulumira Town Council,Kangulumira Ward,Kasambya Moslem Primary School,Government,Female,Division 3,5
d102,c102,s112,p166,Kayunga,Ntenjeru,2018,Kangulumira Town Council,Kangulumira Ward,Kasambya Moslem Primary School,Government,Male,Division 4,3
d102,c102,s112,p166,Kayunga,Ntenjeru,2018,Kangulumira Town Council,Kangulumira Ward,Kasambya Moslem Primary School,Government,Female,Division 4,2
d102,c102,s112,p166,Kayunga,Ntenjeru,2018,Kangulumira Town Council,Kangulumira Ward,Kasambya Moslem Primary School,Government,Male,Division U,2
d102,c102,s112,p166,Kayunga,Ntenjeru,2018,Kangulumira Town Council,Kangulumira Ward,Kasambya Moslem Primary School,Government,Female,Division U,1
d102,c102,s112,p166,Kayunga,Ntenjeru,2018,Kangulumira Town Council,Kangulumira Ward,Kasambya Moslem Primary School,Government,Male,Division X,0
d102,c102,s112,p166,Kayunga,Ntenjeru,2018,Kangulumira Town Council,Kangulumira Ward,Kasambya Moslem Primary School,Government,Female,Division X,0
d102,c102,s112,p167,Kayunga,Ntenjeru,2018,Kangulumira Town Council,Kigayaza Ward,Kigayaza CU Primary School,Government,Male,Division 1,0
d102,c102,s112,p167,Kayunga,Ntenjeru,2018,Kangulumira Town Council,Kigayaza Ward,Kigayaza CU Primary School,Government,Female,Division 1,2
d102,c102,s112,p167,Kayunga,Ntenjeru,2018,Kangulumira Town Council,Kigayaza Ward,Kigayaza CU Primary School,Government,Male,Division 2,10
d102,c102,s112,p167,Kayunga,Ntenjeru,2018,Kangulumira Town Council,Kigayaza Ward,Kigayaza CU Primary School,Government,Female,Division 2,10
d102,c102,s112,p167,Kayunga,Ntenjeru,2018,Kangulumira Town Council,Kigayaza Ward,Kigayaza CU Primary School,Government,Male,Division 3,2
d102,c102,s112,p167,Kayunga,Ntenjeru,2018,Kangulumira Town Council,Kigayaza Ward,Kigayaza CU Primary School,Government,Female,Division 3,1
d102,c102,s112,p167,Kayunga,Ntenjeru,2018,Kangulumira Town Council,Kigayaza Ward,Kigayaza CU Primary School,Government,Male,Division 4,0
d102,c102,s112,p167,Kayunga,Ntenjeru,2018,Kangulumira Town Council,Kigayaza Ward,Kigayaza CU Primary School,Government,Female,Division 4,1
d102,c102,s112,p167,Kayunga,Ntenjeru,2018,Kangulumira Town Council,Kigayaza Ward,Kigayaza CU Primary School,Government,Male,Division U,0
d102,c102,s112,p167,Kayunga,Ntenjeru,2018,Kangulumira Town Council,Kigayaza Ward,Kigayaza CU Primary School,Government,Female,Division U,0
d102,c102,s112,p167,Kayunga,Ntenjeru,2018,Kangulumira Town Council,Kigayaza Ward,Kigayaza CU Primary School,Government,Male,Division X,1
d102,c102,s112,p167,Kayunga,Ntenjeru,2018,Kangulumira Town Council,Kigayaza Ward,Kigayaza CU Primary School,Government,Female,Division X,1
d102,c102,s112,p166,Kayunga,Ntenjeru,2018,Kangulumira Town Council,Kangulumira Ward,New ABC Devine Foundation,Private,Male,Division 1,60
d102,c102,s112,p166,Kayunga,Ntenjeru,2018,Kangulumira Town Council,Kangulumira Ward,New ABC Devine Foundation,Private,Female,Division 1,14
d102,c102,s112,p166,Kayunga,Ntenjeru,2018,Kangulumira Town Council,Kangulumira Ward,New ABC Devine Foundation,Private,Male,Division 2,58
d102,c102,s112,p166,Kayunga,Ntenjeru,2018,Kangulumira Town Council,Kangulumira Ward,New ABC Devine Foundation,Private,Female,Division 2,40
d102,c102,s112,p166,Kayunga,Ntenjeru,2018,Kangulumira Town Council,Kangulumira Ward,New ABC Devine Foundation,Private,Male,Division 3,2
d102,c102,s112,p166,Kayunga,Ntenjeru,2018,Kangulumira Town Council,Kangulumira Ward,New ABC Devine Foundation,Private,Female,Division 3,2
d102,c102,s112,p166,Kayunga,Ntenjeru,2018,Kangulumira Town Council,Kangulumira Ward,New ABC Devine Foundation,Private,Male,Division 4,2
d102,c102,s112,p166,Kayunga,Ntenjeru,2018,Kangulumira Town Council,Kangulumira Ward,New ABC Devine Foundation,Private,Female,Division 4,2
d102,c102,s112,p166,Kayunga,Ntenjeru,2018,Kangulumira Town Council,Kangulumira Ward,New ABC Devine Foundation,Private,Male,Division U,0
d102,c102,s112,p166,Kayunga,Ntenjeru,2018,Kangulumira Town Council,Kangulumira Ward,New ABC Devine Foundation,Private,Female,Division U,0
d102,c102,s112,p166,Kayunga,Ntenjeru,2018,Kangulumira Town Council,Kangulumira Ward,New ABC Devine Foundation,Private,Male,Division X,0
d102,c102,s112,p166,Kayunga,Ntenjeru,2018,Kangulumira Town Council,Kangulumira Ward,New ABC Devine Foundation,Private,Female,Division X,0
d102,c102,s112,p168,Kayunga,Ntenjeru,2018,Kangulumira Town Council,Nakatundu Ward,Nongo CU Primary School Kangulumira,Government,Male,Division 1,0
d102,c102,s112,p168,Kayunga,Ntenjeru,2018,Kangulumira Town Council,Nakatundu Ward,Nongo CU Primary School Kangulumira,Government,Female,Division 1,3
d102,c102,s112,p168,Kayunga,Ntenjeru,2018,Kangulumira Town Council,Nakatundu Ward,Nongo CU Primary School Kangulumira,Government,Male,Division 2,20
d102,c102,s112,p168,Kayunga,Ntenjeru,2018,Kangulumira Town Council,Nakatundu Ward,Nongo CU Primary School Kangulumira,Government,Female,Division 2,14
d102,c102,s112,p168,Kayunga,Ntenjeru,2018,Kangulumira Town Council,Nakatundu Ward,Nongo CU Primary School Kangulumira,Government,Male,Division 3,13
d102,c102,s112,p168,Kayunga,Ntenjeru,2018,Kangulumira Town Council,Nakatundu Ward,Nongo CU Primary School Kangulumira,Government,Female,Division 3,13
d102,c102,s112,p168,Kayunga,Ntenjeru,2018,Kangulumira Town Council,Nakatundu Ward,Nongo CU Primary School Kangulumira,Government,Male,Division 4,10
d102,c102,s112,p168,Kayunga,Ntenjeru,2018,Kangulumira Town Council,Nakatundu Ward,Nongo CU Primary School Kangulumira,Government,Female,Division 4,12
d102,c102,s112,p168,Kayunga,Ntenjeru,2018,Kangulumira Town Council,Nakatundu Ward,Nongo CU Primary School Kangulumira,Government,Male,Division U,16
d102,c102,s112,p168,Kayunga,Ntenjeru,2018,Kangulumira Town Council,Nakatundu Ward,Nongo CU Primary School Kangulumira,Government,Female,Division U,20
d102,c102,s112,p168,Kayunga,Ntenjeru,2018,Kangulumira Town Council,Nakatundu Ward,Nongo CU Primary School Kangulumira,Government,Male,Division X,3
d102,c102,s112,p168,Kayunga,Ntenjeru,2018,Kangulumira Town Council,Nakatundu Ward,Nongo CU Primary School Kangulumira,Government,Female,Division X,2
d102,c102,s112,p168,Kayunga,Ntenjeru,2018,Kangulumira Town Council,Nakatundu Ward,St Marys Child Empowerment Primary School,Private,Male,Division 1,3
d102,c102,s112,p168,Kayunga,Ntenjeru,2018,Kangulumira Town Council,Nakatundu Ward,St Marys Child Empowerment Primary School,Private,Female,Division 1,3
d102,c102,s112,p168,Kayunga,Ntenjeru,2018,Kangulumira Town Council,Nakatundu Ward,St Marys Child Empowerment Primary School,Private,Male,Division 2,5
d102,c102,s112,p168,Kayunga,Ntenjeru,2018,Kangulumira Town Council,Nakatundu Ward,St Marys Child Empowerment Primary School,Private,Female,Division 2,5
d102,c102,s112,p168,Kayunga,Ntenjeru,2018,Kangulumira Town Council,Nakatundu Ward,St Marys Child Empowerment Primary School,Private,Male,Division 3,2
d102,c102,s112,p168,Kayunga,Ntenjeru,2018,Kangulumira Town Council,Nakatundu Ward,St Marys Child Empowerment Primary School,Private,Female,Division 3,1
d102,c102,s112,p168,Kayunga,Ntenjeru,2018,Kangulumira Town Council,Nakatundu Ward,St Marys Child Empowerment Primary School,Private,Male,Division 4,3
d102,c102,s112,p168,Kayunga,Ntenjeru,2018,Kangulumira Town Council,Nakatundu Ward,St Marys Child Empowerment Primary School,Private,Female,Division 4,2
d102,c102,s112,p168,Kayunga,Ntenjeru,2018,Kangulumira Town Council,Nakatundu Ward,St Marys Child Empowerment Primary School,Private,Male,Division U,0
d102,c102,s112,p168,Kayunga,Ntenjeru,2018,Kangulumira Town Council,Nakatundu Ward,St Marys Child Empowerment Primary School,Private,Female,Division U,0
d102,c102,s112,p168,Kayunga,Ntenjeru,2018,Kangulumira Town Council,Nakatundu Ward,St Marys Child Empowerment Primary School,Private,Male,Division X,0
d102,c102,s112,p168,Kayunga,Ntenjeru,2018,Kangulumira Town Council,Nakatundu Ward,St Marys Child Empowerment Primary School,Private,Female,Division X,0
d102,c101,s113,p171,Kayunga,Bbaale,2018,Kitimbwa Town Council,Wabuyinja Ward,Kitimbwa CU Primary School,Government,Male,Division 1,0
d102,c101,s113,p171,Kayunga,Bbaale,2018,Kitimbwa Town Council,Wabuyinja Ward,Kitimbwa CU Primary School,Government,Female,Division 1,0
d102,c101,s113,p171,Kayunga,Bbaale,2018,Kitimbwa Town Council,Wabuyinja Ward,Kitimbwa CU Primary School,Government,Male,Division 2,4
d102,c101,s113,p171,Kayunga,Bbaale,2018,Kitimbwa Town Council,Wabuyinja Ward,Kitimbwa CU Primary School,Government,Female,Division 2,3
d102,c101,s113,p171,Kayunga,Bbaale,2018,Kitimbwa Town Council,Wabuyinja Ward,Kitimbwa CU Primary School,Government,Male,Division 3,10
d102,c101,s113,p171,Kayunga,Bbaale,2018,Kitimbwa Town Council,Wabuyinja Ward,Kitimbwa CU Primary School,Government,Female,Division 3,3
d102,c101,s113,p171,Kayunga,Bbaale,2018,Kitimbwa Town Council,Wabuyinja Ward,Kitimbwa CU Primary School,Government,Male,Division 4,4
d102,c101,s113,p171,Kayunga,Bbaale,2018,Kitimbwa Town Council,Wabuyinja Ward,Kitimbwa CU Primary School,Government,Female,Division 4,4
d102,c101,s113,p171,Kayunga,Bbaale,2018,Kitimbwa Town Council,Wabuyinja Ward,Kitimbwa CU Primary School,Government,Male,Division U,5
d102,c101,s113,p171,Kayunga,Bbaale,2018,Kitimbwa Town Council,Wabuyinja Ward,Kitimbwa CU Primary School,Government,Female,Division U,5
d102,c101,s113,p171,Kayunga,Bbaale,2018,Kitimbwa Town Council,Wabuyinja Ward,Kitimbwa CU Primary School,Government,Male,Division X,0
d102,c101,s113,p171,Kayunga,Bbaale,2018,Kitimbwa Town Council,Wabuyinja Ward,Kitimbwa CU Primary School,Government,Female,Division X,0
d102,c101,s113,p171,Kayunga,Bbaale,2018,Kitimbwa Town Council,Wabuyinja Ward,Kitimbwa Light SDA Primary School,Government,Male,Division 1,0
d102,c101,s113,p171,Kayunga,Bbaale,2018,Kitimbwa Town Council,Wabuyinja Ward,Kitimbwa Light SDA Primary School,Government,Female,Division 1,0
d102,c101,s113,p171,Kayunga,Bbaale,2018,Kitimbwa Town Council,Wabuyinja Ward,Kitimbwa Light SDA Primary School,Government,Male,Division 2,0
d102,c101,s113,p171,Kayunga,Bbaale,2018,Kitimbwa Town Council,Wabuyinja Ward,Kitimbwa Light SDA Primary School,Government,Female,Division 2,0
d102,c101,s113,p171,Kayunga,Bbaale,2018,Kitimbwa Town Council,Wabuyinja Ward,Kitimbwa Light SDA Primary School,Government,Male,Division 3,20
d102,c101,s113,p171,Kayunga,Bbaale,2018,Kitimbwa Town Council,Wabuyinja Ward,Kitimbwa Light SDA Primary School,Government,Female,Division 3,19
d102,c101,s113,p171,Kayunga,Bbaale,2018,Kitimbwa Town Council,Wabuyinja Ward,Kitimbwa Light SDA Primary School,Government,Male,Division 4,8
d102,c101,s113,p171,Kayunga,Bbaale,2018,Kitimbwa Town Council,Wabuyinja Ward,Kitimbwa Light SDA Primary School,Government,Female,Division 4,10
d102,c101,s113,p171,Kayunga,Bbaale,2018,Kitimbwa Town Council,Wabuyinja Ward,Kitimbwa Light SDA Primary School,Government,Male,Division U,2
d102,c101,s113,p171,Kayunga,Bbaale,2018,Kitimbwa Town Council,Wabuyinja Ward,Kitimbwa Light SDA Primary School,Government,Female,Division U,2
d102,c101,s113,p171,Kayunga,Bbaale,2018,Kitimbwa Town Council,Wabuyinja Ward,Kitimbwa Light SDA Primary School,Government,Male,Division X,0
d102,c101,s113,p171,Kayunga,Bbaale,2018,Kitimbwa Town Council,Wabuyinja Ward,Kitimbwa Light SDA Primary School,Government,Female,Division X,0
d102,c101,s113,p171,Kayunga,Bbaale,2018,Kitimbwa Town Council,Wabuyinja Ward,Kitimbwa RC Primary School,Government,Male,Division 1,0
d102,c101,s113,p171,Kayunga,Bbaale,2018,Kitimbwa Town Council,Wabuyinja Ward,Kitimbwa RC Primary School,Government,Female,Division 1,0
d102,c101,s113,p171,Kayunga,Bbaale,2018,Kitimbwa Town Council,Wabuyinja Ward,Kitimbwa RC Primary School,Government,Male,Division 2,8
d102,c101,s113,p171,Kayunga,Bbaale,2018,Kitimbwa Town Council,Wabuyinja Ward,Kitimbwa RC Primary School,Government,Female,Division 2,8
d102,c101,s113,p171,Kayunga,Bbaale,2018,Kitimbwa Town Council,Wabuyinja Ward,Kitimbwa RC Primary School,Government,Male,Division 3,9
d102,c101,s113,p171,Kayunga,Bbaale,2018,Kitimbwa Town Council,Wabuyinja Ward,Kitimbwa RC Primary School,Government,Female,Division 3,9
d102,c101,s113,p171,Kayunga,Bbaale,2018,Kitimbwa Town Council,Wabuyinja Ward,Kitimbwa RC Primary School,Government,Male,Division 4,4
d102,c101,s113,p171,Kayunga,Bbaale,2018,Kitimbwa Town Council,Wabuyinja Ward,Kitimbwa RC Primary School,Government,Female,Division 4,8
d102,c101,s113,p171,Kayunga,Bbaale,2018,Kitimbwa Town Council,Wabuyinja Ward,Kitimbwa RC Primary School,Government,Male,Division U,0
d102,c101,s113,p171,Kayunga,Bbaale,2018,Kitimbwa Town Council,Wabuyinja Ward,Kitimbwa RC Primary School,Government,Female,Division U,1
d102,c101,s113,p171,Kayunga,Bbaale,2018,Kitimbwa Town Council,Wabuyinja Ward,Kitimbwa RC Primary School,Government,Male,Division X,1
d102,c101,s113,p171,Kayunga,Bbaale,2018,Kitimbwa Town Council,Wabuyinja Ward,Kitimbwa RC Primary School,Government,Female,Division X,0
d102,c101,s113,p171,Kayunga,Bbaale,2018,Kitimbwa Town Council,Wabuyinja Ward,Kitimbwa UMEA Primary School,Government,Male,Division 1,0
d102,c101,s113,p171,Kayunga,Bbaale,2018,Kitimbwa Town Council,Wabuyinja Ward,Kitimbwa UMEA Primary School,Government,Female,Division 1,0
d102,c101,s113,p171,Kayunga,Bbaale,2018,Kitimbwa Town Council,Wabuyinja Ward,Kitimbwa UMEA Primary School,Government,Male,Division 2,12
d102,c101,s113,p171,Kayunga,Bbaale,2018,Kitimbwa Town Council,Wabuyinja Ward,Kitimbwa UMEA Primary School,Government,Female,Division 2,5
d102,c101,s113,p171,Kayunga,Bbaale,2018,Kitimbwa Town Council,Wabuyinja Ward,Kitimbwa UMEA Primary School,Government,Male,Division 3,2
d102,c101,s113,p171,Kayunga,Bbaale,2018,Kitimbwa Town Council,Wabuyinja Ward,Kitimbwa UMEA Primary School,Government,Female,Division 3,2
d102,c101,s113,p171,Kayunga,Bbaale,2018,Kitimbwa Town Council,Wabuyinja Ward,Kitimbwa UMEA Primary School,Government,Male,Division 4,3
d102,c101,s113,p171,Kayunga,Bbaale,2018,Kitimbwa Town Council,Wabuyinja Ward,Kitimbwa UMEA Primary School,Government,Female,Division 4,3
d102,c101,s113,p171,Kayunga,Bbaale,2018,Kitimbwa Town Council,Wabuyinja Ward,Kitimbwa UMEA Primary School,Government,Male,Division U,3
d102,c101,s113,p171,Kayunga,Bbaale,2018,Kitimbwa Town Council,Wabuyinja Ward,Kitimbwa UMEA Primary School,Government,Female,Division U,0
d102,c101,s113,p171,Kayunga,Bbaale,2018,Kitimbwa Town Council,Wabuyinja Ward,Kitimbwa UMEA Primary School,Government,Male,Division X,1
d102,c101,s113,p171,Kayunga,Bbaale,2018,Kitimbwa Town Council,Wabuyinja Ward,Kitimbwa UMEA Primary School,Government,Female,Division X,1
d102,c101,s113,p169,Kayunga,Bbaale,2018,Kitimbwa Town Council,Kyerima Ward,Kyerima CU Primary School,Government,Male,Division 1,1
d102,c101,s113,p169,Kayunga,Bbaale,2018,Kitimbwa Town Council,Kyerima Ward,Kyerima CU Primary School,Government,Female,Division 1,1
d102,c101,s113,p169,Kayunga,Bbaale,2018,Kitimbwa Town Council,Kyerima Ward,Kyerima CU Primary School,Government,Male,Division 2,12
d102,c101,s113,p169,Kayunga,Bbaale,2018,Kitimbwa Town Council,Kyerima Ward,Kyerima CU Primary School,Government,Female,Division 2,7
d102,c101,s113,p169,Kayunga,Bbaale,2018,Kitimbwa Town Council,Kyerima Ward,Kyerima CU Primary School,Government,Male,Division 3,10
d102,c101,s113,p169,Kayunga,Bbaale,2018,Kitimbwa Town Council,Kyerima Ward,Kyerima CU Primary School,Government,Female,Division 3,20
d102,c101,s113,p169,Kayunga,Bbaale,2018,Kitimbwa Town Council,Kyerima Ward,Kyerima CU Primary School,Government,Male,Division 4,6
d102,c101,s113,p169,Kayunga,Bbaale,2018,Kitimbwa Town Council,Kyerima Ward,Kyerima CU Primary School,Government,Female,Division 4,5
d102,c101,s113,p169,Kayunga,Bbaale,2018,Kitimbwa Town Council,Kyerima Ward,Kyerima CU Primary School,Government,Male,Division U,0
d102,c101,s113,p169,Kayunga,Bbaale,2018,Kitimbwa Town Council,Kyerima Ward,Kyerima CU Primary School,Government,Female,Division U,2
d102,c101,s113,p169,Kayunga,Bbaale,2018,Kitimbwa Town Council,Kyerima Ward,Kyerima CU Primary School,Government,Male,Division X,0
d102,c101,s113,p169,Kayunga,Bbaale,2018,Kitimbwa Town Council,Kyerima Ward,Kyerima CU Primary School,Government,Female,Division X,0
d102,c101,s113,p169,Kayunga,Bbaale,2018,Kitimbwa Town Council,Kyerima Ward,Kyerima UMEA Primary School,Government,Male,Division 1,0
d102,c101,s113,p169,Kayunga,Bbaale,2018,Kitimbwa Town Council,Kyerima Ward,Kyerima UMEA Primary School,Government,Female,Division 1,0
d102,c101,s113,p169,Kayunga,Bbaale,2018,Kitimbwa Town Council,Kyerima Ward,Kyerima UMEA Primary School,Government,Male,Division 2,10
d102,c101,s113,p169,Kayunga,Bbaale,2018,Kitimbwa Town Council,Kyerima Ward,Kyerima UMEA Primary School,Government,Female,Division 2,13
d102,c101,s113,p169,Kayunga,Bbaale,2018,Kitimbwa Town Council,Kyerima Ward,Kyerima UMEA Primary School,Government,Male,Division 3,7
d102,c101,s113,p169,Kayunga,Bbaale,2018,Kitimbwa Town Council,Kyerima Ward,Kyerima UMEA Primary School,Government,Female,Division 3,5
d102,c101,s113,p169,Kayunga,Bbaale,2018,Kitimbwa Town Council,Kyerima Ward,Kyerima UMEA Primary School,Government,Male,Division 4,3
d102,c101,s113,p169,Kayunga,Bbaale,2018,Kitimbwa Town Council,Kyerima Ward,Kyerima UMEA Primary School,Government,Female,Division 4,0
d102,c101,s113,p169,Kayunga,Bbaale,2018,Kitimbwa Town Council,Kyerima Ward,Kyerima UMEA Primary School,Government,Male,Division U,0
d102,c101,s113,p169,Kayunga,Bbaale,2018,Kitimbwa Town Council,Kyerima Ward,Kyerima UMEA Primary School,Government,Female,Division U,0
d102,c101,s113,p169,Kayunga,Bbaale,2018,Kitimbwa Town Council,Kyerima Ward,Kyerima UMEA Primary School,Government,Male,Division X,0
d102,c101,s113,p169,Kayunga,Bbaale,2018,Kitimbwa Town Council,Kyerima Ward,Kyerima UMEA Primary School,Government,Female,Division X,0
d102,c101,s113,p171,Kayunga,Bbaale,2018,Kitimbwa Town Council,Wabuyinja Ward,Kyetume High Primary School,Government,Male,Division 1,0
d102,c101,s113,p171,Kayunga,Bbaale,2018,Kitimbwa Town Council,Wabuyinja Ward,Kyetume High Primary School,Government,Female,Division 1,1
d102,c101,s113,p171,Kayunga,Bbaale,2018,Kitimbwa Town Council,Wabuyinja Ward,Kyetume High Primary School,Government,Male,Division 2,14
d102,c101,s113,p171,Kayunga,Bbaale,2018,Kitimbwa Town Council,Wabuyinja Ward,Kyetume High Primary School,Government,Female,Division 2,10
d102,c101,s113,p171,Kayunga,Bbaale,2018,Kitimbwa Town Council,Wabuyinja Ward,Kyetume High Primary School,Government,Male,Division 3,6
d102,c101,s113,p171,Kayunga,Bbaale,2018,Kitimbwa Town Council,Wabuyinja Ward,Kyetume High Primary School,Government,Female,Division 3,10
d102,c101,s113,p171,Kayunga,Bbaale,2018,Kitimbwa Town Council,Wabuyinja Ward,Kyetume High Primary School,Government,Male,Division 4,7
d102,c101,s113,p171,Kayunga,Bbaale,2018,Kitimbwa Town Council,Wabuyinja Ward,Kyetume High Primary School,Government,Female,Division 4,7
d102,c101,s113,p171,Kayunga,Bbaale,2018,Kitimbwa Town Council,Wabuyinja Ward,Kyetume High Primary School,Government,Male,Division U,7
d102,c101,s113,p171,Kayunga,Bbaale,2018,Kitimbwa Town Council,Wabuyinja Ward,Kyetume High Primary School,Government,Female,Division U,7
d102,c101,s113,p171,Kayunga,Bbaale,2018,Kitimbwa Town Council,Wabuyinja Ward,Kyetume High Primary School,Government,Male,Division X,3
d102,c101,s113,p171,Kayunga,Bbaale,2018,Kitimbwa Town Council,Wabuyinja Ward,Kyetume High Primary School,Government,Female,Division X,2
